tree
version=v4
num_class=1
num_tree_per_iteration=1
label_index=0
max_feature_idx=13
objective=regression
feature_names=forecast_low forecast_high forecast_diurnal_range day_sin day_cos forecast_precip forecast_wind forecast_radiation forecast_evap lag_low_1d lag_low_2d roll_low_7d_mean roll_low_14d_mean roll_low_7d_std
feature_infos=[30.5:90.900000000000006] [54.5:116.59999999999999] [8.3999999999999986:42.700000000000003] [-0.99999942202469239:0.99998555065071859] [-0.99997919295908244:0.9999907524084426] [0:1.3779999999999999] [4.2999999999999998:37.100000000000001] [1057:9149] [0.032000000000000001:0.501] [-5.7999999999999972:12.700000000000005] [-5.7999999999999972:12.700000000000005] [2.128571428571429:9.1142857142857139] [3.3571428571428581:8.4285714285714288] [0.37161167647862381:5.1645771504409828]
tree_sizes=1071 1141 1139 1062 1062 1057 977 1064 1061 1063 978 1149 1064 1061 1154 1073 1066 1154 1066 1066 1066 985 1073 990 1073 1074 1070 992 995 989 1076 1069 1073 1134 1151 1136 969 1049 1077 1068 1074 986 988 1077 1153

Tree=0
num_leaves=12
num_cat=0
split_feature=2 4 9 0 9 12 1 6 4 7 2
split_gain=520.54 138.18 123.427 61.1678 58.319 43.088 26.5348 29.5973 26.1618 25.2733 11.8398
threshold=24.099999999999998 0.77652048701313048 4.049999999999998 46.150000000000013 5.2500000000000009 6.1107142857142875 102.95000000000002 8.4500000000000011 0.41202506375868281 7690.5000000000009 30.550000000000004
decision_type=2 2 2 2 2 2 2 2 2 2 2
left_child=2 4 -1 -3 -2 -4 7 8 -6 -9 -8
right_child=1 3 5 -5 6 -7 10 9 -10 -11 -12
leaf_value=5.8829826233703617 6.1391648595013368 6.158706405254204 5.9937269842450878 6.0262451290182817 6.2843793915951647 6.1084615629680963 6.2314688407596295 6.1336404508634352 6.1938077883602451 6.2203617174804977 6.2875751627185865
leaf_weight=37 59 42 37 39 37 39 48 44 37 35 40
leaf_count=37 59 42 37 39 37 39 48 44 37 35 40
internal_value=6.14062 6.1832 5.99706 6.09493 6.20703 6.0526 6.22365 6.20448 6.23909 6.17206 6.25697
internal_weight=494 381 113 81 300 76 241 153 74 79 88
internal_count=494 381 113 81 300 76 241 153 74 79 88
is_linear=0
shrinkage=1


Tree=1
num_leaves=12
num_cat=0
split_feature=2 7 9 9 12 0 3 12 2 0 11
split_gain=444.268 119.836 105.342 69.0322 36.7745 33.3408 31.2418 24.1165 19.8521 13.8851 13.4361
threshold=24.099999999999998 4173.5000000000009 4.049999999999998 5.650000000000003 6.1107142857142875 46.350000000000001 0.45273815774107123 6.2178571428571443 30.550000000000004 58.45000000000001 5.6071428571428577
decision_type=2 2 2 2 2 2 2 2 2 2 2
left_child=2 5 -1 10 -4 -2 8 -8 -5 -9 -3
right_child=1 3 4 6 -6 -7 7 9 -10 -11 -12
leaf_value=-0.23707184460764769 0.0030381461998220424 -0.036897725195104966 -0.13476205044799086 0.076637684178320231 -0.028765944260504543 -0.099244620157074359 8.9836890403500739e-05 0.10982640881355356 0.13662687433343421 0.042456947070981521 0.028904784726979962
leaf_weight=37 38 36 37 64 39 36 36 36 64 35 36
leaf_count=37 38 36 37 64 39 36 36 36 64 35 36
internal_value=0.00094548 0.0402804 -0.131679 0.0612515 -0.0803695 -0.0467211 0.0812423 0.0508691 0.106632 0.0766163 -0.00399645
internal_weight=494 381 113 307 76 74 235 107 128 71 72
internal_count=494 381 113 307 76 74 235 107 128 71 72
is_linear=0
shrinkage=0.0761627


Tree=2
num_leaves=12
num_cat=0
split_feature=2 4 9 0 9 12 13 2 3 11 11
split_gain=379.172 104.192 89.9071 46.3259 42.744 31.3862 22.0878 24.8024 27.7981 15.3111 10.7303
threshold=24.099999999999998 0.77652048701313048 4.049999999999998 46.150000000000013 5.2500000000000009 6.1107142857142875 2.028898363148246 30.650000000000006 0.49812943072827087 5.8642857142857148 7.3071428571428596
decision_type=2 2 2 2 2 2 2 2 2 2 2
left_child=2 4 -1 -3 -2 -4 7 10 -9 -8 -6
right_child=1 3 5 -5 6 -7 9 8 -10 -11 -12
leaf_value=-0.21901586365377954 -0.00019518844644139175 0.016065269294048262 -0.12449823732770232 -0.099210896062345066 -0.004503321617611405 -0.026575058980128789 0.071940564768265561 0.12308104187675305 0.040170342706321742 0.14268499699001991 0.052752665341674575
leaf_weight=37 59 42 37 39 37 39 35 49 45 36 39
leaf_count=37 59 42 37 39 37 39 35 49 45 36 39
internal_value=0.000873469 0.0372126 -0.12165 -0.0394381 0.0579083 -0.0742483 0.0721327 0.0572317 0.0833899 0.107811 0.0248781
internal_weight=494 381 113 81 300 76 241 170 94 71 76
internal_count=494 381 113 81 300 76 241 170 94 71 76
is_linear=0
shrinkage=0.0761627


Tree=3
num_leaves=11
num_cat=0
split_feature=2 12 9 7 4 4 4 2 6 2
split_gain=203.419 91.3145 35.5683 31.1648 31.3325 27.8594 18.8686 13.6315 12.9077 2.37668
threshold=24.699999999999999 6.6071428571428585 4.7500000000000009 3652.0000000000005 -0.43733099657705288 0.49626980634301182 0.36447543099728857 30.750000000000007 10.550000000000002 33.350000000000016
decision_type=2 2 2 2 2 2 2 2 2 2
left_child=3 2 -2 -1 -5 8 7 -3 -4 -9
right_child=1 6 5 4 -6 -7 -8 9 -10 -11
leaf_value=-0.14034680664363303 -0.050943762938434993 0.061249677424013341 0.081907718428003706 -0.10255145535101873 -0.011083549926810808 -0.016800024713575615 0.027102967713800098 0.097402424467841517 0.021622850670767739 0.12491246123743073
leaf_weight=35 57 54 38 42 45 67 35 35 45 38
leaf_count=35 57 54 38 42 45 67 35 35 45 38
internal_value=0.00560065 0.0337886 0.000271148 -0.0796564 -0.0552406 0.0197328 0.0766165 0.0902619 0.0492232 0.111723
internal_weight=491 369 207 122 87 150 162 127 83 73
internal_count=491 369 207 122 87 150 162 127 83 73
is_linear=0
shrinkage=0.0761627


Tree=4
num_leaves=11
num_cat=0
split_feature=2 12 9 6 2 7 10 4 2 2
split_gain=173.613 77.9347 30.3567 27.1901 31.8014 23.9749 19.1617 16.1039 11.6342 2.02844
threshold=24.699999999999999 6.6071428571428585 4.7500000000000009 12.450000000000001 21.750000000000004 4211.5000000000009 6.650000000000003 0.36447543099728857 30.750000000000007 33.350000000000016
decision_type=2 2 2 2 2 2 2 2 2 2
left_child=3 2 -2 4 -1 -4 -7 8 -3 -10
right_child=1 7 5 -5 -6 6 -8 -9 9 -11
leaf_value=-0.14939131834358399 -0.047063755075337908 0.056584744266564471 -0.036963770175722548 -0.026556001551897662 -0.051490179201803647 0.0042079526712805772 0.066388790867628611 0.025038738291821065 0.089984015745741233 0.11539882068559262
leaf_weight=39 57 54 35 45 38 58 57 35 35 38
leaf_count=39 57 54 35 45 38 58 57 35 35 38
internal_value=0.00517409 0.0312152 0.000250498 -0.0735896 -0.101077 0.0182299 0.0350281 0.0707812 0.0833874 0.103214
internal_weight=491 369 207 122 77 150 115 162 127 73
internal_count=491 369 207 122 77 150 115 162 127 73
is_linear=0
shrinkage=0.0761627


Tree=5
num_leaves=11
num_cat=0
split_feature=2 4 9 7 9 0 3 6 9 11
split_gain=149.239 71.3671 39.1289 44.9148 37.2583 29.3484 15.7476 14.779 8.26952 19.8975
threshold=26.250000000000007 0.80290535434334509 3.6500000000000026 3871.0000000000005 5.650000000000003 79.550000000000011 0.62587949062545845 8.0500000000000025 7.049999999999998 7.2928571428571418
decision_type=2 2 2 2 2 2 2 2 2 2
left_child=2 4 -1 -4 -2 -5 8 -8 -6 -10
right_child=1 -3 3 5 6 -7 7 -9 9 -11
leaf_value=-0.12551641988535273 -0.0062703311772297782 -0.039690642700327163 -0.10698646938310542 0.034149637679475285 0.10948165111672502 -0.054183752696513245 0.079349381564478655 0.016039588198869761 0.026749127465843164 0.10177331056596887
leaf_weight=36 53 62 36 48 43 40 35 55 37 46
leaf_count=36 53 62 36 48 43 40 35 55 37 46
internal_value=0.00478002 0.0339737 -0.0556143 -0.0353201 0.0509521 -0.0060019 0.0649928 0.0406602 0.0823732 0.0683289
internal_weight=491 331 160 124 269 88 216 90 126 83
internal_count=491 331 160 124 269 88 216 90 126 83
is_linear=0
shrinkage=0.0761627


Tree=6
num_leaves=10
num_cat=0
split_feature=2 9 7 3 0 2 11 13 6
split_gain=288.025 49.2212 44.946 32.0762 58.6039 23.8142 23.4228 20.1864 7.46873
threshold=24.550000000000004 6.0999999999999988 7281.5000000000009 -0.83377653105606597 48.250000000000007 29.450000000000006 5.6071428571428577 2.1974545964175709 10.950000000000001
decision_type=2 2 2 2 2 2 2 2 2
left_child=1 -1 3 -2 7 -4 -6 -5 -7
right_child=2 -3 5 4 6 8 -8 -9 -10
leaf_value=-0.14440867088914922 0.059571122729466804 -0.048767986701680859 0.024796377250901246 0.01091476649287052 -0.091620270182836944 0.1172107677597867 -0.011092527977713334 0.082617756294931066 0.069934480530914014
leaf_weight=69 65 57 43 62 40 42 44 36 36
leaf_count=69 65 57 43 62 40 42 44 36 36
internal_value=-0.00175512 -0.101143 0.0322744 0.0136445 -0.00275784 0.0703038 -0.0494392 0.0372547 0.0953911
internal_weight=494 126 368 247 182 121 84 98 78
internal_count=494 126 368 247 182 121 84 98 78
is_linear=0
shrinkage=0.0761627


Tree=7
num_leaves=11
num_cat=0
split_feature=2 7 0 9 0 3 2 2 4 6
split_gain=245.908 44.6116 40.3112 34.1164 32.7564 55.0569 21.2347 13.6752 12.0149 6.37438
threshold=24.699999999999999 7281.5000000000009 68.050000000000011 5.9500000000000037 43.95000000000001 -0.83377653105606597 28.750000000000007 29.450000000000006 0.77652048701313048 10.950000000000001
decision_type=2 2 2 2 2 2 2 2 2 2
left_child=2 4 3 -1 -2 -6 -7 -3 -8 -9
right_child=1 7 -4 -5 5 6 8 9 -10 -11
leaf_value=-0.10426418707744961 0.069516700631340314 0.033351918159604213 -0.13976383332347589 -0.0041546398358053814 0.056584021545591841 -0.080386978413895929 0.010250055068775705 0.10828370219888356 -0.045111803386534567 0.064608098147960369
leaf_weight=40 47 40 55 39 64 35 59 42 37 36
leaf_count=40 47 40 55 39 64 35 59 42 37 36
internal_value=-0.00162144 0.0311629 -0.0896987 -0.0548431 0.0124411 -0.00131567 -0.0296026 0.0695585 -0.0110873 0.0881259
internal_weight=494 360 134 79 242 195 131 118 96 78
internal_count=494 360 134 79 242 195 131 118 96 78
is_linear=0
shrinkage=0.0761627


Tree=8
num_leaves=11
num_cat=0
split_feature=2 9 12 13 2 0 9 10 12 2
split_gain=210.789 38.7916 33.6108 48.9424 38.422 11.9434 10.7417 13.1276 10.6758 3.97918
threshold=24.550000000000004 6.0999999999999988 6.2178571428571443 2.7050194936765943 29.250000000000007 54.050000000000004 5.549999999999998 6.650000000000003 6.9678571428571443 32.95000000000001
decision_type=2 2 2 2 2 2 2 2 2 2
left_child=1 -1 3 6 -4 -6 -2 -8 -7 -10
right_child=2 -3 4 -5 5 8 7 -9 9 -11
leaf_value=-0.12493148927998134 -0.04463280011415488 -0.040026088357611136 -0.010865208880110035 0.076846132866725647 0.10631839141548408 0.024921117238643889 -0.031503773677071807 0.031826123150897591 0.05570398518240316 0.091514490520858513
leaf_weight=69 56 57 47 40 36 41 39 37 36 36
leaf_count=69 56 57 47 40 36 41 39 37 36 36
internal_value=-0.00149795 -0.086522 0.0276136 0.00304261 0.0491758 0.0681149 -0.0193221 -0.000672089 0.0559438 0.0736094
internal_weight=494 126 368 172 196 149 132 76 113 72
internal_count=494 126 368 172 196 149 132 76 113 72
is_linear=0
shrinkage=0.0761627


Tree=9
num_leaves=11
num_cat=0
split_feature=2 12 2 1 2 9 4 4 2 1
split_gain=130.039 72.3939 29.2014 26.2818 19.0311 18.1134 9.80262 8.79311 11.4826 4.97507
threshold=21.750000000000004 5.7142857142857144 32.550000000000011 76.550000000000011 29.450000000000006 7.2500000000000009 -0.099822328936730778 -0.23537842981696172 33.750000000000014 101.25000000000001
decision_type=2 2 2 2 2 2 2 2 2 2
left_child=-1 2 3 -2 5 -3 -5 9 -9 -6
right_child=1 4 -4 6 7 -7 -8 8 -10 -11
leaf_value=-0.096970153911332957 0.0082626041777683137 0.0454848919951715 0.038754009515216861 -0.036538682625511416 0.10032613727090464 -0.017593335836186531 -0.090825549745725292 0.016046061728561656 0.072740144579416938 0.060268994172700027
leaf_weight=65 42 62 35 35 35 46 43 43 40 37
leaf_count=65 42 62 35 35 35 46 43 43 40 37
internal_value=0.00324585 0.0188297 -0.0224577 -0.0403111 0.0431626 0.0186182 -0.0664662 0.0602644 0.0433686 0.0797414
internal_weight=483 418 155 120 263 108 78 155 83 72
internal_count=483 418 155 120 263 108 78 155 83 72
is_linear=0
shrinkage=0.0761627


Tree=10
num_leaves=10
num_cat=0
split_feature=2 11 12 2 9 4 6 2 9
split_gain=113.144 54.4393 41.2571 22.7297 18.1119 15.5896 13.7753 17.4207 7.212
threshold=25.450000000000006 6.764285714285716 6.1642857142857155 21.550000000000001 4.7500000000000009 0.51113019672828186 12.050000000000002 30.450000000000006 7.049999999999998
decision_type=2 2 2 2 2 2 2 2 2
left_child=1 3 4 -1 -2 -6 7 -4 -9
right_child=2 -3 6 -5 5 -7 -8 8 -10
leaf_value=-0.11753183792702682 -0.04215669828190366 0.028706728369270847 0.0011073453946503712 -0.04754289254980338 0.04554993009359521 -0.012176353277480395 0.088393758903228217 0.085684277189473385 0.042180724711694095
leaf_weight=51 46 35 46 57 51 58 44 35 60
leaf_count=51 46 35 46 57 51 58 44 35 60
internal_value=0.00299864 -0.0538416 0.026905 -0.0805933 -0.00207994 0.0148332 0.0511896 0.0395797 0.0582084
internal_weight=483 143 340 108 155 109 185 141 95
internal_count=483 143 340 108 155 109 185 141 95
is_linear=0
shrinkage=0.0761627


Tree=11
num_leaves=12
num_cat=0
split_feature=2 11 12 6 4 6 11 4 6 2 4
split_gain=96.5655 46.4626 35.2119 21.968 40.1968 18.1617 31.9562 17.9285 11.7569 15.5316 15.2293
threshold=25.450000000000006 6.764285714285716 6.1642857142857155 12.550000000000002 0.21652257995689159 10.950000000000001 4.7785714285714294 0.87709077819680659 12.050000000000002 34.350000000000016 -0.23537842981696172
decision_type=2 2 2 2 2 2 2 2 2 2 2
left_child=1 3 5 4 -1 6 -2 -8 9 10 -4
right_child=2 -3 8 -5 -6 -7 7 -9 -10 -11 -12
leaf_value=-0.157372047732696 0.074574667005261455 0.026520353402736903 0.047811867932919527 -0.026871685619941663 -0.042746122898079511 -0.0439969932355848 0.020352991505534195 -0.053454480009095265 0.081661467706673194 0.076042619128459249 -0.011823811215227254
leaf_weight=35 35 35 54 37 36 43 42 35 44 41 46
leaf_count=35 35 35 54 37 36 43 42 35 44 41 46
internal_value=0.00277026 -0.0497408 0.0248558 -0.0744551 -0.099252 -0.00192153 0.0142325 -0.0131959 0.0472909 0.0365653 0.0203795
internal_weight=483 143 340 108 71 155 112 77 185 141 100
internal_count=483 143 340 108 71 155 112 77 185 141 100
is_linear=0
shrinkage=0.0761627


Tree=12
num_leaves=11
num_cat=0
split_feature=2 12 7 2 9 1 4 6 11 3
split_gain=80.3614 55.6764 21.5215 17.8913 17.956 12.0735 19.3262 11.5716 11.2568 7.25182
threshold=21.050000000000004 6.2178571428571443 7142.5000000000009 30.450000000000006 6.900000000000003 71.550000000000011 0.81304046271159414 9.9500000000000011 5.4714285714285724 0.27694220057652758
decision_type=2 2 2 2 2 2 2 2 2 2
left_child=-1 2 5 7 -5 -2 8 -3 -7 -6
right_child=1 3 -4 4 9 6 -8 -9 -10 -11
leaf_value=-0.080795636980598634 0.016177741098526443 -0.019202504132424632 0.03630568713477713 0.099976218295762781 0.065198883249787357 -0.033149792579253927 -0.067342048573349939 0.035416983608898757 0.018287777561233839 0.019996912651231435
leaf_weight=61 36 36 42 41 35 62 59 60 41 50
leaf_count=61 36 36 42 41 35 62 59 60 41 50
internal_value=0.00136636 0.0122146 -0.0132143 0.0397053 0.0585782 -0.0237186 -0.0325844 0.0149347 -0.0126746 0.0386096
internal_weight=523 462 240 222 126 198 162 96 103 85
internal_count=523 462 240 222 126 198 162 96 103 85
is_linear=0
shrinkage=0.0761627


Tree=13
num_leaves=11
num_cat=0
split_feature=2 12 7 2 9 1 4 6 11 11
split_gain=68.5865 47.5184 18.3681 15.2698 15.325 10.3045 16.4944 9.8761 9.60742 6.3369
threshold=21.050000000000004 6.2178571428571443 7142.5000000000009 30.450000000000006 6.900000000000003 71.550000000000011 0.81304046271159414 9.9500000000000011 5.4714285714285724 7.4357142857142877
decision_type=2 2 2 2 2 2 2 2 2 2
left_child=-1 2 5 7 -5 -2 8 -3 -7 -6
right_child=1 3 -4 4 9 6 -8 -9 -10 -11
leaf_value=-0.074642034970232432 0.014945604401745635 -0.017739994037971985 0.033540554605186734 0.092361778879338774 0.016062571464033022 -0.030625018606087847 -0.062213105035302571 0.032719535719160336 0.016894934635666308 0.057726019197504301
leaf_weight=61 36 36 42 41 45 62 59 60 41 40
leaf_count=61 36 36 42 41 45 62 59 60 41 40
internal_value=0.0012623 0.0112843 -0.0122079 0.0366813 0.0541167 -0.0219121 -0.0301027 0.0137972 -0.0117093 0.035669
internal_weight=523 462 240 222 126 198 162 96 103 85
internal_count=523 462 240 222 126 198 162 96 103 85
is_linear=0
shrinkage=0.0761627


Tree=14
num_leaves=12
num_cat=0
split_feature=12 2 2 3 3 6 9 10 1 4 11
split_gain=58.758 38.6534 22.0463 16.3392 31.3525 24.4204 14.6318 14.6748 8.90691 18.7455 4.88877
threshold=6.2178571428571443 21.349999999999998 22.450000000000006 -0.63921128368950708 -0.18492532721306484 9.9500000000000011 6.900000000000003 7.5999999999999988 104.15000000000002 0.17435360825960183 5.128571428571429
decision_type=2 2 2 2 2 2 2 2 2 2 2
left_child=1 -1 -2 -3 -5 10 7 -4 9 -8 -6
right_child=2 3 6 4 5 -7 8 -9 -10 -11 -12
leaf_value=-0.096795378330021747 -0.023979442984471154 0.032286000437573195 0.098768882727034199 -0.072513631580654617 -0.0059025455504594093 0.035775267898455303 0.064684027881683995 0.031810869644197458 -0.0055096084764001112 -0.006267834605989976 -0.042445796218815869
leaf_weight=36 40 40 37 51 35 57 54 39 44 36 54
leaf_count=36 40 40 37 51 35 57 54 39 44 36 54
internal_value=0.00116616 -0.0232633 0.0278431 -0.0120938 -0.021105 -0.00314707 0.0377141 0.064409 0.0225737 0.0363033 -0.0280749
internal_weight=523 273 250 237 197 146 210 76 134 90 89
internal_count=523 273 250 237 197 146 210 76 134 90 89
is_linear=0
shrinkage=0.0761627


Tree=15
num_leaves=11
num_cat=0
split_feature=9 2 6 6 13 7 13 13 12 10
split_gain=71.5006 26.1348 27.0163 20.4809 28.439 23.7606 12.606 13.356 10.6895 5.09064
threshold=2.9000000000000026 33.250000000000014 9.0500000000000025 15.850000000000003 1.9648094390393183 3669.5000000000005 1.1025938145804981 1.392753351263486 5.8750000000000009 6.3499999999999988
decision_type=2 2 2 2 2 2 2 2 2 2
left_child=-1 3 -3 4 5 -2 -7 -8 -6 -9
right_child=1 2 -4 -5 8 6 7 9 -10 -11
leaf_value=-0.094544421606850032 -0.071509325873508514 0.066562612983803365 -0.011496347818952805 -0.05465986958140108 0.010957292770253096 0.027933966021187612 -0.055504794255859392 -0.019695012392256878 0.06391184486618301 0.019993610959663139
leaf_weight=49 37 64 43 47 48 50 37 37 41 38
leaf_count=49 37 64 43 47 48 50 37 37 41 38
internal_value=-0.00725353 0.00242353 0.0351931 -0.00804318 -0.000435576 -0.0164412 -0.00386382 -0.0180593 0.0353522 0.000413866
internal_weight=491 442 107 335 288 199 162 112 89 75
internal_count=491 442 107 335 288 199 162 112 89 75
is_linear=0
shrinkage=0.0761627


Tree=16
num_leaves=11
num_cat=0
split_feature=9 0 7 3 0 3 4 2 8 0
split_gain=61.024 24.608 29.6628 22.3018 42.8889 42.7381 32.1308 17.3665 15.9012 13.507
threshold=2.9000000000000026 83.050000000000011 3652.0000000000005 -0.25205528343633249 63.250000000000007 -0.79384350655589164 0.054805126479326859 30.450000000000006 0.35250000000000004 49.100000000000009
decision_type=2 2 2 2 2 2 2 2 2 2
left_child=-1 2 -2 5 6 7 -5 -4 -6 -8
right_child=1 -3 3 4 8 -7 9 -9 -10 -11
leaf_value=-0.087343677777206682 -0.03790602704215211 -0.058111546283272301 -0.016702752627163916 0.078709437393595094 -0.082594240504966582 0.1125887574693154 0.026258297671919655 0.052215524186018186 -0.010981651233211575 -0.031100653966148705
leaf_weight=49 69 36 48 46 35 36 55 38 37 42
leaf_count=49 69 36 48 46 35 36 55 38 37 42
internal_value=-0.00670109 0.00223894 0.00759024 0.0169055 0.00214645 0.0429153 0.026284 0.0137495 -0.0457934 0.00142244
internal_weight=491 442 406 337 215 122 143 86 72 97
internal_count=491 442 406 337 215 122 143 86 72 97
is_linear=0
shrinkage=0.0761627


Tree=17
num_leaves=12
num_cat=0
split_feature=9 0 7 3 0 3 7 8 0 2 8
split_gain=52.0825 21.0024 25.7904 19.8216 37.0811 36.6337 27.3432 19.1617 15.2293 15.0174 13.5713
threshold=2.9000000000000026 83.050000000000011 3691.5000000000005 -0.25205528343633249 63.250000000000007 -0.8041866928211282 7419.5000000000009 0.11150000000000002 49.100000000000009 30.450000000000006 0.35250000000000004
decision_type=2 2 2 2 2 2 2 2 2 2 2
left_child=-1 2 7 5 6 9 8 -2 -5 -4 -6
right_child=1 -3 3 4 10 -7 -8 -9 -10 -11 -12
leaf_value=-0.080691361642799705 0.0051090808152988477 -0.053685627965709651 -0.015211361059009667 0.030823554220491222 -0.076303658585690437 0.10513723541752408 0.081103766414571427 -0.072403597016444679 -0.027858600454197965 0.050158592413947489 -0.010145261956429889
leaf_weight=49 37 36 47 58 35 36 37 37 46 36 37
leaf_count=49 37 36 47 58 35 36 37 37 46 36 37
internal_value=-0.00619072 0.00206842 0.00701215 0.0160748 0.0021648 0.0409725 0.0248732 -0.0336473 0.00486797 0.0131419 -0.0423057
internal_weight=491 442 406 332 213 119 141 74 104 83 72
internal_count=491 442 406 332 213 119 141 74 104 83 72
is_linear=0
shrinkage=0.0761627


Tree=18
num_leaves=11
num_cat=0
split_feature=2 10 13 13 10 2 12 10 12 4
split_gain=82.501 33.8018 30.9047 28.7356 18.9911 10.8829 10.2149 10.1372 9.55687 7.38218
threshold=25.650000000000002 6.0999999999999988 1.8180965187192035 2.3256847379271766 5.549999999999998 32.149999999999999 5.646428571428574 7.3499999999999988 7.3321428571428582 0.10623888086365081
decision_type=2 2 2 2 2 2 2 2 2 2
left_child=1 -1 -3 4 5 -2 -5 9 -9 -6
right_child=3 2 -4 6 7 -7 -8 8 -10 -11
leaf_value=-0.086176184523316976 -0.054168652166429673 0.039548577249985013 -0.061664161219060445 0.033537167631753677 0.062355419383220895 0.0050525499372509868 0.087300255816569111 0.022088446587309168 -0.026973746903664407 0.020722618917384045
leaf_weight=69 36 35 35 41 42 36 41 61 37 60
leaf_count=69 36 35 35 41 42 36 41 61 37 60
internal_value=0.00137447 -0.0483468 -0.0110578 0.0208978 0.00898337 -0.0245581 0.0604188 0.0210583 0.00356494 0.0378656
internal_weight=493 139 70 354 272 72 82 200 98 102
internal_count=493 139 70 354 272 72 82 200 98 102
is_linear=0
shrinkage=0.0761627


Tree=19
num_leaves=11
num_cat=0
split_feature=2 10 13 13 7 3 1 11 9 13
split_gain=70.4126 28.849 26.3764 24.5251 16.6507 15.2404 16.1072 11.0966 9.18578 3.7641
threshold=25.650000000000002 6.0999999999999988 1.8180965187192035 2.3256847379271766 7358.0000000000009 -0.72696319516528884 82.350000000000009 6.1785714285714297 6.9500000000000037 1.2835029845790416
decision_type=2 2 2 2 2 2 2 2 2 2
left_child=1 -1 -3 4 5 -2 7 -7 -5 -6
right_child=3 2 -4 8 9 6 -8 -9 -10 -11
leaf_value=-0.079612782999671006 0.027836200992418167 0.036536460943446265 -0.05696766719697903 0.077814933993809801 0.021486960062601843 0.024347398860487909 -0.05745852997012197 -0.031844774685005794 0.026277108521579873 0.053055353043513276
leaf_weight=69 57 35 35 47 50 47 43 36 35 39
leaf_count=69 57 35 35 47 50 47 43 36 35 39
internal_value=0.00126978 -0.0446646 -0.0102156 0.0193062 0.00829917 -0.00484229 -0.0196254 -2.5099e-05 0.0558172 0.0353204
internal_weight=493 139 70 354 272 183 126 83 82 89
internal_count=493 139 70 354 272 183 126 83 82 89
is_linear=0
shrinkage=0.0761627


Tree=20
num_leaves=11
num_cat=0
split_feature=2 0 2 7 12 6 12 13 2 12
split_gain=60.7454 29.2759 24.9091 23.1482 26.6118 20.5975 11.6416 13.3788 6.26756 5.42918
threshold=24.550000000000004 77.850000000000009 20.850000000000001 4841.0000000000009 5.3464285714285724 6.1500000000000012 4.8107142857142877 2.3256847379271766 29.950000000000006 6.8821428571428589
decision_type=2 2 2 2 2 2 2 2 2 2
left_child=1 2 -1 4 -2 -6 -5 8 -8 -10
right_child=3 -3 -4 6 5 -7 7 -9 9 -11
leaf_value=-0.066403261415356268 0.03316545729602325 -0.10293241353789886 0.019302280238690524 -0.010988462763401242 0.0032106070347512699 -0.076794032252945496 0.0062444735694617602 0.072756648845351268 0.015796421077343564 0.050033712598503734
leaf_weight=37 48 37 42 36 35 40 60 45 44 69
leaf_count=37 48 37 42 36 35 40 60 45 44 69
internal_value=0.00117308 -0.0470236 -0.0208383 0.0160028 -0.0111175 -0.0394586 0.0291359 0.0357619 0.026139 0.0367024
internal_weight=493 116 79 377 123 75 254 218 173 113
internal_count=493 116 79 377 123 75 254 218 173 113
is_linear=0
shrinkage=0.0761627


Tree=21
num_leaves=10
num_cat=0
split_feature=2 4 0 13 0 7 10 10 8
split_gain=22.1985 17.6388 22.954 26.2511 11.8562 13.9242 9.03757 9.51125 5.50077
threshold=36.300000000000011 -0.19337245081799001 79.000000000000014 2.0570425933187821 56.350000000000009 4940.5000000000009 4.400000000000003 6.2500000000000009 0.34150000000000008
decision_type=2 2 2 2 2 2 2 2 2
left_child=1 2 3 8 5 6 -3 -8 -1
right_child=-2 4 -4 -5 -6 -7 7 -9 -10
leaf_value=0.032643577383132949 0.064438493568174118 0.01278548535895585 -0.019150134018283901 0.091969936121726811 -0.03974253736075075 0.03137354625895445 -0.05733772014047931 -0.0084804284582042835 -0.0058652279354982871
leaf_weight=48 35 48 60 37 64 53 38 59 39
leaf_count=48 35 48 60 37 64 53 38 59 39
internal_value=0.00603157 0.00144805 0.0195219 0.0382342 -0.0112451 -0.00203373 -0.0142447 -0.0276205 0.015381
internal_weight=481 446 184 124 262 198 145 97 87
internal_count=481 446 184 124 262 198 145 97 87
is_linear=0
shrinkage=0.0761627


Tree=22
num_leaves=11
num_cat=0
split_feature=2 3 4 8 0 6 13 11 12 12
split_gain=18.9459 15.4391 16.1915 21.2283 14.4014 20.1566 17.5786 6.69569 5.42506 3.64438
threshold=36.300000000000011 0.97508442350096225 0.68274389090025245 0.11150000000000002 79.000000000000014 13.950000000000001 1.925394108966979 7.1500000000000021 5.3178571428571439 6.6000000000000005
decision_type=2 2 2 2 2 2 2 2 2 2
left_child=1 2 4 -4 5 6 7 9 -5 -1
right_child=-2 -3 3 8 -6 -7 -8 -9 -10 -11
leaf_value=0.00041645158709694482 0.05953069914914972 -0.045775769085749728 0.023678662810707657 -0.02030253625259501 -0.01743227418620779 0.074865878702913127 0.050330162751019661 0.017818008634885051 -0.061127653490497591 -0.033621425544542012
leaf_weight=37 35 37 45 35 61 38 55 61 41 36
leaf_count=37 35 37 45 35 61 38 55 61 41 36
internal_value=0.00557219 0.00133776 0.00559988 -0.0177792 0.0154224 0.0242512 0.0140746 -0.000806434 -0.0423267 -0.0163694
internal_weight=481 446 409 121 288 227 189 134 76 73
internal_count=481 446 409 121 288 227 189 134 76 73
is_linear=0
shrinkage=0.0761627


Tree=23
num_leaves=10
num_cat=0
split_feature=2 4 0 13 0 7 9 11 12
split_gain=16.1699 13.6001 17.1941 20.5758 10.4166 10.8919 8.24202 19.2317 5.30926
threshold=36.300000000000011 -0.19337245081799001 79.000000000000014 2.0570425933187821 56.350000000000009 4940.5000000000009 6.650000000000003 5.4214285714285708 7.2535714285714299
decision_type=2 2 2 2 2 2 2 2 2
left_child=1 2 3 8 5 6 7 -3 -1
right_child=-2 4 -4 -5 -6 -7 -8 -9 -10
leaf_value=0.028876473014265467 0.054996693289468081 -0.029722574178060162 -0.016363923226117131 0.080875287399064688 -0.036621094198712414 0.028270801664406563 -0.038714248616765028 0.037832881341013321 -0.0093251569842714294
leaf_weight=51 35 55 60 37 64 53 46 44 36
leaf_count=51 35 55 60 37 64 53 46 44 36
internal_value=0.0051478 0.00123587 0.0171063 0.0333015 -0.00990974 -0.00127574 -0.0120755 0.000302064 0.0130689
internal_weight=481 446 184 124 262 198 145 99 87
internal_count=481 446 184 124 262 198 145 99 87
is_linear=0
shrinkage=0.0761627


Tree=24
num_leaves=11
num_cat=0
split_feature=2 4 3 7 0 7 7 8 12 0
split_gain=52.2832 25.1786 20.6195 19.0757 22.3519 17.4445 10.6699 10.1282 9.77362 7.2873
threshold=22.100000000000001 0.19969739736768835 -0.91597725483594616 7690.5000000000009 50.350000000000001 8427.5000000000018 5410.5000000000009 0.11750000000000001 6.2178571428571443 63.45000000000001
decision_type=2 2 2 2 2 2 2 2 2 2
left_child=1 -1 -2 4 7 -5 -6 -4 -9 -8
right_child=2 -3 3 5 6 -7 9 8 -10 -11
leaf_value=-0.10279460620068158 0.053121594541988747 -0.019607283609239655 0.045997605705845289 0.058926330384390532 -0.068325246867106351 -0.0020142519934806041 0.0071886886201089906 -0.018305283114947595 0.031482659383929933 -0.037751814833887218
leaf_weight=39 51 46 36 54 36 55 36 66 35 50
leaf_count=39 51 46 36 54 36 55 36 66 35 50
internal_value=-0.00331218 -0.0577757 0.00773651 0.00144671 -0.00980251 0.0281765 -0.0335124 0.0113114 -0.001052 -0.0189395
internal_weight=504 85 419 368 259 109 122 137 101 86
internal_count=504 85 419 368 259 109 122 137 101 86
is_linear=0
shrinkage=0.0761627


Tree=25
num_leaves=11
num_cat=0
split_feature=2 0 3 7 0 12 13 10 9 12
split_gain=44.6225 22.3317 17.5983 16.2807 19.5425 15.449 8.49061 15.079 12.3249 10.7878
threshold=22.100000000000001 54.45000000000001 -0.91597725483594616 7690.5000000000009 43.70000000000001 6.9500000000000002 1.2835029845790416 7.4500000000000037 4.7500000000000009 6.0857142857142863
decision_type=2 2 2 2 2 2 2 2 2 2
left_child=1 -1 -2 4 -4 -5 -6 8 -8 -10
right_child=2 -3 3 5 6 -7 7 -9 9 -11
leaf_value=-0.0089107068592721526 0.049075718159773914 -0.087650043592067003 0.032189717583072958 0.060881017499243906 -0.046979798837002353 0.0024393102816747791 -0.058239263592327568 0.033113715116716548 0.017677625571764232 -0.038432174254330556
leaf_weight=37 51 48 53 44 50 65 40 35 46 35
leaf_count=37 51 48 53 44 50 65 40 35 46 35
internal_value=-0.00305992 -0.0533754 0.00714728 0.00133652 -0.00905593 0.0260305 -0.0196677 -0.0109138 -0.023649 -0.00656735
internal_weight=504 85 419 368 259 109 206 156 121 81
internal_count=504 85 419 368 259 109 206 156 121 81
is_linear=0
shrinkage=0.0761627


Tree=26
num_leaves=11
num_cat=0
split_feature=2 4 3 7 0 7 7 2 2 0
split_gain=38.0842 19.4768 15.0197 13.8952 17.4389 14.6131 8.83294 8.52061 7.25133 6.65147
threshold=22.100000000000001 0.19969739736768835 -0.91597725483594616 7690.5000000000009 50.350000000000001 8427.5000000000018 5410.5000000000009 33.150000000000006 28.150000000000009 63.45000000000001
decision_type=2 2 2 2 2 2 2 2 2 2
left_child=1 -1 -2 4 7 -5 -6 8 -4 -8
right_child=2 -3 3 5 6 -7 9 -9 -10 -11
leaf_value=-0.088904942742805582 0.045337986739541328 -0.015740480958066964 0.023032091197944127 0.052191886708911631 -0.060983606717113649 -0.0035842679743097864 0.0089126777067454286 0.040941404004737766 -0.018814730565683079 -0.034022522460025309
leaf_weight=39 51 46 41 54 36 55 36 38 58 50
leaf_count=39 51 46 41 54 36 55 36 38 58 50
internal_value=-0.00282687 -0.0493102 0.00660292 0.00123473 -0.0083662 0.024048 -0.0293089 0.0102835 -0.0014842 -0.0160496
internal_weight=504 85 419 368 259 109 122 137 99 86
internal_count=504 85 419 368 259 109 122 137 99 86
is_linear=0
shrinkage=0.0761627


Tree=27
num_leaves=10
num_cat=0
split_feature=2 4 13 8 0 10 3 12 2
split_gain=35.9287 32.3659 24.6711 14.1799 13.0247 11.235 22.1758 7.92611 7.19015
threshold=25.650000000000002 -0.43733099657705288 2.2844188741830469 0.13450000000000004 48.45000000000001 7.2500000000000009 0.48314048284850658 6.9607142857142881 33.350000000000016
decision_type=2 2 2 2 2 2 2 2 2
left_child=1 -1 -3 -2 -5 6 -6 -7 -8
right_child=3 2 -4 4 5 7 8 -9 -10
leaf_value=-0.085219158381180271 -0.026932895292111951 0.017097731987993858 -0.062215478099198515 0.050929656309911996 0.054319145986112947 -0.041066393443720983 -0.027919068844144281 0.0048285918986709338 0.019080246592027745
leaf_weight=51 54 65 35 50 65 35 41 58 35
leaf_count=51 54 65 35 50 65 35 41 58 35
internal_value=-0.00495636 -0.0358436 -0.0106619 0.00884235 0.0156447 0.00810515 0.0216587 -0.0124437 -0.00627463
internal_weight=489 151 100 338 284 234 141 93 76
internal_count=489 151 100 338 284 234 141 93 76
is_linear=0
shrinkage=0.0761627


Tree=28
num_leaves=10
num_cat=0
split_feature=2 4 13 8 0 3 10 9 0
split_gain=30.6643 27.6235 21.0562 12.1022 11.5046 11.3076 18.2846 10.4317 6.01113
threshold=25.650000000000002 -0.43733099657705288 2.2844188741830469 0.13450000000000004 51.150000000000013 -0.013976118469459398 7.2500000000000009 7.400000000000003 63.550000000000004
decision_type=2 2 2 2 2 2 2 2 2
left_child=1 -1 -3 -2 -5 6 -6 8 -7
right_child=3 2 -4 4 5 7 -8 -9 -10
leaf_value=-0.078728651503159941 -0.024881616698178535 0.015795525455629015 -0.057476991705585886 0.042874246661533319 0.058255532062955362 -0.0052211348841039755 -0.012675278655439048 0.021264221003222561 -0.045476839745318541
leaf_weight=51 54 65 35 64 49 48 37 47 39
leaf_count=51 54 65 35 64 49 48 37 47 39
internal_value=-0.00457888 -0.0331136 -0.00984987 0.0081689 0.0144532 0.00618518 0.0277388 -0.00764773 -0.0232669
internal_weight=489 151 100 338 284 220 86 134 87
internal_count=489 151 100 338 284 220 86 134 87
is_linear=0
shrinkage=0.0761627


Tree=29
num_leaves=10
num_cat=0
split_feature=2 4 6 8 3 10 0 8 11
split_gain=26.1712 23.576 18.2171 10.3289 10.0088 18.3091 8.76332 14.2739 2.6337
threshold=25.650000000000002 -0.43733099657705288 12.450000000000001 0.13450000000000004 0.27694220057652758 7.2500000000000009 63.250000000000007 0.20900000000000002 6.892857142857145
decision_type=2 2 2 2 2 2 2 2 2
left_child=1 -1 -3 -2 5 -5 7 -6 -9
right_child=3 2 -4 4 6 -7 -8 8 -10
leaf_value=-0.072732476801617305 -0.022986568742333107 -0.034549076537678872 0.032422943403817406 0.056485569471433822 -0.023348058560980121 -0.0040755303984290042 -0.025356705539375319 0.045890538443764291 0.01728205899691521
leaf_weight=51 54 62 38 67 41 51 50 40 35
leaf_count=51 54 62 38 67 41 51 50 40 35
internal_value=-0.00423014 -0.0305916 -0.00909968 0.00754673 0.0133524 0.0303109 0.00129752 0.0127864 0.03254
internal_weight=489 151 100 338 284 118 166 116 75
internal_count=489 151 100 338 284 118 166 116 75
is_linear=0
shrinkage=0.0761627


Tree=30
num_leaves=11
num_cat=0
split_feature=9 0 4 0 6 6 3 7 4 4
split_gain=25.6151 22.1916 12.1902 14.9994 10.7548 9.20622 12.1009 15.9699 13.3168 11.8911
threshold=5.2500000000000009 48.650000000000013 -0.94137724084408114 44.750000000000007 10.050000000000002 13.750000000000002 -0.85227431625818906 6530.5000000000009 0.61067742788105683 -0.73865259438682551
decision_type=2 2 2 2 2 2 2 2 2 2
left_child=1 -1 -2 -4 -3 6 -5 8 -8 -9
right_child=2 4 3 5 -6 -7 7 9 -10 -11
leaf_value=0.010347722474441722 0.051361100120382641 -0.079821190826798491 0.044530889750294657 0.023051420023566669 -0.027291168700747419 0.026907049703912958 -0.079170326214215547 -0.032808801144488267 -0.01319410205535781 0.023405537259198247
leaf_weight=57 38 40 49 54 52 54 35 35 36 58
leaf_count=57 38 40 49 54 52 54 35 35 36 58
internal_value=-0.000447665 -0.0269945 0.0105704 0.00574154 -0.0501304 -0.00124626 -0.00822003 -0.0185168 -0.0457177 0.00224957
internal_weight=508 149 359 321 92 272 218 164 71 93
internal_count=508 149 359 321 92 272 218 164 71 93
is_linear=0
shrinkage=0.0761627


Tree=31
num_leaves=11
num_cat=0
split_feature=9 0 10 4 0 4 3 6 6 7
split_gain=21.8618 18.94 11.9108 23.1792 23.1893 13.3704 12.301 9.17899 9.1163 5.51225
threshold=5.2500000000000009 48.650000000000013 7.900000000000003 -0.21862536810265823 44.750000000000007 -0.43733099657705288 0.9053161325100999 10.050000000000002 7.4500000000000011 8472.5000000000018
decision_type=2 2 2 2 2 2 2 2 2 2
left_child=1 -1 3 9 -5 -4 8 -3 -6 -2
right_child=2 7 5 4 6 -7 -8 -9 -10 -11
leaf_value=0.0095596126258974991 0.057995477319533049 -0.073741808674176845 -0.049547422176023155 0.047212252454698421 -0.027733953427006963 0.011378515091963325 -0.050662835505720406 -0.025212604396392214 0.023560023946275824 0.021872424179374992
leaf_weight=57 69 40 37 44 37 48 42 52 44 38
leaf_count=57 69 40 37 44 37 48 42 52 44 38
internal_value=-0.00041357 -0.0249385 0.0097653 0.0174921 -0.000239606 -0.0151422 -0.0172143 -0.0463123 0.000129414 0.0451668
internal_weight=508 149 359 274 167 85 123 92 81 107
internal_count=508 149 359 274 167 85 123 92 81 107
is_linear=0
shrinkage=0.0761627


Tree=32
num_leaves=11
num_cat=0
split_feature=9 11 11 10 4 0 9 3 6 8
split_gain=18.6585 17.119 16.8111 10.1655 19.7829 19.7915 12.0194 10.4986 7.92313 5.10722
threshold=5.2500000000000009 5.9214285714285735 4.8428571428571443 7.900000000000003 -0.21862536810265823 44.750000000000007 7.0999999999999988 0.9053161325100999 8.4500000000000011 0.35450000000000004
decision_type=2 2 2 2 2 2 2 2 2 2
left_child=1 2 -1 4 9 -6 -5 8 -7 -2
right_child=3 -3 -4 6 5 7 -8 -9 -10 -11
leaf_value=-0.013719493131677453 0.054583650318395245 0.01559112454608415 -0.075921944121273316 0.02024241519238525 0.043616447676955314 -0.022273061636421784 -0.037950895678001202 -0.046804225576417398 0.025458606683546124 0.02019134288544365
leaf_weight=59 67 46 44 35 44 43 50 42 38 40
leaf_count=59 67 46 44 35 44 43 50 42 38 40
internal_value=-0.000382072 -0.0230391 -0.0402915 0.00902155 0.0161598 -0.000221357 -0.0139889 -0.0159032 0.000119555 0.0417268
internal_weight=508 149 103 359 274 167 85 123 81 107
internal_count=508 149 103 359 274 167 85 123 81 107
is_linear=0
shrinkage=0.0761627


Tree=33
num_leaves=12
num_cat=0
split_feature=8 0 6 3 6 6 3 13 6 13 12
split_gain=35.564 27.7786 26.1399 28.193 10.1525 12.7666 13.1352 8.75342 18.4421 8.3335 5.18156
threshold=0.13650000000000004 48.45000000000001 16.000000000000004 0.21022171450811272 12.050000000000002 9.0500000000000025 0.88621069759564464 2.101699744871635 11.15 1.5411804683530159 6.6178571428571447
decision_type=2 2 2 2 2 2 2 2 2 2 2
left_child=1 -1 3 7 5 6 -5 9 -9 -2 -7
right_child=2 -3 -4 4 -6 10 -8 8 -10 -11 -12
leaf_value=-0.0072442590772363036 0.043485937589324224 -0.091702964526562875 -0.043825280462342069 -0.019461557943722969 0.029179942745428268 -0.012361697876514668 0.045207441973404962 0.099940917865495832 0.023869667773990612 -0.0035737420594346555 -0.052431851009418849
leaf_weight=58 58 37 44 38 48 36 35 36 38 35 39
leaf_count=58 58 37 44 38 48 36 35 36 38 35 39
internal_value=0.00182077 -0.0401388 0.0116148 0.0183348 -0.00125768 -0.0111294 0.0115441 0.0413296 0.0608774 0.0257753 -0.0331982
internal_weight=502 95 407 363 196 148 73 167 74 93 75
internal_count=502 95 407 363 196 148 73 167 74 93 75
is_linear=0
shrinkage=0.0761627


Tree=34
num_leaves=12
num_cat=0
split_feature=8 0 6 3 0 2 6 8 13 6 13
split_gain=30.353 23.7084 22.3098 24.062 8.85152 9.31536 16.0925 9.46485 7.47083 15.7547 7.11244
threshold=0.13650000000000004 48.45000000000001 16.000000000000004 0.21022171450811272 63.250000000000007 34.550000000000011 11.250000000000002 0.20900000000000002 2.101699744871635 11.050000000000002 1.5411804683530159
decision_type=2 2 2 2 2 2 2 2 2 2 2
left_child=1 -1 3 8 5 6 7 -5 10 -10 -2
right_child=2 -3 -4 4 -6 -7 -8 -9 9 -11 -12
leaf_value=-0.0066925177330888208 0.040173936695167063 -0.084718638705753552 -0.040487435522021109 -0.049511167304867251 -0.028453043321761306 0.042660193515779196 0.038466138168626658 0.0053839916237014016 0.093337030673048008 0.022949185288296019 -0.0033015567420086826
leaf_weight=58 58 37 44 38 51 35 37 35 35 39 35
leaf_count=58 58 37 44 38 51 35 37 35 35 39 35
internal_value=0.00168209 -0.0370817 0.0107302 0.0169384 -0.00116189 0.00843706 -0.00245213 -0.0231916 0.0381818 0.0562408 0.0238122
internal_weight=502 95 407 363 196 145 110 73 167 74 93
internal_count=502 95 407 363 196 145 110 73 167 74 93
is_linear=0
shrinkage=0.0761627


Tree=35
num_leaves=12
num_cat=0
split_feature=8 0 6 3 6 6 3 13 6 13 10
split_gain=25.9056 20.2345 19.0409 20.5363 7.79703 10.6265 10.4353 6.37618 13.4918 6.0703 4.5186
threshold=0.13650000000000004 48.45000000000001 16.000000000000004 0.21022171450811272 12.050000000000002 9.0500000000000025 0.88621069759564464 2.101699744871635 11.15 1.5411804683530159 7.0999999999999988
decision_type=2 2 2 2 2 2 2 2 2 2 2
left_child=1 -1 3 7 5 6 -5 9 -9 -2 -7
right_child=2 -3 -4 4 -6 10 -8 8 -10 -11 -12
leaf_value=-0.0061827985251491956 0.037114186661806159 -0.078266257072291942 -0.037403810473283845 -0.016674418510203223 0.025600611288050943 -0.012371596921832781 0.040966244966941075 0.085369305149708474 0.020303825845880259 -0.0030501024788361854 -0.049844036265372947
leaf_weight=58 58 37 44 38 48 40 35 36 38 35 35
leaf_count=58 58 37 44 38 48 40 35 36 38 35 35
internal_value=0.00155398 -0.0342575 0.00991293 0.0156483 -0.0010734 -0.00972446 0.0109615 0.0352738 0.0519574 0.0219986 -0.0298588
internal_weight=502 95 407 363 196 148 73 167 74 93 75
internal_count=502 95 407 363 196 148 73 167 74 93 75
is_linear=0
shrinkage=0.0761627


Tree=36
num_leaves=10
num_cat=0
split_feature=13 0 1 6 0 6 6 8 9
split_gain=18.0048 12.0527 14.0416 14.2882 10.8994 12.2442 13.3827 10.7082 7.41231
threshold=3.1705489763440107 42.050000000000004 97.950000000000003 11.350000000000003 61.70000000000001 12.65 10.15 0.14250000000000002 5.9500000000000037
decision_type=2 2 2 2 2 2 2 2 2
left_child=1 -1 4 -4 5 6 7 -3 -9
right_child=-2 2 3 -5 -6 -7 -8 8 -10
leaf_value=0.044128395117275392 -0.042009924047566552 -0.028032738081628154 0.044855232144084517 -0.0067255449909216459 -0.044987171807150367 0.031095150648565061 -0.054128042466949508 0.040514092463327878 -0.0033392729333771029
leaf_weight=38 58 59 66 59 44 47 36 36 59
leaf_count=38 58 59 66 59 44 47 36 36 59
internal_value=-0.00210175 0.00311149 -0.000727537 0.0205091 -0.0101745 -0.00371131 -0.0123213 -0.00254831 0.0132789
internal_weight=502 444 406 125 281 237 190 154 95
internal_count=502 444 406 125 281 237 190 154 95
is_linear=0
shrinkage=0.0761627


Tree=37
num_leaves=11
num_cat=0
split_feature=13 0 1 12 13 0 6 6 8 9
split_gain=15.3667 10.2867 11.9842 12.5239 11.9948 9.30238 10.4501 11.4218 9.13915 6.32622
threshold=3.1705489763440107 42.050000000000004 97.950000000000003 7.3964285714285722 1.8994359558500518 61.70000000000001 12.65 10.15 0.14250000000000002 5.9500000000000037
decision_type=2 2 2 2 2 2 2 2 2 2
left_child=1 -1 5 4 -4 6 7 8 -3 -10
right_child=-2 2 3 -5 -6 -7 -8 -9 9 -11
leaf_value=0.040767466221587757 -0.038810340741278086 -0.02589769270772348 0.011678455299217044 -0.017530375215120984 0.069350130741159574 -0.04156083544359717 0.028726865834206205 -0.050005516917367446 0.037428438069992742 -0.0030849452134908326
leaf_weight=38 58 59 52 38 35 44 47 36 36 59
leaf_count=38 58 59 52 38 35 44 47 36 36 59
internal_value=-0.00194167 0.00287451 -0.000672127 0.0189471 0.0348798 -0.00939954 -0.00342864 -0.0113829 -0.00235423 0.0122675
internal_weight=502 444 406 125 87 281 237 190 154 95
internal_count=502 444 406 125 87 281 237 190 154 95
is_linear=0
shrinkage=0.0761627


Tree=38
num_leaves=11
num_cat=0
split_feature=13 3 13 3 13 11 0 10 0 7
split_gain=13.1151 9.30454 13.2473 37.0978 9.08721 10.6145 11.078 5.56471 5.02731 4.64957
threshold=3.1705489763440107 0.94425825643485939 2.0570425933187821 -0.082689790342551792 1.8180965187192035 7.0642857142857158 57.050000000000004 5.7500000000000009 55.850000000000001 8332.5000000000018
decision_type=2 2 2 2 2 2 2 2 2 2
left_child=1 2 4 -4 5 6 7 -1 -3 -7
right_child=-2 8 3 -5 -6 9 -8 -9 -10 -11
leaf_value=-0.01416066353001714 -0.035854445695141499 -0.0026760258654531417 0.09134074122587417 -0.0096929693902199111 -0.029464019426722183 0.038088403340680657 -0.038610219835660597 0.023897650543551061 -0.042393642806301174 0.0035724916936959424
leaf_weight=39 58 38 37 49 51 61 45 52 36 36
leaf_count=39 58 38 37 49 51 61 45 52 36 36
internal_value=-0.00179379 0.00265558 0.00758634 0.0337751 -0.000344052 0.00602985 -0.0076989 0.00758693 -0.0219982 0.0252784
internal_weight=502 444 370 86 284 233 136 91 74 97
internal_count=502 444 370 86 284 233 136 91 74 97
is_linear=0
shrinkage=0.0761627


Tree=39
num_leaves=11
num_cat=0
split_feature=2 0 4 3 0 1 1 6 10 11
split_gain=21.3233 30.6307 13.2745 11.4841 17.7405 11.5541 14.9492 11.993 10.6469 6.77365
threshold=24.550000000000004 77.850000000000009 0.29137697329261131 -0.452744437932114 73.050000000000011 95.950000000000017 79.550000000000011 6.7500000000000009 6.3499999999999988 7.2357142857142884
decision_type=2 2 2 2 2 2 2 2 2 2
left_child=1 2 -1 8 5 6 7 -5 -2 -8
right_child=3 -3 -4 4 -6 -7 9 -9 -10 -11
leaf_value=0.033703104543742333 0.0025914733878668462 -0.083582872883307194 -0.027575785451725732 -0.0024196550422729613 -0.040294533403350728 0.048838382234600394 -0.032258882507916191 0.052882382992499283 0.049895781087486997 0.0095301009527140549
leaf_weight=37 46 37 46 45 47 39 63 46 69 35
leaf_count=37 46 37 46 45 47 39 63 46 69 35
internal_value=0.00212506 -0.0259504 -0.00025866 0.0107637 0.00231202 0.011095 0.00330661 0.0255352 0.0309741 -0.0173342
internal_weight=510 120 83 390 275 228 189 91 115 98
internal_count=510 120 83 390 275 228 189 91 115 98
is_linear=0
shrinkage=0.0761627


Tree=40
num_leaves=11
num_cat=0
split_feature=0 8 3 12 11 13 12 6 2 13
split_gain=18.3439 30.2786 14.2443 19.2732 17.7282 7.35609 9.38188 7.15678 5.65478 4.81518
threshold=75.950000000000017 0.34350000000000008 0.17646842360078757 5.510714285714287 6.4071428571428584 2.3140351866813296 6.4821428571428585 12.050000000000002 31.950000000000014 1.9648094390393183
decision_type=2 2 2 2 2 2 2 2 2 2
left_child=2 -2 5 9 -5 6 -1 8 -6 -4
right_child=1 -3 3 4 7 -7 -8 -9 -10 -11
leaf_value=-0.0017750475677968842 -0.059732237438496948 0.018511074335012208 -0.054857899238777999 0.050941727428907457 -0.039489502355843656 0.058505712539474883 0.040840450521539957 0.02154552095815937 0.0023702373766469292 -0.015703048042234748
leaf_weight=62 64 52 35 49 36 35 58 42 39 38
leaf_count=62 64 52 35 49 36 35 58 42 39 38
internal_value=0.00196321 -0.0246577 0.00980084 -0.00186138 0.0124812 0.0277832 0.0188224 -0.00362623 -0.0177224 -0.034476
internal_weight=510 116 394 239 166 155 120 117 75 73
internal_count=510 116 394 239 166 155 120 117 75 73
is_linear=0
shrinkage=0.0761627


Tree=41
num_leaves=10
num_cat=0
split_feature=2 9 3 10 10 12 11 13 11
split_gain=17.565 24.4426 9.67957 17.192 9.18692 8.81749 16.6354 9.40461 7.96759
threshold=24.550000000000004 5.7500000000000009 -0.452744437932114 7.7500000000000009 6.3499999999999988 4.9392857142857141 6.4071428571428584 1.9598347238492646 7.1500000000000021
decision_type=2 2 2 2 2 2 2 2 2
left_child=1 -1 4 5 -2 -4 7 -7 -8
right_child=2 -3 3 -5 -6 6 8 -9 -10
leaf_value=0.011283704269298414 0.0018440517907014058 -0.057473083724776164 -0.020589222740192828 -0.031992689231103995 0.04578537265005643 0.018827557182248236 -0.029095147968100976 0.069499120402179426 0.017471300309424488
leaf_weight=59 46 61 38 66 69 43 39 42 47
leaf_count=59 46 61 38 66 69 43 39 42 47
internal_value=0.00181369 -0.0236677 0.00965412 0.00189484 0.0282089 0.0125962 0.0199707 0.0438654 -0.00364603
internal_weight=510 120 390 275 115 209 171 85 86
internal_count=510 120 390 275 115 209 171 85 86
is_linear=0
shrinkage=0.0761627


Tree=42
num_leaves=10
num_cat=0
split_feature=9 9 7 6 3 2 6 11 2
split_gain=21.6179 10.1644 24.7404 18.6463 12.8275 10.9605 18.2328 10.3868 6.2952
threshold=2.9000000000000026 7.4500000000000037 7574.0000000000009 7.7500000000000009 0.94978112945126536 30.950000000000006 8.0500000000000025 5.6071428571428577 33.250000000000014
decision_type=2 2 2 2 2 2 2 2 2
left_child=-1 4 3 -3 5 6 -2 -8 -7
right_child=1 2 -4 -5 -6 8 7 -9 -10
leaf_value=-0.047395923963352377 -0.0033662542697945109 0.0039668648613694216 0.027569296880285539 -0.062980912027630523 -0.026169100238987771 -0.01826425866159247 0.020240864359255657 0.068413598784461641 0.020642455534462045
leaf_weight=49 56 43 63 55 40 52 42 68 45
leaf_count=49 56 43 63 55 40 52 42 68 45
internal_value=0.000715833 0.00579661 -0.00966775 -0.0336059 0.0140137 0.0201251 0.0320105 0.0500204 -0.000214731
internal_weight=513 464 161 98 303 263 166 110 97
internal_count=513 464 161 98 303 263 166 110 97
is_linear=0
shrinkage=0.0761627


Tree=43
num_leaves=11
num_cat=0
split_feature=9 11 11 13 13 2 4 12 12 13
split_gain=18.4504 10.0556 20.1194 19.6292 14.8237 12.12 8.25042 12.1869 9.06028 11.7452
threshold=2.9000000000000026 4.5214285714285714 5.3214285714285721 2.839389251869167 2.0570425933187821 23.050000000000001 -0.85225707553516283 7.3321428571428582 6.7464285714285737 1.4838813413016008
decision_type=2 2 2 2 2 2 2 2 2 2
left_child=-1 -2 -3 4 5 -4 -7 8 9 -8
right_child=1 2 3 -5 -6 6 7 -9 -10 -11
leaf_value=-0.043786130166934924 0.037984893528208302 -0.038511986901458732 0.045125978277032852 -0.045605383322069676 0.056074032198639365 0.034075305572092714 0.014809648540823294 -0.042054740335360385 0.027480989999520214 -0.039477212021707092
leaf_weight=49 49 62 43 35 43 37 50 41 61 43
leaf_count=49 49 62 43 35 43 37 50 41 61 43
internal_value=0.000661313 0.00535513 0.00150244 0.00853049 0.0144889 0.00798643 0.00110278 -0.00515356 0.0046708 -0.0102907
internal_weight=513 464 415 353 318 275 232 195 154 93
internal_count=513 464 415 353 318 275 232 195 154 93
is_linear=0
shrinkage=0.0761627


Tree=44
num_leaves=12
num_cat=0
split_feature=9 9 11 6 9 2 7 3 6 13 10
split_gain=15.747 8.91157 14.4145 23.329 11.4521 19.4401 14.789 13.486 8.96428 8.5459 3.67702
threshold=2.9000000000000026 4.900000000000003 5.3428571428571443 10.250000000000002 7.4500000000000037 26.950000000000006 7574.0000000000009 -0.72696319516528884 10.950000000000001 1.8416464231507084 6.5999999999999988
decision_type=2 2 2 2 2 2 2 2 2 2 2
left_child=-1 9 3 -3 5 -4 7 -6 10 -2 -7
right_child=1 2 4 -5 6 8 -8 -9 -10 -11 -12
leaf_value=-0.040451269513830351 0.00061321284837791037 0.011523407795562296 0.058357373993610476 -0.075217017722869012 -0.00045004720141441631 0.0050931641268207846 0.021190956234276595 -0.060917836920803728 0.034030852691826943 0.050023937413854073 -0.028423692495571421
leaf_weight=49 37 37 54 35 46 37 58 40 36 45 39
leaf_count=49 37 37 54 35 46 37 58 40 36 45 39
internal_value=0.000610945 0.00494727 5.6959e-05 -0.0306421 0.00718708 0.0208213 -0.00853016 -0.0285747 0.00272352 0.0277289 -0.0121063
internal_weight=513 464 382 72 310 166 144 86 112 82 76
internal_count=513 464 382 72 310 166 144 86 112 82 76
is_linear=0
shrinkage=0.0761627


end of trees

feature_importances:
forecast_diurnal_range=66
forecast_low=49
forecast_wind=45
lag_low_1d=41
roll_low_7d_std=37
day_cos=36
day_sin=35
roll_low_14d_mean=34
forecast_radiation=29
roll_low_7d_mean=27
lag_low_2d=22
forecast_evap=18
forecast_high=11

parameters:
[boosting: gbdt]
[objective: regression]
[metric: l2]
[tree_learner: serial]
[device_type: cpu]
[data_sample_strategy: bagging]
[data: ]
[valid: ]
[num_iterations: 45]
[learning_rate: 0.0761627]
[num_leaves: 37]
[num_threads: 2]
[seed: 42]
[deterministic: 0]
[force_col_wise: 0]
[force_row_wise: 0]
[histogram_pool_size: -1]
[max_depth: -1]
[min_data_in_leaf: 35]
[min_sum_hessian_in_leaf: 0.001]
[bagging_fraction: 0.63397]
[pos_bagging_fraction: 1]
[neg_bagging_fraction: 1]
[bagging_freq: 3]
[bagging_seed: 400]
[bagging_by_query: 0]
[feature_fraction: 0.976647]
[feature_fraction_bynode: 1]
[feature_fraction_seed: 30056]
[extra_trees: 0]
[extra_seed: 12879]
[early_stopping_round: 0]
[early_stopping_min_delta: 0]
[first_metric_only: 0]
[max_delta_step: 0]
[lambda_l1: 2.31681e-05]
[lambda_l2: 0.000111931]
[linear_lambda: 0]
[min_gain_to_split: 0]
[drop_rate: 0.1]
[max_drop: 50]
[skip_drop: 0.5]
[xgboost_dart_mode: 0]
[uniform_drop: 0]
[drop_seed: 17869]
[top_rate: 0.2]
[other_rate: 0.1]
[min_data_per_group: 100]
[max_cat_threshold: 32]
[cat_l2: 10]
[cat_smooth: 10]
[max_cat_to_onehot: 4]
[top_k: 20]
[monotone_constraints: ]
[monotone_constraints_method: basic]
[monotone_penalty: 0]
[feature_contri: ]
[forcedsplits_filename: ]
[refit_decay_rate: 0.9]
[cegb_tradeoff: 1]
[cegb_penalty_split: 0]
[cegb_penalty_feature_lazy: ]
[cegb_penalty_feature_coupled: ]
[path_smooth: 0]
[interaction_constraints: ]
[verbosity: -1]
[saved_feature_importance_type: 0]
[use_quantized_grad: 0]
[num_grad_quant_bins: 4]
[quant_train_renew_leaf: 0]
[stochastic_rounding: 1]
[linear_tree: 0]
[max_bin: 255]
[max_bin_by_feature: ]
[min_data_in_bin: 3]
[bin_construct_sample_cnt: 200000]
[data_random_seed: 175]
[is_enable_sparse: 1]
[enable_bundle: 1]
[use_missing: 1]
[zero_as_missing: 0]
[feature_pre_filter: 1]
[pre_partition: 0]
[two_round: 0]
[header: 0]
[label_column: ]
[weight_column: ]
[group_column: ]
[ignore_column: ]
[categorical_feature: ]
[forcedbins_filename: ]
[precise_float_parser: 0]
[parser_config_file: ]
[objective_seed: 16083]
[num_class: 1]
[is_unbalance: 0]
[scale_pos_weight: 1]
[sigmoid: 1]
[boost_from_average: 1]
[reg_sqrt: 0]
[alpha: 0.9]
[fair_c: 1]
[poisson_max_delta_step: 0.7]
[tweedie_variance_power: 1.5]
[lambdarank_truncation_level: 30]
[lambdarank_norm: 1]
[label_gain: ]
[lambdarank_position_bias_regularization: 0]
[eval_at: ]
[multi_error_top_k: 1]
[auc_mu_weights: ]
[num_machines: 1]
[local_listen_port: 12400]
[time_out: 120]
[machine_list_filename: ]
[machines: ]
[gpu_platform_id: -1]
[gpu_device_id: -1]
[gpu_use_dp: 0]
[num_gpu: 1]

end of parameters

pandas_categorical:[]
