tree
version=v4
num_class=1
num_tree_per_iteration=1
label_index=0
max_feature_idx=13
objective=regression
feature_names=forecast_high forecast_low forecast_diurnal_range day_sin day_cos forecast_precip forecast_wind forecast_radiation forecast_evap lag_high_1d lag_high_2d roll_high_7d_mean roll_high_14d_mean roll_high_7d_std
feature_infos=[10.300000000000001:106.90000000000001] [4.7999999999999998:80.5] [3.0999999999999943:41.600000000000001] [-0.99999942202469239:0.99998555065071859] [-0.99997919295908244:0.9999907524084426] [0:7.0869999999999997] [5.5:38.399999999999999] [285:8674] [0.0080000000000000002:0.45900000000000002] [-19.200000000000003:12.299999999999995] [-19.200000000000003:12.299999999999995] [-6.45714285714286:6.6857142857142851] [-5.8428571428571434:4.8357142857142872] [0.56820519432434358:8.1378597865017266]
tree_sizes=886 895 817 897 895 901 900 903 979 901 901 973 904 995 986 906 822 991 823 989 909 904 994 992 906 913 913 998 909 824 906 836 913 894

Tree=0
num_leaves=9
num_cat=0
split_feature=11 0 0 7 2 11 3 3
split_gain=1041.43 281.408 165.016 155.424 146.672 95.2058 40.8991 38.6667
threshold=-1.2642857142857153 79.350000000000009 80.000000000000014 3236.0000000000005 17.950000000000003 -2.8214285714285707 0.22700754078277599 0.70290292807158605
decision_type=2 2 2 2 2 2 2 2
left_child=1 -1 3 -2 -5 -3 -4 -6
right_child=2 5 6 4 7 -7 -8 -9
leaf_value=-0.66958153657860342 -0.63316423954955914 -0.953125595048403 -0.6111607290137766 -0.38509840857880873 -0.50151587857395652 -0.81104556253556903 -0.72092697620658996 -0.60087808402940857
leaf_weight=68 82 70 51 63 62 69 49 54
leaf_count=68 82 70 51 63 62 69 49 54
internal_value=-0.659206 -0.812633 -0.571227 -0.535319 -0.490503 -0.882606 -0.664934 -0.54776
internal_weight=568 207 361 261 179 139 100 116
internal_count=568 207 361 261 179 139 100 116
is_linear=0
shrinkage=1


Tree=1
num_leaves=9
num_cat=0
split_feature=0 9 12 3 8 3 2 12
split_gain=929.67 310.977 117.994 88.2311 85.9677 83.9493 55.0327 61.5699
threshold=87.65000000000002 1.8499999999999981 -2.960714285714285 0.93845596220871974 0.061500000000000006 0.46800856592688467 18.950000000000006 0.092857142857141861
decision_type=2 2 2 2 2 2 2 2
left_child=1 3 -2 4 -1 -3 -6 -8
right_child=2 5 -4 -5 6 -7 7 -9
leaf_value=-0.049971033990860919 -0.25656530964568836 0.24841938211111905 -0.1056935956285507 -0.068653030111001712 0.14163685432751272 0.10597853603031385 -0.016844523659726506 0.10846085408396575
leaf_weight=51 70 70 84 60 62 54 62 54
leaf_count=51 70 70 84 60 62 54 62 54
internal_value=0.00564058 0.0727325 -0.17428 0.0239579 0.0482282 0.186399 0.0763709 0.0414767
internal_weight=567 413 154 289 229 124 178 116
internal_count=567 413 154 289 229 124 178 116
is_linear=0
shrinkage=0.0858022


Tree=2
num_leaves=8
num_cat=0
split_feature=0 9 9 2 11 2 3
split_gain=850.083 171.151 119.996 75.6899 102.233 71.908 33.9491
threshold=87.850000000000009 1.8499999999999981 -2.0499999999999967 15.450000000000001 -0.54285714285714282 21.550000000000001 0.21022171450811272
decision_type=2 2 2 2 2 2 2
left_child=1 3 -2 -1 -5 -3 -6
right_child=2 5 -4 4 6 -7 -8
leaf_value=0.090614335003553412 -0.24336604731020373 0.20950110578364159 -0.076868938361985426 -0.072655007063165161 0.098740777219466072 0.07454049631350014 0.0069013061740738702
leaf_weight=97 88 66 50 86 56 52 63
leaf_count=97 88 66 50 86 56 52 63
internal_value=0.00170303 0.0624106 -0.18305 0.0281681 -0.00137362 0.150038 0.0501303
internal_weight=558 420 138 302 205 118 119
internal_count=558 420 138 302 205 118 119
is_linear=0
shrinkage=0.0858022


Tree=3
num_leaves=9
num_cat=0
split_feature=0 9 2 9 12 2 3 1
split_gain=800.664 232.596 142.426 138.322 119.349 80.9298 60.3427 52.1971
threshold=87.65000000000002 1.8499999999999981 19.050000000000001 -2.7000000000000006 0.22142857142857228 14.900000000000006 -0.39036798905311365 47.750000000000007
decision_type=2 2 2 2 2 2 2 2
left_child=1 4 -3 -2 5 -1 -6 -7
right_child=3 2 -4 -5 6 7 -8 -9
leaf_value=0.056911514878852758 -0.28264488950694416 0.25123684507639249 0.064507872895517779 -0.11153381903550685 0.14402501756808261 -0.01391739529927233 0.024365813165967382 -0.12551350729079808
leaf_weight=49 61 56 65 81 52 58 77 66
leaf_count=49 61 56 65 81 52 58 77 66
internal_value=-0.00875717 0.0504204 0.150938 -0.185048 0.0101425 -0.0364303 0.0726102 -0.0733253
internal_weight=565 423 121 142 302 173 129 124
internal_count=565 423 121 142 302 173 129 124
is_linear=0
shrinkage=0.0858022


Tree=4
num_leaves=9
num_cat=0
split_feature=0 3 9 2 0 4 9 2
split_gain=602.333 163.226 92.9876 90.2157 72.4422 72.3717 65.7529 50.8653
threshold=87.850000000000009 0.70290292807158605 -1.5499999999999969 17.349999999999998 78.90000000000002 0.80290535434334509 -2.7000000000000006 21.750000000000007
decision_type=2 2 2 2 2 2 2 2
left_child=1 2 -1 -4 7 -5 -2 -3
right_child=6 4 3 5 -6 -7 -8 -9
leaf_value=0.0073717019322305944 -0.2068637455366025 0.08737451388287891 0.20008668172453101 0.13559669265580299 -0.093454781186785824 0.0041258750466133124 -0.089107792589792553 -0.023554052373587247
leaf_weight=61 67 58 79 78 50 51 73 64
leaf_count=61 67 58 79 78 50 51 73 64
internal_value=0.0095805 0.0588061 0.100547 0.127867 -0.0064679 0.0836295 -0.145471 0.0291724
internal_weight=581 441 269 208 172 129 140 122
internal_count=581 441 269 208 172 129 140 122
is_linear=0
shrinkage=0.0858022


Tree=5
num_leaves=9
num_cat=0
split_feature=9 2 12 12 1 0 13 12
split_gain=423.892 237.386 116.406 112.042 62.6138 89.9641 50.1075 19.7789
threshold=-0.90000000000000202 17.950000000000003 1.1392857142857145 -2.960714285714285 38.850000000000001 77.850000000000009 2.7876000913509773 -0.36071428571428543
decision_type=2 2 2 2 2 2 2 2
left_child=1 -1 4 -3 -2 -6 -5 -7
right_child=2 3 -4 6 5 7 -8 -9
leaf_value=0.048000113955883848 -0.040643766070298681 -0.24331588605838522 0.16059945239069348 -0.038726079361365205 0.12972264791940064 -0.028249622747469155 -0.15366731111859458 0.048450320250375191
leaf_weight=77 51 49 85 65 88 49 49 50
leaf_count=77 51 49 85 65 88 49 49 50
internal_value=0.0102241 -0.0761443 0.0744025 -0.134797 0.0436127 0.0665983 -0.0881416 0.0104753
internal_weight=563 240 323 163 238 187 114 99
internal_count=563 240 323 163 238 187 114 99
is_linear=0
shrinkage=0.0858022


Tree=6
num_leaves=9
num_cat=0
split_feature=12 0 2 8 9 4 3 4
split_gain=411.442 258.337 181.933 102.205 80.0763 76.9735 55.0574 32.9539
threshold=0.22142857142857228 81.350000000000009 23.750000000000007 0.079500000000000015 1.7500000000000002 -0.7614016681079937 0.72695311118111527 0.38838672039864403
decision_type=2 2 2 2 2 2 2 2
left_child=1 3 5 -1 7 -3 -5 -2
right_child=4 2 -4 6 -6 -7 -8 -9
leaf_value=-0.083040573839982965 0.0085224172774248912 -0.12671325508229805 -0.23885162231420518 0.13003238027965533 0.17393052732589487 0.010180292508668073 0.018153614843544403 0.10008205734474056
leaf_weight=52 51 62 64 50 75 59 92 67
leaf_count=52 51 62 64 50 75 59 92 67
internal_value=0.00262055 -0.0493067 -0.121849 0.0198642 0.104598 -0.0599533 0.0575563 0.0605202
internal_weight=572 379 185 194 193 121 142 118
internal_count=572 379 185 194 193 121 142 118
is_linear=0
shrinkage=0.0858022


Tree=7
num_leaves=9
num_cat=0
split_feature=9 0 6 12 4 1 10 1
split_gain=392.097 229.25 114.668 78.044 57.3049 51.8936 38.7034 16.0041
threshold=1.8499999999999981 87.550000000000011 19.750000000000004 -0.057142857142857641 -0.75013812021657655 32.550000000000004 0.90000000000000224 54.300000000000004
decision_type=2 2 2 2 2 2 2 2
left_child=1 2 5 -2 -3 -1 7 -7
right_child=3 4 -4 -5 -6 6 -8 -9
leaf_value=-0.037968068182232882 0.046710934579575751 -0.17703035274183801 -0.085131191031093872 0.18359831488682721 -0.062633561306504659 -0.0060103867994891749 0.11672851549089355 0.06263392924450388
leaf_weight=54 51 85 82 77 52 51 56 49
leaf_count=54 51 85 82 77 52 51 56 49
internal_value=-0.00272333 -0.0420483 0.000910381 0.129067 -0.133619 0.0345135 0.0596112 0.027613
internal_weight=557 429 292 128 137 210 156 100
internal_count=557 429 292 128 137 210 156 100
is_linear=0
shrinkage=0.0858022


Tree=8
num_leaves=10
num_cat=0
split_feature=0 3 2 9 2 6 9 2 6
split_gain=339.865 182.018 108.607 100.767 64.4843 47.7446 47.5142 41.9078 9.07967
threshold=82.050000000000011 -0.90893996196865012 17.750000000000004 1.7500000000000002 22.750000000000007 20.250000000000004 1.9500000000000031 24.950000000000006 17.150000000000002
decision_type=2 2 2 2 2 2 2 2 2
left_child=2 -2 3 8 -3 6 7 -4 -1
right_child=1 4 5 -5 -6 -7 -8 -9 -10
leaf_value=0.035006548618328942 0.057168249241552338 -0.079095948668861327 -0.043931529143296816 0.20959938020853061 -0.18991024046971741 -0.051516003353647428 0.10863096944054391 0.063577653115067634 0.086783323913620827
leaf_weight=51 51 85 56 50 71 58 50 51 49
leaf_count=51 51 85 56 50 71 58 50 51 49
internal_value=0.0042896 -0.0835324 0.0540989 0.110135 -0.129539 0.0149985 0.0395787 0.00729964 0.0603896
internal_weight=572 207 365 150 156 215 157 107 100
internal_count=572 207 365 150 156 215 157 107 100
is_linear=0
shrinkage=0.0858022


Tree=9
num_leaves=9
num_cat=0
split_feature=0 3 3 9 7 4 7 2
split_gain=299.327 119.413 102.931 76.0537 61.5198 91.2501 48.9307 47.7662
threshold=78.90000000000002 -0.90163369914317004 -0.57078386445773377 -0.29999999999999888 4289.5000000000009 0.86004965528756494 6720.0000000000009 21.350000000000001
decision_type=2 2 2 2 2 2 2 2
left_child=2 -2 -1 6 5 -4 -3 -6
right_child=1 3 4 -5 7 -7 -8 -9
leaf_value=0.16337068058923024 0.050939993143993868 -0.18987066995659371 -0.086069192062065661 -0.00581275453869804 0.14780866208645801 0.056562197062961041 -0.08693609692903935 0.033473038394225343
leaf_weight=61 54 54 54 54 51 85 92 57
leaf_count=61 54 54 54 54 51 85 92 57
internal_value=0.00668613 -0.0622658 0.0635531 -0.0928376 0.0388968 0.00114254 -0.125016 0.0874764
internal_weight=562 254 308 200 247 139 146 108
internal_count=562 254 308 200 247 139 146 108
is_linear=0
shrinkage=0.0858022


Tree=10
num_leaves=9
num_cat=0
split_feature=2 12 9 6 10 9 13 6
split_gain=241.953 179.066 98.117 67.414 48.0468 42.7067 32.4746 31.9645
threshold=14.900000000000006 0.5607142857142865 -1.6500000000000019 18.350000000000005 -0.24999999999999992 0.59999999999999798 2.408614220700581 14.850000000000003
decision_type=2 2 2 2 2 2 2 2
left_child=5 2 3 -2 6 -1 -4 -3
right_child=1 7 4 -5 -6 -7 -8 -9
leaf_value=0.064608445998856415 -0.073244260321761817 0.10879384435811547 -0.1092576275346359 -0.19763958123180991 0.027113630466776006 0.16817240198098041 -0.012866222211691829 0.020969296945327051
leaf_weight=71 93 53 51 49 83 50 52 72
leaf_count=71 93 53 51 49 83 50 52 72
internal_value=-0.000370479 -0.0291633 -0.0624674 -0.116178 -0.0214557 0.107414 -0.060606 0.0582168
internal_weight=574 453 328 142 186 121 103 125
internal_count=574 453 328 142 186 121 103 125
is_linear=0
shrinkage=0.0858022


Tree=11
num_leaves=10
num_cat=0
split_feature=0 12 2 7 3 4 4 6 2
split_gain=273.834 155.205 86.8855 74.2431 67.8508 65.2981 55.2083 26.7366 29.9054
threshold=81.450000000000017 -0.43571428571428622 23.750000000000007 2523.0000000000005 -0.57078386445773377 -0.82413948779581736 -0.13398942717002901 15.15 23.150000000000002
decision_type=2 2 2 2 2 2 2 2 2
left_child=3 2 5 -1 -5 -2 -6 -8 -9
right_child=1 -3 -4 4 6 -7 7 8 -10
leaf_value=-0.047522949768654899 -0.14338768726778772 0.031125878156259112 -0.20559599200931186 0.1508617701794368 0.1214671695637855 -0.013466704942854558 0.069421541646353571 -0.037395166493740827 0.04314348544814961
leaf_weight=58 56 69 59 49 49 58 56 75 62
leaf_count=58 56 69 59 49 49 58 56 75 62
internal_value=-0.00752347 -0.0776633 -0.12106 0.0411086 0.0587783 -0.0772984 0.0401281 0.0194708 -0.000938
internal_weight=591 242 173 349 291 114 242 193 137
internal_count=591 242 173 349 291 114 242 193 137
is_linear=0
shrinkage=0.0858022


Tree=12
num_leaves=9
num_cat=0
split_feature=0 2 9 6 12 11 13 12
split_gain=238.143 131.538 63.5689 52.9046 40.3815 37.1762 19.3291 27.2378
threshold=90.300000000000026 14.900000000000006 -3.5999999999999974 16.750000000000004 0.54642857142857193 1.2357142857142851 2.2460542518506528 -0.54285714285714359
decision_type=2 2 2 2 2 2 2 2
left_child=1 3 -3 -1 6 -6 -4 -8
right_child=-2 2 4 -5 5 -7 7 -9
leaf_value=0.047277039722714062 -0.12070061762493862 -0.086596066187516765 -0.046173289823615141 0.16322341595251671 0.11216550755367789 0.012336926296865834 0.045598578896669968 -0.033709208862615234
leaf_weight=57 97 52 64 59 50 61 74 56
leaf_count=57 97 52 64 59 50 61 74 56
internal_value=0.00176551 0.0268828 0.00108708 0.10626 0.0160404 0.0573159 -0.00756966 0.0114257
internal_weight=570 473 357 116 305 111 194 130
internal_count=570 473 357 116 305 111 194 130
is_linear=0
shrinkage=0.0858022


Tree=13
num_leaves=10
num_cat=0
split_feature=9 8 13 0 0 4 1 3 6
split_gain=97.8905 66.9615 39.0566 33.3851 28.6738 45.7434 24.087 43.8189 17.9351
threshold=-1.5499999999999969 0.083499999999999963 3.9488092033815234 92.850000000000009 81.450000000000017 -0.28519997588938983 44.050000000000004 0.81428061195174062 16.050000000000004
decision_type=2 2 2 2 2 2 2 2 2
left_child=2 -2 3 8 6 -6 -3 -8 -1
right_child=1 4 -4 -5 5 -7 7 -9 -10
leaf_value=0.037563813521128746 0.094563661963583262 -0.011201415578066285 -0.10939852517683636 -0.084258390451325965 -0.085974697693146959 0.029019956395799389 0.10657016163581157 -0.0043100585057302227 -0.031912089260363805
leaf_weight=51 80 74 56 50 53 49 54 51 59
leaf_count=51 80 74 56 50 53 49 54 51 59
internal_value=-0.00202955 0.0253054 -0.0477201 -0.0261249 0.00558336 -0.0307201 0.0262771 0.0527023 0.000288245
internal_weight=577 361 216 160 281 102 179 105 110
internal_count=577 361 216 160 281 102 179 105 110
is_linear=0
shrinkage=0.0858022


Tree=14
num_leaves=10
num_cat=0
split_feature=0 3 7 3 7 1 2 2 2
split_gain=142.431 91.8495 87.3974 106.106 69.5622 59.9454 55.6444 31.7093 17.0181
threshold=81.350000000000009 -0.90163369914317004 3193.0000000000005 0.70290292807158605 6546.0000000000009 41.000000000000007 19.450000000000006 22.950000000000006 23.650000000000009
decision_type=2 2 2 2 2 2 2 2 2
left_child=2 -2 5 6 -3 -1 -4 -6 -5
right_child=1 4 3 8 7 -7 -8 -9 -10
leaf_value=-0.099330985068324315 0.044643252124026075 -0.15293095690962788 0.18788536614187626 -0.022006123790312034 -0.0018226145056818273 0.030608847077593152 0.069934149048513736 -0.093251627533684114 0.041991573614104258
leaf_weight=49 56 64 52 66 65 56 68 49 57
leaf_count=49 56 64 52 66 65 56 68 49 57
internal_value=0.00057897 -0.0511821 0.0353874 0.063654 -0.0813363 -0.030018 0.121057 -0.0411319 0.00764132
internal_weight=582 234 348 243 178 105 120 114 123
internal_count=582 234 348 243 178 105 120 114 123
is_linear=0
shrinkage=0.0858022


Tree=15
num_leaves=9
num_cat=0
split_feature=0 1 9 8 3 6 8 6
split_gain=95.6864 81.4707 76.9978 61.8436 43.6127 34.1943 32.6089 28.0221
threshold=81.350000000000009 38.100000000000009 -3.5999999999999974 0.13300000000000003 0.27694220057652758 14.550000000000002 0.088500000000000009 18.850000000000005
decision_type=2 2 2 2 2 2 2 2
left_child=1 6 -2 -3 5 -4 -1 -5
right_child=2 3 4 7 -6 -7 -8 -9
leaf_value=-0.076827687804754102 -0.14949770820891831 0.10228932614471509 -0.047872740798436494 0.044325838461738924 -0.091162686109511351 0.037347440261655158 0.010569601961563022 -0.038572508436191498
leaf_weight=70 49 92 66 71 59 73 57 52
leaf_count=70 49 92 66 71 59 73 57 52
internal_value=-0.012497 0.0168904 -0.0531922 0.049079 -0.0293527 -0.00310794 -0.0375924 0.00926934
internal_weight=589 342 247 215 198 139 127 123
internal_count=589 342 247 215 198 139 127 123
is_linear=0
shrinkage=0.0858022


Tree=16
num_leaves=8
num_cat=0
split_feature=9 2 13 0 7 11 9
split_gain=123.532 49.5491 55.0171 48.0596 60.7983 31.0036 20.0772
threshold=-1.6500000000000019 19.050000000000001 2.4921304488128979 79.350000000000009 7380.0000000000009 0.65000000000000069 -0.45000000000000279
decision_type=2 2 2 2 2 2 2
left_child=3 2 -2 -1 -5 6 -3
right_child=1 5 -4 4 -6 -7 -8
leaf_value=0.0006857488783911772 0.016147583984653276 0.026863443897512267 0.13305979359598613 -0.13331772187960247 -0.01479423563833163 0.050767351991001866 -0.037670618248416665
leaf_weight=85 56 57 63 74 56 88 94
leaf_count=85 56 57 63 74 56 88 94
internal_value=0.00193765 0.0328135 0.0780527 -0.0494684 -0.082271 0.0102833 -0.0133019
internal_weight=573 358 119 215 130 239 151
internal_count=573 358 119 215 130 239 151
is_linear=0
shrinkage=0.0858022


Tree=17
num_leaves=10
num_cat=0
split_feature=0 3 7 12 2 10 9 8 4
split_gain=101.805 74.2792 76.163 64.142 57.2781 44.3919 73.0349 31.4459 22.2415
threshold=81.350000000000009 -0.72696319516528884 2559.5000000000005 -0.67142857142857071 23.750000000000007 -3.1500000000000017 -1.1500000000000019 0.14450000000000002 -0.85225707553516283
decision_type=2 2 2 2 2 2 2 2 2
left_child=1 -1 -3 4 8 -4 -7 -8 -2
right_child=3 2 5 -5 -6 6 7 -9 -10
leaf_value=0.12320619993339828 -0.074297229652643293 -0.074586315566921427 0.10854191882580208 0.024682102242991347 -0.14223627732847857 -0.060065276987881284 0.089144255340757039 0.0078338873348067287 0.0066121954522999175
leaf_weight=55 50 57 49 73 56 62 76 65 50
leaf_count=55 50 57 49 73 56 62 76 65 50
internal_value=0.00313177 0.031332 0.0149749 -0.0416876 -0.0727532 0.0352378 0.0175375 0.0516695 -0.0338302
internal_weight=593 364 309 229 156 252 203 141 100
internal_count=593 364 309 229 156 252 203 141 100
is_linear=0
shrinkage=0.0858022


Tree=18
num_leaves=8
num_cat=0
split_feature=2 9 9 11 2 7 3
split_gain=126.32 94.4861 86.7596 32.8237 23.8101 21.6689 30.5981
threshold=18.750000000000004 -2.9000000000000017 1.7500000000000002 -0.60000000000000087 27.950000000000003 7229.5000000000009 -0.57078386445773377
decision_type=2 2 2 2 2 2 2
left_child=2 -2 3 -1 5 6 -3
right_child=1 4 -4 -5 -6 -7 -8
leaf_value=0.075260650383628988 -0.09773204664178238 0.012068773185231458 0.15723807584630461 -0.010436148316925378 0.045220263342509191 0.031619298527151535 -0.062586463479287133
leaf_weight=58 94 74 52 76 69 60 89
leaf_count=58 94 74 52 76 69 60 89
internal_value=0.00507524 -0.0229122 0.0631633 0.0266473 0.00116948 -0.0124551 -0.0286863
internal_weight=572 386 186 134 292 223 163
internal_count=572 386 186 134 292 223 163
is_linear=0
shrinkage=0.0858022


Tree=19
num_leaves=10
num_cat=0
split_feature=2 5 13 4 0 0 2 8 7
split_gain=130.117 207.29 67.0794 39.6535 72.4864 39.0124 37.0727 31.7689 26.5492
threshold=14.900000000000006 1.0000000180025095e-35 4.1532773310146611 0.020426410361618304 61.050000000000004 72.450000000000017 21.100000000000001 0.075500000000000012 7380.0000000000009
decision_type=2 2 2 2 2 2 2 2 2
left_child=7 2 3 6 -5 -6 -2 -1 -8
right_child=1 -3 -4 4 5 -7 8 -9 -10
leaf_value=0.02917344935842121 0.030504835047768769 -0.19476384504777533 -0.091899358151848007 -0.050002448051286882 0.1285910496668709 0.029029082250549374 -0.09337855612936459 0.12370970308070291 -0.0095860311402320326
leaf_weight=55 57 51 64 54 49 71 60 50 52
leaf_count=55 57 51 64 54 49 71 60 50 52
internal_value=-0.0119428 -0.031695 -0.0112582 0.00378499 0.0325397 0.0696939 -0.0258131 0.0742025 -0.0544859
internal_weight=563 458 407 343 174 120 169 105 112
internal_count=563 458 407 343 174 120 169 105 112
is_linear=0
shrinkage=0.0858022


Tree=20
num_leaves=9
num_cat=0
split_feature=2 10 3 7 7 4 13 10
split_gain=57.2385 62.3109 54.4043 52.6785 51.7038 156.869 19.444 11.8559
threshold=19.050000000000001 -0.099999999999997827 0.63920241694561786 3646.0000000000005 7479.0000000000009 -0.26037106507032776 2.1720080431412825 1.9500000000000031
decision_type=2 2 2 2 2 2 2 2
left_child=2 4 3 -1 5 -2 -3 -8
right_child=1 6 -4 -5 -6 -7 7 -9
leaf_value=0.016852359456948501 -0.20370057854052451 0.063187669366082236 -0.022447784143601445 0.12529630895558555 0.014441759433266603 -0.013982913935163847 -0.026951089901623967 0.027677148218291481
leaf_weight=67 49 52 72 65 62 93 59 58
leaf_count=67 49 52 72 65 62 93 59 58
internal_value=0.000990805 -0.0189925 0.037535 0.0702622 -0.0509135 -0.0794577 0.0195321 0.000119022
internal_weight=577 373 204 132 204 142 169 117
internal_count=577 373 204 132 204 142 169 117
is_linear=0
shrinkage=0.0858022


Tree=21
num_leaves=9
num_cat=0
split_feature=0 1 7 3 3 8 12 12
split_gain=66.2296 69.79 80.5516 35.9283 33.0408 24.5679 17.4581 41.7071
threshold=78.90000000000002 38.850000000000001 3297.5000000000005 -0.90893996196865012 0.58481550752069722 0.16250000000000003 -0.68928571428571417 -3.0821428571428573
decision_type=2 2 2 2 2 2 2 2
left_child=1 2 -1 -2 -3 -6 7 -5
right_child=3 4 -4 6 5 -7 -8 -9
leaf_value=-0.10647629482013117 0.031098885902673932 0.10265321218738312 0.03164578782752403 -0.012592889503207047 -0.014088022337182406 0.0698033316602302 -0.0074097529088224074 -0.10464589303236482
leaf_weight=49 56 83 85 67 49 54 60 79
leaf_count=49 56 83 85 67 49 54 60 79
internal_value=0.00215734 0.0283495 -0.0188524 -0.0298284 0.0623618 0.0298819 -0.0463971 -0.0624109
internal_weight=582 320 134 262 186 103 206 146
internal_count=582 320 134 262 186 103 206 146
is_linear=0
shrinkage=0.0858022


Tree=22
num_leaves=10
num_cat=0
split_feature=2 5 8 13 4 4 0 2 10
split_gain=35.608 79.7904 69.2251 33.8035 40.0199 48.7569 33.9715 22.7572 17.7534
threshold=14.000000000000002 1.0000000180025095e-35 0.062500000000000014 4.2128205343433516 0.020426410361618304 0.81304046271159414 71.90000000000002 23.850000000000009 -2.0499999999999967
decision_type=2 2 2 2 2 2 2 2 2
left_child=2 3 -1 4 7 6 -6 8 -2
right_child=1 -3 -4 -5 5 -7 -8 -9 -10
leaf_value=-0.027456901564208217 0.037243006266690977 -0.11297431501822922 0.11337621443005091 -0.052814678953361192 0.12332146047709633 -0.028358645464346865 0.034313244860583562 -0.06632009759742151 -0.028543240365862112
leaf_weight=49 58 49 54 68 51 54 83 49 63
leaf_count=49 58 49 54 68 51 54 83 49 63
internal_value=0.000630268 -0.00928457 0.046366 0.00263931 0.0131759 0.0404576 0.0681988 -0.0169872 0.00298046
internal_weight=578 475 103 426 358 188 134 170 121
internal_count=578 475 103 426 358 188 134 170 121
is_linear=0
shrinkage=0.0858022


Tree=23
num_leaves=10
num_cat=0
split_feature=5 7 0 6 1 13 3 0 10
split_gain=80.7355 25.6652 46.9455 52.1377 46.6426 17.4661 42.0661 23.4813 24.5317
threshold=0.067500000000000018 2946.5000000000005 75.950000000000017 15.250000000000002 37.750000000000007 2.7002636375324913 0.22700754078277599 85.15000000000002 -1.4500000000000026
decision_type=2 2 2 2 2 2 2 2 2
left_child=1 -1 3 -3 -5 7 -7 -4 -9
right_child=-2 2 5 4 -6 6 -8 8 -10
leaf_value=-0.048609418800992982 -0.093086754854398157 0.10344429654061892 0.051066739619327159 -0.047687136941117481 0.063769357937380672 0.017860032472296082 -0.091921300532153319 0.024376483803598682 -0.056775940200421884
leaf_weight=50 63 77 65 52 59 54 49 58 52
leaf_count=50 63 77 65 52 59 54 49 58 52
internal_value=-0.00138983 0.00980334 0.0160735 0.0491908 0.0115444 -0.00631803 -0.0343541 0.0101761 -0.0139753
internal_weight=579 516 466 188 111 278 103 175 110
internal_count=579 516 466 188 111 278 103 175 110
is_linear=0
shrinkage=0.0858022


Tree=24
num_leaves=9
num_cat=0
split_feature=9 7 8 1 11 7 8 13
split_gain=63.3322 59.7529 42.0487 71.4281 29.8392 17.6897 23.9034 23.4054
threshold=-3.0499999999999967 2764.0000000000005 0.13300000000000003 37.750000000000007 -2.7071428571428542 6229.5000000000009 0.28350000000000003 2.5424487235867024
decision_type=2 2 2 2 2 2 2 2
left_child=4 -2 3 -3 -1 7 -7 -4
right_child=1 2 5 -5 -6 6 -8 -9
leaf_value=-0.10747857857055003 -0.069604791911594133 0.0027544959018905076 0.015474822769858669 0.1430404458109249 -0.021648469160605258 0.058766303195733463 -0.016963323647663883 -0.054690741530328393
leaf_weight=50 56 55 86 52 74 82 49 59
leaf_count=50 56 55 86 52 74 82 49 59
internal_value=-0.00211807 0.0131742 0.0252808 0.0709424 -0.0562674 0.0075742 0.0304305 -0.0130668
internal_weight=563 439 383 107 124 276 131 145
internal_count=563 439 383 107 124 276 131 145
is_linear=0
shrinkage=0.0858022


Tree=25
num_leaves=9
num_cat=0
split_feature=2 6 4 12 8 10 4 11
split_gain=52.3314 67.6706 64.9967 37.3677 34.7865 31.8121 22.2832 32.8498
threshold=18.750000000000004 14.450000000000001 0.61067742788105683 -2.9928571428571433 0.16150000000000003 0.84999999999999798 -0.27694043983797378 0.28571428571428625
decision_type=2 2 2 2 2 2 2 2
left_child=1 -1 -3 -2 5 -5 -6 -8
right_child=3 2 -4 4 6 -7 7 -9
leaf_value=0.13102627145288312 -0.066648280484360486 0.064445831000308665 -0.048958962123850445 -0.077457281649053092 -0.010838272490004993 0.013866950000071387 0.088181320490820184 0.00043974180129478568
leaf_weight=50 69 87 65 61 83 52 66 60
leaf_count=50 69 87 65 61 83 52 66 60
internal_value=0.00897134 0.0444345 0.0159422 -0.00934665 0.00292846 -0.0354211 0.0236688 0.0464094
internal_weight=593 202 152 391 322 113 209 126
internal_count=593 202 152 391 322 113 209 126
is_linear=0
shrinkage=0.0858022


Tree=26
num_leaves=9
num_cat=0
split_feature=2 10 13 5 12 6 10 9
split_gain=56.5159 93.7371 65.3465 31.3432 25.4126 19.9252 25.4877 16.2096
threshold=22.600000000000001 -2.7000000000000006 3.0177253621958102 1.0000000180025095e-35 -0.46071428571428613 19.950000000000003 0.75000000000000011 -1.2499999999999998
decision_type=2 2 2 2 2 2 2 2
left_child=2 -2 3 7 -4 6 -3 -1
right_child=1 5 4 -5 -6 -7 -8 -9
leaf_value=0.051978154567047165 -0.12297342546396368 -0.017361758381456895 0.12082963429263469 -0.056639149308657454 0.039765025246308573 -0.043124243810946622 0.054577779461278543 -0.0036175736161747447
leaf_weight=65 57 73 57 54 57 53 72 95
leaf_count=65 57 73 57 54 57 53 72 95
internal_value=0.0042795 -0.0260162 0.0278363 -0.0001103 0.0803082 0.00188958 0.0183514 0.0189605
internal_weight=583 255 328 214 114 198 145 160
internal_count=583 255 328 214 114 198 145 160
is_linear=0
shrinkage=0.0858022


Tree=27
num_leaves=10
num_cat=0
split_feature=9 12 3 0 8 13 3 3 10
split_gain=40.9658 30.1879 49.1755 45.4975 34.9567 29.8014 24.889 24.5009 19.8418
threshold=-1.6500000000000019 -0.89285714285714224 -0.70291267844185523 79.500000000000014 0.10550000000000001 3.9488092033815234 -0.35041564478062465 0.81428061195174062 -1.6500000000000019
decision_type=2 2 2 2 2 2 2 2 2
left_child=5 3 -3 -2 -4 6 -1 -6 -8
right_child=1 2 4 -5 7 -7 8 -9 -10
leaf_value=-0.060566389110083871 0.11507945432525149 0.060083223886771932 -0.075370158529450559 0.0044000915772003154 0.038232965457097083 -0.084440429005030612 0.049595592370877246 -0.036825123395583303 -0.025802877936853437
leaf_weight=49 51 77 60 59 70 54 54 59 49
leaf_count=49 51 77 60 59 70 54 54 59 49
internal_value=0.00106792 0.0179195 0.00228041 0.0557263 -0.0212624 -0.0296843 -0.0102233 0.0038945 0.0137144
internal_weight=582 376 266 110 189 206 152 129 103
internal_count=582 376 266 110 189 206 152 129 103
is_linear=0
shrinkage=0.0858022


Tree=28
num_leaves=9
num_cat=0
split_feature=7 2 12 7 7 4 12 8
split_gain=73.2557 49.1576 30.3257 84.3841 28.7597 33.3969 35.5791 27.1308
threshold=2764.0000000000005 16.950000000000006 -1.8357142857142861 7042.0000000000009 4289.5000000000009 -0.21022037796396445 0.049999999999998906 0.11699999999999997
decision_type=2 2 2 2 2 2 2 2
left_child=-1 7 3 -3 -4 -6 -7 -2
right_child=1 2 4 -5 5 6 -8 -9
leaf_value=-0.093376154903545852 0.10041976346991451 -0.13153350984247042 -0.03810423562290987 0.017735928379732185 -0.027001390079150481 0.090093854206965376 0.0019756145944412043 0.010986590758066149
leaf_weight=66 51 50 84 63 69 68 67 49
leaf_count=66 51 50 84 63 69 68 67 49
internal_value=-0.00840393 0.00278757 -0.0106314 -0.0483016 0.00414467 0.0215473 0.0463703 0.0566099
internal_weight=567 501 401 113 288 204 135 100
internal_count=567 501 401 113 288 204 135 100
is_linear=0
shrinkage=0.0858022


Tree=29
num_leaves=8
num_cat=0
split_feature=2 0 9 6 6 10 10
split_gain=58.5103 50.8268 49.3401 33.5564 21.8708 24.9863 11.2682
threshold=13.749999999999998 59.45000000000001 -1.6500000000000019 16.250000000000004 19.450000000000003 -1.4000000000000019 1.2500000000000002
decision_type=2 2 2 2 2 2 2
left_child=-1 -2 3 -3 5 -4 -7
right_child=1 2 4 -5 -6 6 -8
leaf_value=0.064090150421821146 -0.077283396304741236 0.0029444702018174055 0.056526348473439521 -0.07663673678952497 0.061527799330118697 -0.039919779716491098 0.014515927160128863
leaf_weight=93 71 79 52 77 82 62 51
leaf_count=93 71 79 52 77 82 62 51
internal_value=0.00186247 -0.0103442 0.00144605 -0.0363281 0.0253084 0.00730096 -0.0153405
internal_weight=567 474 403 156 247 165 113
internal_count=567 474 403 156 247 165 113
is_linear=0
shrinkage=0.0858022


Tree=30
num_leaves=9
num_cat=0
split_feature=2 10 0 1 3 13 11 9
split_gain=56.568 69.4072 31.3986 44.253 31.4652 21.5696 20.5805 22.6789
threshold=22.600000000000001 -2.7000000000000006 60.850000000000001 34.45000000000001 0.61237135649459018 2.2238961949053073 -0.81428571428571506 0.4500000000000029
decision_type=2 2 2 2 2 2 2 2
left_child=2 -2 3 -1 5 -4 -3 -8
right_child=1 6 4 -5 -6 -7 7 -9
leaf_value=0.0015890759172352833 -0.11332199354517049 -0.053177612243309934 -0.012687894124304391 0.11099514709259567 -0.052168721361945752 0.051525169156672844 0.054931605523152745 -0.019924876689181921
leaf_weight=56 65 56 77 53 64 77 49 76
leaf_count=56 65 56 77 53 64 77 49 76
internal_value=-0.00618345 -0.0372673 0.017197 0.0547979 -0.00159784 0.0194106 -0.00994801 0.009409
internal_weight=573 246 327 109 218 154 181 125
internal_count=573 246 327 109 218 154 181 125
is_linear=0
shrinkage=0.0858022


Tree=31
num_leaves=8
num_cat=0
split_feature=5 8 1 8 4 7 10
split_gain=74.6996 48.6177 70.2838 32.3213 31.3605 48.8106 6.12029
threshold=0.037500000000000006 0.13300000000000003 38.850000000000001 0.16350000000000003 -0.099822328936730778 6736.5000000000009 -2.5499999999999967
decision_type=2 2 2 2 2 2 2
left_child=1 2 -1 -3 5 -5 -7
right_child=-2 3 -4 4 -6 6 -8
leaf_value=-0.00055982273477937642 -0.081873099560162491 -0.07412731967569143 0.11605969256337514 -0.087625118182895659 0.040988709094735017 0.027356967877060663 -0.0089620245679819747
leaf_weight=96 82 52 63 56 91 62 76
leaf_count=96 82 52 63 56 91 62 76
internal_value=-0.00600944 0.00653006 0.0456402 -0.0119188 -0.000564153 -0.0200618 0.00734626
internal_weight=578 496 159 337 285 194 138
internal_count=578 496 159 337 285 194 138
is_linear=0
shrinkage=0.0858022


Tree=32
num_leaves=9
num_cat=0
split_feature=2 5 13 3 2 7 2 10
split_gain=46.1464 60.0506 41.9134 20.3902 33.5033 34.1696 18.2918 14.2433
threshold=14.000000000000002 1.0000000180025095e-35 1.3396838344783604 0.039769539193789956 27.550000000000001 7169.5000000000009 23.000000000000007 -1.0000000180025095e-35
decision_type=2 2 2 2 2 2 2 2
left_child=-1 2 -2 6 5 7 -4 -5
right_child=1 -3 3 4 -6 -7 -8 -9
leaf_value=0.053157045038300411 -0.077349725479909037 -0.10248872822976987 0.057047999825107512 -0.028117656021018272 0.0464040152739826 0.026562680404447519 -0.0015549485560576418 -0.093258139750672972
leaf_weight=91 49 50 86 49 55 49 72 50
leaf_count=91 49 50 86 49 55 49 72 50
internal_value=-0.00266788 -0.0137142 -0.002885 0.00721899 -0.0107667 -0.032021 0.0303351 -0.0610294
internal_weight=551 460 410 361 203 148 158 99
internal_count=551 460 410 361 203 148 158 99
is_linear=0
shrinkage=0.0858022


Tree=33
num_leaves=9
num_cat=0
split_feature=9 2 10 11 2 3 7 2
split_gain=58.7673 71.0882 40.1147 37.873 32.6157 39.4154 52.8417 103.169
threshold=1.8499999999999981 20.849999999999998 1.9500000000000031 -3.5071428571428567 25.550000000000001 -0.65234524191686594 6800.5000000000009 15.35
decision_type=2 2 2 2 2 2 2 2
left_child=2 -2 3 -1 5 -5 7 -7
right_child=1 -3 -4 4 -6 6 -8 -9
leaf_value=0.042187768626394409 0.12123950358606907 -0.011418521078489015 0.048425177670557221 0.0089664709952145538 0.013799775440836147 -0.0098591367344572235 -0.0050684683698257417 -0.17224479726385122
leaf_weight=57 61 58 70 63 80 50 61 68
leaf_count=57 61 58 70 63 80 50 61 68
internal_value=0.00296108 0.0565723 -0.0112449 -0.0222691 -0.033683 -0.0493849 -0.0699288 -0.103448
internal_weight=568 119 449 379 322 242 179 118
internal_count=568 119 449 379 322 242 179 118
is_linear=0
shrinkage=0.0858022


end of trees

feature_importances:
forecast_diurnal_range=41
forecast_high=29
lag_high_1d=29
day_sin=28
forecast_radiation=22
roll_high_14d_mean=20
day_cos=17
lag_high_2d=17
forecast_evap=16
forecast_wind=15
roll_high_7d_std=14
forecast_low=12
roll_high_7d_mean=10
forecast_precip=6

parameters:
[boosting: gbdt]
[objective: regression]
[metric: l2]
[tree_learner: serial]
[device_type: cpu]
[data_sample_strategy: bagging]
[data: ]
[valid: ]
[num_iterations: 34]
[learning_rate: 0.0858022]
[num_leaves: 18]
[num_threads: 2]
[seed: 42]
[deterministic: 0]
[force_col_wise: 0]
[force_row_wise: 0]
[histogram_pool_size: -1]
[max_depth: -1]
[min_data_in_leaf: 49]
[min_sum_hessian_in_leaf: 0.001]
[bagging_fraction: 0.721846]
[pos_bagging_fraction: 1]
[neg_bagging_fraction: 1]
[bagging_freq: 1]
[bagging_seed: 400]
[bagging_by_query: 0]
[feature_fraction: 0.923359]
[feature_fraction_bynode: 1]
[feature_fraction_seed: 30056]
[extra_trees: 0]
[extra_seed: 12879]
[early_stopping_round: 0]
[early_stopping_min_delta: 0]
[first_metric_only: 0]
[max_delta_step: 0]
[lambda_l1: 0.0143912]
[lambda_l2: 9.14898e-05]
[linear_lambda: 0]
[min_gain_to_split: 0]
[drop_rate: 0.1]
[max_drop: 50]
[skip_drop: 0.5]
[xgboost_dart_mode: 0]
[uniform_drop: 0]
[drop_seed: 17869]
[top_rate: 0.2]
[other_rate: 0.1]
[min_data_per_group: 100]
[max_cat_threshold: 32]
[cat_l2: 10]
[cat_smooth: 10]
[max_cat_to_onehot: 4]
[top_k: 20]
[monotone_constraints: ]
[monotone_constraints_method: basic]
[monotone_penalty: 0]
[feature_contri: ]
[forcedsplits_filename: ]
[refit_decay_rate: 0.9]
[cegb_tradeoff: 1]
[cegb_penalty_split: 0]
[cegb_penalty_feature_lazy: ]
[cegb_penalty_feature_coupled: ]
[path_smooth: 0]
[interaction_constraints: ]
[verbosity: -1]
[saved_feature_importance_type: 0]
[use_quantized_grad: 0]
[num_grad_quant_bins: 4]
[quant_train_renew_leaf: 0]
[stochastic_rounding: 1]
[linear_tree: 0]
[max_bin: 255]
[max_bin_by_feature: ]
[min_data_in_bin: 3]
[bin_construct_sample_cnt: 200000]
[data_random_seed: 175]
[is_enable_sparse: 1]
[enable_bundle: 1]
[use_missing: 1]
[zero_as_missing: 0]
[feature_pre_filter: 1]
[pre_partition: 0]
[two_round: 0]
[header: 0]
[label_column: ]
[weight_column: ]
[group_column: ]
[ignore_column: ]
[categorical_feature: ]
[forcedbins_filename: ]
[precise_float_parser: 0]
[parser_config_file: ]
[objective_seed: 16083]
[num_class: 1]
[is_unbalance: 0]
[scale_pos_weight: 1]
[sigmoid: 1]
[boost_from_average: 1]
[reg_sqrt: 0]
[alpha: 0.9]
[fair_c: 1]
[poisson_max_delta_step: 0.7]
[tweedie_variance_power: 1.5]
[lambdarank_truncation_level: 30]
[lambdarank_norm: 1]
[label_gain: ]
[lambdarank_position_bias_regularization: 0]
[eval_at: ]
[multi_error_top_k: 1]
[auc_mu_weights: ]
[num_machines: 1]
[local_listen_port: 12400]
[time_out: 120]
[machine_list_filename: ]
[machines: ]
[gpu_platform_id: -1]
[gpu_device_id: -1]
[gpu_use_dp: 0]
[num_gpu: 1]

end of parameters

pandas_categorical:[]
