tree
version=v4
num_class=1
num_tree_per_iteration=1
label_index=0
max_feature_idx=13
objective=regression
feature_names=forecast_high forecast_low forecast_diurnal_range day_sin day_cos forecast_precip forecast_wind forecast_radiation forecast_evap lag_high_1d lag_high_2d roll_high_7d_mean roll_high_14d_mean roll_high_7d_std
feature_infos=[35.899999999999999:94.799999999999997] [25.300000000000001:68.299999999999997] [2.3999999999999986:32.299999999999997] [-0.99999942202469239:0.99998555065071859] [-0.99997919295908244:0.9999907524084426] [0:1.798] [3:26.600000000000001] [39:8681] [0.0080000000000000002:0.318] [-11.700000000000005:9.5999999999999996] [-11.700000000000005:9.5999999999999996] [-5.8142857142857149:4.4571428571428573] [-5.6928571428571431:3.7785714285714289] [0.57940856544781816:5.8285830998949466]
tree_sizes=839 1053 980 984 970 1052 983 897 1064 1061 897 1147 1069 1053 981 900 1048 992 989 968 988 982 1074 995 988 1074 1069 1069 993 1080 993 1066 1001 1081 1137 1062 990 889 1073 1075 996 998 1075 1144 997 1056 1076 1062 998 989 1063 1125 1073 1066 988 1074 908 999 994 994 998

Tree=0
num_leaves=9
num_cat=0
split_feature=11 2 2 4 11 2 10 6
split_gain=582.72 398.453 172.11 95.4913 75.5306 54.7574 31.767 29.2654
threshold=0.64285714285714401 10.850000000000003 14.85 0.46611290379786346 -0.57857142857142796 8.1500000000000004 2.0499999999999976 13.15
decision_type=2 2 2 2 2 2 2 2
left_child=1 -1 3 7 -3 -5 -4 -2
right_child=2 4 6 5 -6 -7 -8 -9
leaf_value=0.85843868919851374 1.0430292324368413 0.53908819546192532 0.74948819529818034 0.9388000245464071 0.67344326797085363 0.81727553621894178 0.84579795607107244 0.9431377952992146
leaf_weight=74 49 62 53 54 67 56 48 46
leaf_count=74 49 62 53 54 67 56 48 46
internal_value=0.812241 0.699098 0.887368 0.93267 0.607888 0.877338 0.795214 0.995863
internal_weight=509 203 306 205 129 110 101 95
internal_count=509 203 306 205 129 110 101 95
is_linear=0
shrinkage=1


Tree=1
num_leaves=11
num_cat=0
split_feature=0 7 10 2 4 2 4 0 7 12
split_gain=499.96 341.804 180.575 122.837 164.283 120.012 73.9918 53.9995 43.3089 29.4335
threshold=71.250000000000014 7709.0000000000009 1.8499999999999981 9.9999999999999982 0.62420859727530387 15.150000000000004 0.66367808336324663 53.150000000000013 4076.0000000000005 1.8857142857142857
decision_type=2 2 2 2 2 2 2 2 2 2
left_child=2 -2 3 6 5 -5 -1 9 -9 -4
right_child=1 -3 7 4 -6 -7 -8 8 -10 -11
leaf_value=0.16491773635653498 -0.26544007482784687 0.05240597571942212 0.10928778605505229 0.11120548466732721 -0.20494479885149106 -0.085894453658989928 0.012653622049546381 0.0041985823259955398 0.13083698860196324 0.21153262585540572
leaf_weight=38 73 38 43 43 38 48 62 42 38 46
leaf_count=38 73 38 43 43 38 48 62 42 38 46
internal_value=0.00444463 -0.156944 0.0496303 -0.00034356 -0.0558628 0.00736386 0.0711785 0.117098 0.0648994 0.163239
internal_weight=509 111 398 229 129 91 100 169 80 89
internal_count=509 111 398 229 129 91 100 169 80 89
is_linear=0
shrinkage=0.0862736


Tree=2
num_leaves=10
num_cat=0
split_feature=0 8 2 7 8 10 2 3 13
split_gain=525.98 239.432 193.514 125.999 67.5534 64.2627 63.0158 34.9735 31.5382
threshold=71.250000000000014 0.18350000000000002 9.4000000000000039 4176.0000000000009 0.037500000000000006 2.5499999999999976 18.350000000000005 -0.091260668982868137 1.9625056532293608
decision_type=2 2 2 2 2 2 2 2 2
left_child=2 -2 4 5 7 8 -5 -1 -4
right_child=1 -3 3 6 -6 -7 -8 -9 -10
leaf_value=0.11996106309690126 -0.3375726549230712 -0.082885634438823602 -0.17185300938191125 0.12772766191036261 0.18938228504056923 0.021158791643211529 -0.020341055471064691 0.02634101205973842 -0.071753514039948604
leaf_weight=50 44 73 38 45 44 38 40 73 64
leaf_count=50 44 73 38 45 44 38 40 73 64
internal_value=-0.0199351 -0.179949 0.0280346 -0.0241834 0.0982161 -0.074365 0.0584082 0.0648117 -0.109864
internal_weight=509 117 392 225 167 140 85 123 102
internal_count=509 117 392 225 167 140 85 123 102
is_linear=0
shrinkage=0.0862736


Tree=3
num_leaves=10
num_cat=0
split_feature=0 9 2 7 7 8 10 12 3
split_gain=447.248 269.336 140.624 141.464 61.1903 59.0378 52.8787 48.944 28.9099
threshold=68.600000000000009 -2.4500000000000024 9.4000000000000039 4176.0000000000009 7597.5000000000009 0.031500000000000007 1.2500000000000002 0.21785714285714294 -0.056952163117076689
decision_type=2 2 2 2 2 2 2 2 2
left_child=2 -2 5 6 -3 8 7 -4 -1
right_child=1 4 3 -5 -6 -7 -8 -9 -10
leaf_value=0.096673857130366692 -0.33702358368762669 -0.12908384503203213 -0.043361885981877561 0.087535297016576682 0.008192697213417555 0.15378976910891481 -0.0051808101975644128 -0.18042113506688659 0.0049070128288447477
leaf_weight=48 40 58 39 65 41 65 60 39 54
leaf_count=48 40 58 39 65 41 65 60 39 54
internal_value=-0.0182363 -0.149815 0.0313639 -0.0168787 -0.072537 0.0898505 -0.0662321 -0.11278 0.0484169
internal_weight=509 139 370 203 99 167 138 78 102
internal_count=509 139 370 203 99 167 138 78 102
is_linear=0
shrinkage=0.0862736


Tree=4
num_leaves=10
num_cat=0
split_feature=9 2 3 7 1 8 1 9 6
split_gain=305.812 140.21 95.2182 116.151 81.0453 79.0887 78.5204 69.4896 24.7318
threshold=-2.8499999999999974 9.1500000000000004 -0.21022463061426777 2326.0000000000005 41.050000000000004 0.031500000000000007 47.45000000000001 0.75000000000000011 13.15
decision_type=2 2 2 2 2 2 2 2 2
left_child=-1 5 7 -4 -5 8 -6 -3 -2
right_child=1 2 3 4 6 -7 -8 -9 -10
leaf_value=-0.18721857009072215 -0.0035091475610106318 -0.14472558124755014 -0.10288345034921693 0.14753392507520804 -0.066176402064851939 0.17351963263811793 0.083307813544907072 -0.0072454126755056546 0.085141503924387699
leaf_weight=59 46 55 42 50 48 53 56 54 47
leaf_count=59 46 55 42 50 48 53 56 54 47
internal_value=-0.0035835 0.0206654 -0.0126401 0.0233081 0.0580006 0.0899995 0.0143319 -0.0770455 0.0415619
internal_weight=510 451 305 196 154 146 104 109 93
internal_count=510 451 305 196 154 146 104 109 93
is_linear=0
shrinkage=0.0862736


Tree=5
num_leaves=11
num_cat=0
split_feature=9 2 3 11 9 2 7 13 6 12
split_gain=258.839 142.591 109.921 68.0087 61.2551 50.7345 42.6984 30.6967 18.0265 14.8007
threshold=-3.7499999999999996 17.450000000000006 -0.46801505794253101 1.5857142857142867 2.0999999999999983 9.9999999999999982 2295.5000000000005 2.0670885081872297 13.15 0.16071428571428595
decision_type=2 2 2 2 2 2 2 2 2 2
left_child=-1 3 -3 4 5 -2 8 -4 -5 -7
right_child=1 2 7 6 -6 9 -8 -9 -10 -11
leaf_value=-0.20946731769206603 0.035555978099147151 -0.18377268595975033 0.048669081261562608 0.0073725566105189979 0.094523236661209958 -0.026365947520116888 0.14329709685937808 -0.051834682763642309 0.089095941121681343 -0.10278766202339791
leaf_weight=41 72 38 38 41 49 38 62 54 39 38
leaf_count=41 72 38 38 41 49 38 62 54 39 38
internal_value=-0.00327669 0.0150031 -0.0616252 0.0444479 0.0115593 -0.0161902 0.0898246 -0.010274 0.0475943 -0.0651032
internal_weight=510 469 130 339 197 148 142 92 80 76
internal_count=510 469 130 339 197 148 142 92 80 76
is_linear=0
shrinkage=0.0862736


Tree=6
num_leaves=10
num_cat=0
split_feature=11 0 2 4 11 1 4 10 11
split_gain=316.505 150.681 99.052 125.495 90.8981 82.9749 42.8761 40.6524 8.58818
threshold=-0.6571428571428567 72.550000000000011 10.549999999999999 0.32410992729244009 1.3214285714285721 42.150000000000013 -0.57077231802681661 1.8499999999999981 2.278571428571428
decision_type=2 2 2 2 2 2 2 2 2
left_child=1 -1 3 -2 6 -6 -4 -5 -7
right_child=2 -3 4 7 5 8 -8 -9 -10
leaf_value=-0.050537644780423621 0.19315898999017775 -0.26971347812828617 -0.0085724459253045879 -0.015755540583883863 0.12832046702556443 -0.04367674483869502 -0.11629745445262094 0.081560956203125479 0.013918234309266872
leaf_weight=54 49 41 52 66 49 38 58 61 38
leaf_count=54 49 41 52 66 49 38 58 61 38
internal_value=-0.00488723 -0.146273 0.0279656 0.0767837 -0.00870271 0.04154 -0.0657088 0.0311574 -0.0150005
internal_weight=506 95 411 176 235 125 110 127 76
internal_count=506 95 411 176 235 125 110 127 76
is_linear=0
shrinkage=0.0862736


Tree=7
num_leaves=9
num_cat=0
split_feature=11 0 6 8 4 6 11 8
split_gain=264.949 126.18 80.5043 58.6358 66.9904 97.5779 30.8408 17.5992
threshold=-0.6571428571428567 72.550000000000011 8.9500000000000011 0.097500000000000017 0.5969655492110445 12.750000000000002 1.3357142857142865 0.20049999999999998
decision_type=2 2 2 2 2 2 2 2
left_child=1 -1 6 4 5 -4 -2 -5
right_child=2 -3 3 7 -6 -7 -8 -9
leaf_value=-0.046227434654147949 -0.077253794708632625 -0.2467934855667557 0.20388594291933512 -0.03234216075122745 0.012996627579666253 0.044540934783753788 0.0075088149071916629 0.041840188631702836
leaf_weight=54 58 41 54 59 70 61 70 39
leaf_count=54 58 41 54 59 70 61 70 39
internal_value=-0.00447491 -0.133834 0.0255833 0.0512276 0.0797302 0.120061 -0.0310879 -0.0027426
internal_weight=506 95 411 283 185 115 128 98
internal_count=506 95 411 283 185 115 128 98
is_linear=0
shrinkage=0.0862736


Tree=8
num_leaves=11
num_cat=0
split_feature=9 2 4 7 3 2 11 0 7 2
split_gain=350.49 100.189 112.975 77.3085 71.8268 52.0584 30.4988 23.0943 25.3143 26.337
threshold=-3.8499999999999974 18.050000000000001 0.62420859727530387 7709.0000000000009 -0.12546116083924147 9.4000000000000039 0.54285714285714304 48.050000000000004 4176.0000000000009 11.549999999999999
decision_type=2 2 2 2 2 2 2 2 2 2
left_child=-1 2 7 6 -4 -6 -3 -2 9 -9
right_child=1 3 4 -5 5 -7 -8 8 -10 -11
leaf_value=-0.24473649317230436 0.14323461891221662 -0.14699677726658408 0.056245814927890068 0.053427016526166542 -0.0047323111754890906 -0.13551774411090192 -0.04410406260548206 0.078140937967782584 0.11593581136309918 -0.0051479367229850161
leaf_weight=39 40 38 67 41 53 39 50 75 60 45
leaf_count=39 40 38 67 41 53 39 50 75 60 45
internal_value=0.00240633 0.0216571 0.0439959 -0.0438695 -0.0114018 -0.0607139 -0.0892578 0.0839522 0.0703285 0.0470427
internal_weight=547 508 379 129 159 92 88 220 180 120
internal_count=547 508 379 129 159 92 88 220 180 120
is_linear=0
shrinkage=0.0862736


Tree=9
num_leaves=11
num_cat=0
split_feature=9 0 4 7 3 0 5 13 7 9
split_gain=293.451 69.4815 76.4309 67.4055 60.436 28.7481 24.9795 21.7198 19.7875 13.8597
threshold=-3.8499999999999974 68.950000000000003 0.62420859727530387 7709.0000000000009 -0.091260668982868137 56.650000000000013 0.14650000000000002 1.9414648362836187 4176.0000000000009 3.0999999999999983
decision_type=2 2 2 2 2 2 2 2 2 2
left_child=-1 2 5 -3 -4 6 9 -6 -7 -2
right_child=1 3 4 -5 7 8 -8 -9 -10 -11
leaf_value=-0.22395501011459551 0.087588005832874655 -0.094274616065889619 0.049283540584305244 0.04874310081103625 -0.10411645261392637 -0.0067089220847247515 0.039101002223813346 -0.018508023536787464 0.066528882163842173 0.15825701216428315
leaf_weight=39 51 67 70 38 40 50 44 49 60 39
leaf_count=39 51 67 70 38 40 50 44 49 60 39
internal_value=0.00218552 0.0198004 0.036082 -0.0425337 -0.0104465 0.066351 0.0931288 -0.0574412 0.033389 0.119091
internal_weight=547 508 403 105 159 244 134 89 110 90
internal_count=547 508 403 105 159 244 134 89 110 90
is_linear=0
shrinkage=0.0862736


Tree=10
num_leaves=9
num_cat=0
split_feature=9 6 1 0 10 1 10 0
split_gain=143.343 100.045 56.4616 38.1336 29.8476 46.9081 31.0315 28.7307
threshold=-3.8499999999999974 7.8500000000000005 38.150000000000013 61.150000000000013 1.9000000000000024 49.45000000000001 3.0499999999999976 52.45000000000001
decision_type=2 2 2 2 2 2 2 2
left_child=-1 3 -3 -2 5 7 -6 -4
right_child=1 2 4 -5 6 -7 -8 -9
leaf_value=-0.15488935627773348 -0.016261228765066738 0.11334951118240304 0.014495571002802262 -0.1218143522719803 0.099435931544827869 0.056576556267524981 0.013180812731762909 -0.072435358331967487
leaf_weight=38 72 63 52 39 62 71 62 61
leaf_count=38 72 63 52 39 62 71 62 61
internal_value=0.00504268 0.0178356 0.0393292 -0.0538215 0.0239899 0.00190276 0.0565906 -0.032572
internal_weight=520 482 371 111 308 184 124 113
internal_count=520 482 371 111 308 184 124 113
is_linear=0
shrinkage=0.0862736


Tree=11
num_leaves=12
num_cat=0
split_feature=10 6 2 7 0 6 5 7 5 11 11
split_gain=123.721 86.3831 57.7957 42.9291 85.0681 41.682 40.3734 32.9197 26.5927 13.3472 9.12919
threshold=-1.7499999999999998 9.0500000000000025 11.200000000000001 2821.5000000000005 60.95000000000001 12.950000000000001 0.27450000000000002 7813.0000000000009 0.16050000000000003 1.4642857142857146 0.78571428571428636
decision_type=2 2 2 2 2 2 2 2 2 2 2
left_child=1 -1 5 -4 -5 8 -7 10 9 -2 -6
right_child=2 -3 3 4 7 6 -8 -9 -10 -11 -12
leaf_value=-0.17878259824194942 0.084078712960656027 -0.0080054325654982401 -0.090707586440700108 0.10966711550537572 -0.083592247254285518 0.14577885711788266 0.035452874752896359 0.040761600047334111 -0.038017825182605172 0.013614293302832325 -0.028427525023168098
leaf_weight=41 39 47 38 46 42 54 46 38 39 41 49
leaf_count=41 39 47 38 46 42 54 46 38 39 41 49
internal_value=0.00460056 -0.0882713 0.023619 -0.008378 0.00975828 0.0546747 0.095564 -0.0262249 0.0199945 0.0483509 -0.0542844
internal_weight=520 88 432 213 175 219 100 129 119 80 91
internal_count=520 88 432 213 175 219 100 129 119 80 91
is_linear=0
shrinkage=0.0862736


Tree=12
num_leaves=11
num_cat=0
split_feature=9 2 4 1 2 8 8 9 6 13
split_gain=125.446 68.333 109.24 79.3449 55.8404 44.1733 30.9451 40.7344 25.3388 6.44717
threshold=-3.8499999999999974 8.8000000000000025 0.71952396275653763 41.050000000000004 13.850000000000003 0.033500000000000009 0.12650000000000003 -0.34999999999999781 11.750000000000002 2.3618994775655779
decision_type=2 2 2 2 2 2 2 2 2 2
left_child=-1 5 3 -3 -5 8 -6 -8 -2 -9
right_child=1 2 -4 4 6 -7 7 9 -10 -11
leaf_value=-0.14468340700287641 -0.020899136338548861 0.094926260340656557 -0.11975247936575524 0.058454541229811349 -0.10109770313005814 0.13861775078367358 -0.083523648852803209 -0.0034429911407653909 0.070913106344469762 0.045941642979109493
leaf_weight=39 38 70 52 63 41 43 41 38 53 40
leaf_count=39 38 70 52 63 41 43 41 38 53 40
internal_value=0.00285279 0.0150379 -0.00529494 0.0152299 -0.0099822 0.0671691 -0.0370517 -0.0145728 0.0326928 0.0220462
internal_weight=518 479 345 293 223 134 160 119 91 78
internal_count=518 479 345 293 223 134 160 119 91 78
is_linear=0
shrinkage=0.0862736


Tree=13
num_leaves=11
num_cat=0
split_feature=10 9 2 4 1 2 6 3 8 6
split_gain=108.954 57.3715 48.4324 83.0153 60.3727 36.8277 65.2727 43.2508 33.3603 27.2863
threshold=-1.7499999999999998 -1.2499999999999998 8.8000000000000025 0.71952396275653763 41.050000000000004 12.750000000000002 11.350000000000003 -0.21861968191509912 0.033500000000000009 12.15
decision_type=2 2 2 2 2 2 2 2 2 2
left_child=1 -1 8 4 -4 -6 7 -7 9 -2
right_child=2 -3 3 -5 5 6 -8 -9 -10 -11
leaf_value=-0.15717401372260895 -0.016475500661990935 -0.020970164028370139 0.093841236026658045 -0.1046133464263015 0.063661032836497197 -0.051089615681410266 -0.11368857104313665 0.059741729879534224 0.13348678762747618 0.082088983943079355
leaf_weight=41 39 52 64 45 47 45 42 61 38 44
leaf_count=41 39 52 64 45 47 45 42 61 38 44
internal_value=0.00259996 -0.081665 0.0211319 0.0027182 0.0215733 -0.00236924 -0.0235177 0.012667 0.0671429 0.0359984
internal_weight=518 93 425 304 259 195 148 106 121 83
internal_count=518 93 425 304 259 195 148 106 121 83
is_linear=0
shrinkage=0.0862736


Tree=14
num_leaves=10
num_cat=0
split_feature=9 6 3 6 0 12 5 0 4
split_gain=92.5737 66.0065 41.4618 29.0324 26.5053 69.0503 22.0057 20.4708 17.7521
threshold=1.3499999999999981 12.850000000000003 0.62587949062545845 7.8500000000000005 70.750000000000014 0.064285714285714404 0.26050000000000006 62.050000000000004 0.39629089145655316
decision_type=2 2 2 2 2 2 2 2 2
left_child=1 2 4 -2 5 -1 7 8 -5
right_child=3 -3 -4 6 -6 -7 -8 -9 -10
leaf_value=0.02287707097129384 -0.017818090593354985 0.048244013379089387 0.01728304380703467 0.12719547192303576 -0.11761246211198362 -0.12058043531457373 0.0011134102651357883 0.027147583404292713 0.049433244487175045
leaf_weight=51 50 57 45 55 67 48 42 50 38
leaf_count=51 50 57 45 55 67 48 42 50 38
internal_value=0.000868144 -0.0337537 -0.0559818 0.0403366 -0.075833 -0.046998 0.0560611 0.0721246 0.0959634
internal_weight=503 268 211 235 166 99 185 143 93
internal_count=503 268 211 235 166 99 185 143 93
is_linear=0
shrinkage=0.0862736


Tree=15
num_leaves=9
num_cat=0
split_feature=10 0 3 10 9 1 3 7
split_gain=91.5209 67.9334 76.2367 49.7 37.2541 37.0595 28.8467 11.9897
threshold=1.8499999999999981 74.850000000000009 -0.55657520495441892 2.8499999999999983 1.3499999999999981 36.850000000000001 0.66527693225344786 2606.5000000000005
decision_type=2 2 2 2 2 2 2 2
left_child=1 2 -1 -2 5 -4 -5 -6
right_child=3 -3 4 6 7 -7 -8 -9
leaf_value=0.06534718115396454 0.11090050371689673 -0.11673340182092444 -0.013394431826904423 -0.023724330393208714 -0.03004030128875208 -0.11434302916017726 0.060196559637545166 0.03496280160213279
leaf_weight=73 63 52 48 63 38 62 58 46
leaf_count=73 63 52 48 63 38 62 58 46
internal_value=0.000797235 -0.0271382 -0.00945725 0.0491568 -0.0377247 -0.0706171 0.0166048 0.00555196
internal_weight=503 319 267 184 194 110 121 84
internal_count=503 319 267 184 194 110 121 84
is_linear=0
shrinkage=0.0862736


Tree=16
num_leaves=11
num_cat=0
split_feature=0 4 2 10 5 2 10 2 11 11
split_gain=99.0434 59.4112 62.5904 58.1951 28.5596 34.2605 23.7088 22.4509 16.7088 3.42624
threshold=71.750000000000014 0.81304046271159414 8.4500000000000046 -0.45000000000000279 0.17450000000000002 14.85 2.2500000000000004 8.2500000000000018 1.3214285714285721 1.6285714285714281
decision_type=2 2 2 2 2 2 2 2 2 2
left_child=1 4 -3 -2 5 6 8 -6 -1 -7
right_child=3 2 -4 -5 7 9 -8 -9 -10 -11
leaf_value=0.08941126005205377 -0.13340848598042201 0.046065602925484943 -0.09491825759611619 -0.008019878848448115 0.044849348204120745 -0.0013231422668663255 0.12465605211009489 -0.04596381503722987 0.01459596006705673 0.03167277475614224
leaf_weight=46 52 40 55 58 38 46 59 42 43 47
leaf_count=46 52 40 55 58 38 46 59 42 43 47
internal_value=0.00485879 0.0241212 -0.0356435 -0.067713 0.0418434 0.0566365 0.0823422 -0.00281429 0.0536182 0.0154523
internal_weight=526 416 95 110 321 241 148 80 89 93
internal_count=526 416 95 110 321 241 148 80 89 93
is_linear=0
shrinkage=0.0862736


Tree=17
num_leaves=10
num_cat=0
split_feature=9 9 13 10 11 3 2 5 9
split_gain=88.3729 43.1378 38.3309 54.3937 34.6941 32.4356 13.9422 13.7826 12.7214
threshold=-3.9500000000000024 2.5499999999999976 1.456838628279699 -2.1500000000000017 0.92142857142857248 0.58481550752069722 13.800000000000002 0.12650000000000003 -1.0000000180025095e-35
decision_type=2 2 2 2 2 2 2 2 2
left_child=-1 2 -2 -4 8 -6 7 -3 -5
right_child=1 6 3 4 5 -7 -8 -9 -10
leaf_value=-0.12118759030329494 -0.067773357790679459 0.1073023390546376 -0.076139192169266026 0.035131683226706664 -0.043226123202229509 0.042913483185491513 0.021169422994126549 0.036739814291690424 0.093386823423380227
leaf_weight=38 55 47 45 65 71 59 58 38 50
leaf_count=38 55 47 45 65 71 59 58 38 50
internal_value=0.00444653 0.0143719 -0.00216381 0.0103983 0.0264461 -0.00411373 0.0541017 0.0762548 0.0608276
internal_weight=526 488 345 290 245 130 143 85 115
internal_count=526 488 345 290 245 130 143 85 115
is_linear=0
shrinkage=0.0862736


Tree=18
num_leaves=10
num_cat=0
split_feature=0 7 4 10 13 10 10 7 7
split_gain=51.2873 50.3696 31.586 19.5277 36.8951 33.3614 18.2216 19.0627 15.8211
threshold=69.200000000000003 7094.5000000000009 0.14037931941357637 1.8499999999999981 2.2200920460234648 2.8499999999999983 -0.24999999999999992 4113.5000000000009 1703.5000000000002
decision_type=2 2 2 2 2 2 2 2 2
left_child=2 -2 6 4 8 -5 -1 -8 -4
right_child=1 -3 3 5 -6 -7 7 -9 -10
leaf_value=0.1013114000202561 -0.092889768320051413 0.018670914926199475 -0.019082396970449229 0.092186235438725617 0.031020845093857431 -0.0089776489766682319 -0.012214055078005737 0.063540034529827136 -0.093686620902138529
leaf_weight=41 67 54 45 40 66 60 41 61 40
leaf_count=41 67 54 45 40 66 60 41 61 40
internal_value=0.00572787 -0.0432621 0.0208177 0.00234836 -0.0172126 0.0318089 0.0530847 0.0332008 -0.0546176
internal_weight=515 121 394 251 151 100 143 102 85
internal_count=515 121 394 251 151 100 143 102 85
is_linear=0
shrinkage=0.0862736


Tree=19
num_leaves=10
num_cat=0
split_feature=0 7 4 5 2 10 2 6 2
split_gain=42.8985 42.1297 27.1775 39.347 34.5621 21.0302 23.6884 15.9471 12.2313
threshold=69.200000000000003 7094.5000000000009 0.81304046271159414 0.28850000000000003 8.4500000000000046 -0.90000000000000202 14.300000000000002 12.15 11.049999999999999
decision_type=2 2 2 2 2 2 2 2 2
left_child=2 -2 3 5 -4 -1 7 8 -7
right_child=1 -3 4 -5 -6 6 -8 -9 -10
leaf_value=0.0986806891663978 -0.084949850636036037 0.017078525260916851 0.033103640930869635 -0.041514753554329903 -0.072101420817009806 0.0044682627986029266 -0.011002239442066181 0.089745163353955743 0.066705077537073776
leaf_weight=44 67 54 44 46 48 56 63 53 40
leaf_count=44 67 54 44 46 48 56 63 53 40
internal_value=0.00524206 -0.0395626 0.0190427 0.0315354 -0.021902 0.0447307 0.0332766 0.0519662 0.0306638
internal_weight=515 121 394 302 92 256 212 149 96
internal_count=515 121 394 302 92 256 212 149 96
is_linear=0
shrinkage=0.0862736


Tree=20
num_leaves=10
num_cat=0
split_feature=2 7 9 13 4 13 10 6 3
split_gain=76.6446 83.3404 44.1368 37.5724 24.0605 23.3168 13.8447 13.7312 6.84655
threshold=10.549999999999999 3060.5000000000005 -1.5499999999999969 2.0175420298725544 0.32410992729244009 2.440530682007966 2.0999999999999983 11.450000000000001 0.17646842360078757
decision_type=2 2 2 2 2 2 2 2 2
left_child=4 -2 -3 -4 -1 -5 -7 8 -6
right_child=1 2 3 5 7 6 -8 -9 -10
leaf_value=0.077416445995208361 -0.11245326606200848 -0.08748981351960991 0.068891390865794641 -0.062162193943902995 0.016169691116564203 0.042686639329576358 -0.024379655550446442 0.042096376029043946 -0.034903283393440405
leaf_weight=68 72 41 57 48 38 49 42 74 39
leaf_count=68 72 41 57 48 38 49 42 74 39
internal_value=-0.00394727 -0.0315939 -0.00679797 0.0103057 0.0350399 -0.0139193 0.0117778 0.0157161 -0.00977114
internal_weight=528 309 237 196 219 139 91 151 77
internal_count=528 309 237 196 219 139 91 151 77
is_linear=0
shrinkage=0.0862736


Tree=21
num_leaves=10
num_cat=0
split_feature=2 9 7 13 13 6 7 0 11
split_gain=64.1062 69.8005 64.2651 29.816 23.971 20.2562 30.7236 18.6953 9.32907
threshold=10.549999999999999 -2.5499999999999967 3108.0000000000005 2.0175420298725544 2.440530682007966 8.5500000000000025 1991.0000000000002 48.95000000000001 1.2928571428571431
decision_type=2 2 2 2 2 2 2 2 2
left_child=5 -2 -3 -4 -5 -1 7 -7 -6
right_child=1 2 3 4 8 6 -8 -9 -10
leaf_value=-0.011583636467298732 -0.13142972989107818 -0.088208661291108922 0.063683002653182968 -0.058378580659783734 -0.010378422998127962 0.063164519676896569 0.10115556715392375 -0.0092743452249925487 0.04261981532539133
leaf_weight=58 42 63 57 49 51 45 53 63 47
leaf_count=58 42 63 57 49 51 45 53 63 47
internal_value=-0.00361428 -0.0288986 -0.012501 0.0110772 -0.00950413 0.0320416 0.0477415 0.0210982 0.015148
internal_weight=528 309 267 204 147 219 161 108 98
internal_count=528 309 267 204 147 219 161 108 98
is_linear=0
shrinkage=0.0862736


Tree=22
num_leaves=11
num_cat=0
split_feature=2 12 7 5 2 12 4 4 13 4
split_gain=32.4639 39.6153 39.0291 23.687 23.6073 27.227 25.0415 18.5817 16.0359 23.7076
threshold=8.8000000000000025 2.3142857142857154 7709.0000000000009 0.37300000000000005 17.650000000000002 0.21785714285714294 0.78724360164103002 0.41985448298472505 2.1728285355914534 -0.048362832084465547
decision_type=2 2 2 2 2 2 2 2 2 2
left_child=3 2 4 7 6 -6 8 -1 -2 -10
right_child=1 -3 -4 -5 5 -7 -8 -9 9 -11
leaf_value=0.097917751057866084 -0.034004491503440877 0.06332799898877442 0.051358189652810436 -0.026352377700718604 -0.026698020151147674 -0.11650651050463617 -0.069340752881721007 0.024995240050064298 -0.018212507024595589 0.073101808129690179
leaf_weight=41 59 42 43 38 53 48 52 71 45 39
leaf_count=41 59 42 43 38 53 48 52 71 45 39
internal_value=-0.00172974 -0.0151138 -0.0249308 0.0321874 -0.0360981 -0.069833 -0.018458 0.0520851 0.00026588 0.0244101
internal_weight=531 381 339 150 296 101 195 112 143 84
internal_count=531 381 339 150 296 101 195 112 143 84
is_linear=0
shrinkage=0.0862736


Tree=23
num_leaves=10
num_cat=0
split_feature=0 3 13 10 9 11 3 9 1
split_gain=29.3118 38.0756 25.6665 29.3961 28.0559 38.3816 22.3236 21.4441 7.95984
threshold=50.050000000000004 0.77244481603295057 2.4251645345276138 -1.7499999999999998 1.2500000000000002 1.0000000000000007 -0.10837695015263894 1.0999999999999981 46.150000000000013
decision_type=2 2 2 2 2 2 2 2 2
left_child=1 6 4 -4 5 -2 -1 -5 -6
right_child=2 -3 3 7 8 -7 -8 -9 -10
leaf_value=0.05191501292537657 -0.021212264794865827 0.086759388639569543 -0.050397817049568083 0.06533074567530929 0.023302666620600498 -0.12792362186340492 -0.029458871374509803 -0.0043162335088819202 -0.028279399999604018
leaf_weight=38 58 55 46 63 46 44 71 68 42
leaf_count=38 58 55 46 63 46 44 71 68 42
internal_value=-0.00157853 0.0286784 -0.0151251 0.00850482 -0.0370939 -0.067743 -0.000955842 0.0293292 -0.00134185
internal_weight=531 164 367 177 190 102 109 131 88
internal_count=531 164 367 177 190 102 109 131 88
is_linear=0
shrinkage=0.0862736


Tree=24
num_leaves=10
num_cat=0
split_feature=2 8 4 4 7 5 2 13 5
split_gain=37.1938 51.3041 40.5414 35.5143 38.779 28.4107 28.2952 27.6092 20.2978
threshold=17.250000000000004 0.18600000000000003 -0.3342621144462935 0.81304046271159414 1094.0000000000002 1.0000000180025095e-35 10.549999999999999 2.3555910542283796 0.16050000000000003
decision_type=2 2 2 2 2 2 2 2 2
left_child=3 2 -2 5 -5 7 8 -1 -7
right_child=1 -3 -4 4 -6 6 -8 -9 -10
leaf_value=0.020626900590474583 -0.1382137476052793 0.020594347440121917 -0.018404644647488682 0.026222035376173992 -0.082335929964541643 0.070648260169527993 -0.051381436078384746 0.10485880585480803 -0.0010543565635656974
leaf_weight=58 43 67 41 47 50 50 44 58 70
leaf_count=58 43 67 41 47 50 50 44 58 70
internal_value=0.000460479 -0.0356335 -0.0803029 0.0149523 -0.0299044 0.0305239 0.0073452 0.0630789 0.0290328
internal_weight=528 151 84 377 97 280 164 116 120
internal_count=528 151 84 377 97 280 164 116 120
is_linear=0
shrinkage=0.0862736


Tree=25
num_leaves=11
num_cat=0
split_feature=6 11 9 2 10 8 2 6 9 5
split_gain=33.5528 26.4484 25.1365 24.4953 35.0993 18.6544 14.1942 14.1489 20.1752 6.34113
threshold=7.3500000000000005 0.80714285714285594 4.150000000000003 10.799999999999999 3.0499999999999976 0.028500000000000004 8.0499999999999989 11.550000000000002 1.4000000000000024 0.24750000000000003
decision_type=2 2 2 2 2 2 2 2 2 2
left_child=1 -1 3 5 7 9 -7 8 -5 -2
right_child=2 -3 -4 4 -6 6 -8 -9 -10 -11
leaf_value=-0.088479288929509695 0.019060579857336873 0.00089511111054486122 0.066675921556283727 -0.041647072824731304 -0.088066245078010696 0.090322900709995046 0.023919931439533377 0.04092435132543118 0.033769684314206364 -0.030386094043635872
leaf_weight=50 38 48 52 75 41 40 60 46 40 38
leaf_count=50 38 48 52 75 41 40 60 46 40 38
internal_value=0.000415814 -0.0449756 0.0108111 0.00302864 -0.0174476 0.0265083 0.0508769 0.000806916 -0.0153744 -0.00570891
internal_weight=528 98 430 378 202 176 100 161 115 76
internal_count=528 98 430 378 202 176 100 161 115 76
is_linear=0
shrinkage=0.0862736


Tree=26
num_leaves=11
num_cat=0
split_feature=6 12 1 4 0 4 2 9 11 2
split_gain=38.5736 24.4016 37.8325 21.6701 37.1478 14.0676 23.7286 17.1921 10.2734 12.771
threshold=7.8500000000000005 1.7964285714285719 41.250000000000007 -0.031174269516803247 48.250000000000007 0.61067742788105683 7.900000000000003 -1.4000000000000019 0.97857142857142898 17.750000000000004
decision_type=2 2 2 2 2 2 2 2 2 2
left_child=3 5 -3 -1 -5 7 -7 -2 9 -9
right_child=1 2 -4 4 -6 6 -8 8 -10 -11
leaf_value=-0.093731795103432367 -0.0048669016951062146 0.03924576585082791 -0.056847505861081823 -0.072600663621764178 0.044833162458396747 0.047431699001142129 -0.044794958888395228 0.10656064666007765 0.030120540361300917 0.039275270645384067
leaf_weight=38 46 52 72 40 39 39 43 45 70 41
leaf_count=38 46 52 72 40 39 39 43 45 70 41
internal_value=0.00278863 0.0153172 -0.0165556 -0.0407502 -0.0147301 0.0292393 -0.000904091 0.0414408 0.0550607 0.0749972
internal_weight=525 408 124 117 79 284 82 202 156 86
internal_count=525 408 124 117 79 284 82 202 156 86
is_linear=0
shrinkage=0.0862736


Tree=27
num_leaves=11
num_cat=0
split_feature=6 7 0 12 10 7 2 10 4 8
split_gain=32.3008 20.4584 31.8079 20.4122 34.66 13.2049 14.8594 9.36573 18.5408 11.0801
threshold=7.8500000000000005 4285.0000000000009 48.250000000000007 1.7964285714285719 2.2500000000000004 4567.5000000000009 20.550000000000001 -1.0999999999999976 0.29137697329261131 0.025500000000000005
decision_type=2 2 2 2 2 2 2 2 2 2
left_child=1 2 -1 5 -5 7 -7 -2 -9 -10
right_child=3 -3 -4 4 -6 6 -8 8 9 -11
leaf_value=-0.066942779600142166 0.04344465366329877 -0.088762761931641024 0.041717561607936202 -0.065848764023716713 0.025517275018353654 0.08959019526839114 0.023529224743891082 -0.050137181301045934 -0.011062622070031215 0.049296455312402808
leaf_weight=39 51 38 40 55 69 43 62 38 42 48
leaf_count=39 51 38 40 55 69 43 62 38 42 48
internal_value=0.00255159 -0.0372902 -0.0120292 0.0140164 -0.0151349 0.0267496 0.0509526 0.0124246 -8.58911e-05 0.0212468
internal_weight=525 117 79 408 124 284 105 179 128 90
internal_count=525 117 79 408 124 284 105 179 128 90
is_linear=0
shrinkage=0.0862736


Tree=28
num_leaves=10
num_cat=0
split_feature=2 7 7 4 12 8 2 6 7
split_gain=22.3403 28.7616 26.7109 25.9862 25.1155 43.4611 43.0041 20.089 13.6213
threshold=17.450000000000006 4113.5000000000009 7778.5000000000009 -0.3342621144462935 0.18571428571428628 0.029500000000000002 11.499999999999998 15.250000000000002 1421.5000000000002
decision_type=2 2 2 2 2 2 2 2 2
left_child=1 4 3 -2 5 -1 7 8 -6
right_child=2 -3 -4 -5 6 -7 -8 -9 -10
leaf_value=-0.030754530557501669 -0.083171353701004605 0.058092135368989342 0.027734029840700117 0.0040739007589344648 0.013100646185891143 0.088385956747827177 -0.093427850641091145 0.054752866128688862 -0.042329345175200164
leaf_weight=41 72 70 42 39 64 50 45 39 67
leaf_count=41 72 70 42 39 64 50 45 39 67
internal_value=-0.00284833 0.00846509 -0.0305726 -0.0526663 -0.0029827 0.0348635 -0.0190559 0.000900684 -0.0153154
internal_weight=529 376 153 111 306 91 215 170 131
internal_count=529 376 153 111 306 91 215 170 131
is_linear=0
shrinkage=0.0862736


Tree=29
num_leaves=11
num_cat=0
split_feature=9 11 1 1 9 3 2 4 13 5
split_gain=34.7003 17.2132 13.9256 21.1037 17.8545 25.4809 14.0928 19.1275 13.0754 11.7925
threshold=-3.8499999999999974 -1.2857142857142854 35.050000000000004 37.650000000000013 -0.15000000000000205 0.85226249403558707 17.750000000000004 0.61067742788105683 2.447252919569586 0.022000000000000002
decision_type=2 2 2 2 2 2 2 2 2 2
left_child=-1 -2 -3 -4 8 6 7 9 -5 -6
right_child=1 2 3 4 5 -7 -8 -9 -10 -11
leaf_value=-0.076312056400550624 0.058506633249206047 -0.046553306114330818 0.064027401065968367 -0.063133205399766926 0.096782735620159932 -0.03916916722259061 -0.010339599229992886 -0.001569773954420198 0.00098270945085428946 0.033349937568854036
leaf_weight=43 39 44 39 52 41 62 63 55 43 48
leaf_count=43 39 44 39 52 41 62 63 55 43 48
internal_value=-0.00260295 0.00400821 -0.000821686 0.00423566 -0.0022693 0.00909429 0.0236244 0.0384641 -0.0342955 0.0630426
internal_weight=529 486 447 403 364 269 207 144 95 89
internal_count=529 486 447 403 364 269 207 144 95 89
is_linear=0
shrinkage=0.0862736


Tree=30
num_leaves=10
num_cat=0
split_feature=2 8 9 6 1 7 2 6 3
split_gain=28.2498 44.9001 27.0604 29.8345 22.3085 17.3681 17.3381 14.8399 10.6046
threshold=10.350000000000003 0.028500000000000004 -0.24999999999999992 11.750000000000002 55.500000000000007 3108.0000000000005 8.4000000000000039 9.1500000000000004 1.0000000180025095e-35
decision_type=2 2 2 2 2 2 2 2 2
left_child=1 8 4 5 -2 -4 -3 -7 -1
right_child=2 6 3 -5 -6 7 -8 -9 -10
leaf_value=0.013681339081044196 -0.021468374705465497 0.10539689942193692 -0.031923523313108236 -0.055297458534612681 -0.10274016144775576 0.0062719018898440655 0.032032913111478441 0.064340056892300129 -0.039627145811266036
leaf_weight=55 70 46 38 52 39 69 51 62 55
leaf_count=55 70 46 38 52 39 69 51 62 55
internal_value=-0.000259984 0.0246818 -0.0159224 0.00145701 -0.0509669 0.0190592 0.0672758 0.0339294 -0.0130461
internal_weight=537 207 330 221 109 169 97 131 110
internal_count=537 207 330 221 109 169 97 131 110
is_linear=0
shrinkage=0.0862736


Tree=31
num_leaves=11
num_cat=0
split_feature=13 10 6 8 2 6 2 10 7 12
split_gain=26.3178 22.1338 26.6583 14.8848 35.9216 13.5319 15.3595 11.278 16.259 8.18419
threshold=1.432777887858711 -1.6500000000000019 9.1500000000000004 0.028500000000000004 8.5499999999999989 11.450000000000001 13.350000000000003 2.3499999999999983 5819.0000000000009 1.225000000000001
decision_type=2 2 2 2 2 2 2 2 2 2
left_child=-1 2 -2 9 -5 7 -7 8 -6 -3
right_child=1 3 -4 4 5 6 -8 -9 -10 -11
leaf_value=-0.052344491275649656 -0.084388003439153078 0.0073514899994411471 0.0070357251874898245 0.10362843575463464 -0.022931067420473159 0.023583263252070545 -0.052452946145594224 0.054716623608439569 0.048468726172348167 -0.043669268059665964
leaf_weight=63 39 59 59 38 53 38 40 68 42 38
leaf_count=63 39 59 59 38 53 38 40 68 42 38
internal_value=-0.000240495 0.00674449 -0.0296512 0.016264 0.0263704 0.0139523 -0.0155166 0.0280593 0.00874556 -0.0127875
internal_weight=537 474 98 376 279 241 78 163 95 97
internal_count=537 474 98 376 279 241 78 163 95 97
is_linear=0
shrinkage=0.0862736


Tree=32
num_leaves=10
num_cat=0
split_feature=11 3 8 2 3 2 5 10 3
split_gain=31.3968 22.6038 32.6309 44.9198 19.3257 23.6588 31.5046 20.1812 12.1067
threshold=0.64285714285714401 -0.92923668111203817 0.18600000000000003 10.850000000000003 -0.58482361983252518 7.900000000000003 1.0000000180025095e-35 0.95000000000000295 0.66527693225344786
decision_type=2 2 2 2 2 2 2 2 2
left_child=1 -1 3 -3 -2 -6 7 -7 -9
right_child=4 2 -4 -5 5 6 -8 8 -10
leaf_value=0.026908551276774259 0.052969110312424739 -0.012192983453611243 0.021558193442889114 -0.11385512533212611 0.043988761412555338 0.061987829858774268 -0.060007793059619723 -0.045379412462863367 0.017339462504722906
leaf_weight=38 62 60 40 70 67 39 73 42 49
leaf_count=38 62 60 40 70 67 39 73 42 49
internal_value=-0.00667519 -0.0329062 -0.0463261 -0.0672168 0.00978962 -0.000225036 -0.0149079 0.0105832 -0.0117197
internal_weight=540 208 170 130 332 270 203 130 91
internal_count=540 208 170 130 332 270 203 130 91
is_linear=0
shrinkage=0.0862736


Tree=33
num_leaves=11
num_cat=0
split_feature=11 6 11 3 9 6 7 11 6 5
split_gain=26.2555 20.2776 16.819 20.7204 17.2854 14.3757 13.6207 12.4798 21.7702 7.51887
threshold=0.64285714285714401 7.3500000000000005 1.0000000000000007 -0.58482361983252518 3.3499999999999983 11.450000000000001 3833.0000000000005 -0.064285714285714127 10.550000000000002 0.078000000000000014
decision_type=2 2 2 2 2 2 2 2 2 2
left_child=1 -1 -2 -4 5 6 -5 8 -3 -7
right_child=2 7 3 4 -6 9 -8 -9 -10 -11
leaf_value=-0.077013665516225085 0.055841369230853193 -0.030167685409572331 0.050982913397965443 -0.086581549441104647 0.027757305659870456 0.030032895470999979 -0.018921619229802487 -0.05041168812208472 0.048181547825859317 -0.023134344608467888
leaf_weight=51 48 64 50 38 65 38 53 49 44 40
leaf_count=51 48 64 50 38 65 38 53 49 44 40
internal_value=-0.00609997 -0.0300873 0.00895652 0.00092717 -0.00987575 -0.0243989 -0.0475728 -0.0145989 0.00184587 0.00280046
internal_weight=540 208 332 284 234 169 91 157 108 78
internal_count=540 208 332 284 234 169 91 157 108 78
is_linear=0
shrinkage=0.0862736


Tree=34
num_leaves=12
num_cat=0
split_feature=5 2 4 0 2 1 4 1 1 1 13
split_gain=20.225 23.5402 21.3563 34.6662 18.5 24.2659 23.8893 20.2437 14.7172 22.4002 8.38386
threshold=0.48600000000000004 23.650000000000002 0.81304046271159414 46.250000000000007 14.85 46.750000000000007 -0.57077231802681661 53.650000000000013 40.95000000000001 36.45000000000001 2.1728285355914534
decision_type=2 2 2 2 2 2 2 2 2 2 2
left_child=1 2 4 -4 6 -6 -1 -7 9 -8 -10
right_child=-2 -3 3 -5 5 7 8 -9 10 -11 -12
leaf_value=0.093374461091261476 -0.059266639834053531 -0.054432781361838156 0.02979996573676337 -0.080845968020471795 -0.055961105539779635 0.060804122770242407 -0.0075035926181885801 -0.018957281331225113 -0.036096900708638371 0.074954256910562289 0.017890463937650099
leaf_weight=39 43 49 38 46 49 44 41 50 39 60 46
leaf_count=39 43 49 38 46 49 44 41 50 39 60 46
internal_value=-0.00292496 0.00197852 0.00816058 -0.0309413 0.0171233 -0.00712547 0.0325118 0.0185328 0.0194805 0.0416409 -0.00696283
internal_weight=544 501 452 84 368 143 225 94 186 101 85
internal_count=544 501 452 84 368 143 225 94 186 101 85
is_linear=0
shrinkage=0.0862736


Tree=35
num_leaves=11
num_cat=0
split_feature=10 9 0 7 12 4 12 0 0 6
split_gain=20.6203 28.5799 22.6588 35.626 23.7732 20.4252 13.2424 13.3577 15.7661 12.8882
threshold=-1.6500000000000019 -1.1500000000000019 56.650000000000013 4176.0000000000009 0.44642857142857267 -0.43733099657705288 1.3428571428571436 50.550000000000004 46.650000000000013 10.65
decision_type=2 2 2 2 2 2 2 2 2 2
left_child=5 -2 4 -4 -3 -1 -6 8 -8 -5
right_child=1 2 3 9 6 -7 7 -9 -10 -11
leaf_value=0.010018358521441888 0.053939299007116748 -0.049043125306333014 -0.10202877196414212 0.016998699959978384 0.062519385653036566 -0.070136701188283995 0.031281571088646341 0.046853343448092222 -0.042048363194534873 -0.044155837864574186
leaf_weight=39 74 38 38 69 51 59 39 49 48 40
leaf_count=39 74 38 38 69 51 59 39 49 48 40
internal_value=-0.0026762 0.00521103 -0.00455639 -0.0308289 0.0126461 -0.0383768 0.0253035 0.0111255 -0.00918766 -0.00556704
internal_weight=544 446 372 147 225 98 187 136 87 109
internal_count=544 446 372 147 225 98 187 136 87 109
is_linear=0
shrinkage=0.0862736


Tree=36
num_leaves=10
num_cat=0
split_feature=2 7 0 3 6 7 12 13 4
split_gain=35.7438 34.4377 23.1493 21.1534 35.1022 20.1301 12.452 11.8802 8.06879
threshold=13.250000000000002 4812.0000000000009 74.850000000000009 -0.056952163117076689 11.550000000000002 2389.0000000000005 1.4750000000000001 2.5813335489750062 -0.86974577485258975
decision_type=2 2 2 2 2 2 2 2 2
left_child=3 -2 7 4 -1 6 -5 -3 -4
right_child=1 2 8 5 -6 -7 -8 -9 -10
leaf_value=0.015662918374439307 -0.071593807754732217 -0.00023969182458185684 -0.0025293179184101931 -0.034379449111933691 0.11232515334796733 0.045519938532735095 0.026234034194945039 0.063232564945665953 -0.057854668780352378
leaf_weight=63 60 40 40 69 50 75 39 48 38
leaf_count=63 60 40 40 69 50 75 39 48 38
internal_value=0.00987029 -0.0159417 0.00436643 0.0295702 0.0588161 0.0113726 -0.0124663 0.0345832 -0.0297282
internal_weight=522 226 166 296 113 183 108 88 78
internal_count=522 226 166 296 113 183 108 88 78
is_linear=0
shrinkage=0.0862736


Tree=37
num_leaves=9
num_cat=0
split_feature=2 7 1 2 6 5 12 12
split_gain=29.9091 28.8053 19.5072 19.8177 19.1686 22.8891 17.7593 22.2169
threshold=13.250000000000002 4812.0000000000009 55.850000000000001 19.650000000000006 15.65 0.16050000000000003 0.25000000000000022 1.532142857142857
decision_type=2 2 2 2 2 2 2 2
left_child=4 -2 3 -3 5 6 -1 -8
right_child=1 2 -4 -5 -6 -7 7 -9
leaf_value=0.076438607865561725 -0.065480786684684628 0.075601911348813985 -0.031787731289359675 -0.0029878213054505957 0.075425425113829631 -0.023718182310548661 -0.021443850133761499 0.051575728444475208
leaf_weight=51 60 39 67 60 50 72 60 63
leaf_count=51 60 39 67 60 50 72 60 63
internal_value=0.00902868 -0.0145828 0.00399057 0.0282516 0.0270491 0.0170504 0.0339447 0.016028
internal_weight=522 226 166 99 296 246 174 123
internal_count=522 226 166 99 296 246 174 123
is_linear=0
shrinkage=0.0862736


Tree=38
num_leaves=11
num_cat=0
split_feature=13 11 10 3 13 3 13 7 6 1
split_gain=21.374 20.3244 19.6224 16.6939 15.1894 14.1432 11.8047 34.2712 9.00622 5.90452
threshold=2.6785720014571406 -0.27142857142857063 3.6500000000000026 -0.031173458710879145 2.2558916359641641 0.85226249403558707 2.0732996443793392 2087.5000000000005 9.3500000000000032 47.45000000000001
decision_type=2 2 2 2 2 2 2 2 2 2
left_child=2 8 3 4 9 -3 7 -5 -2 -1
right_child=1 5 -4 6 -6 -7 -8 -9 -10 -11
leaf_value=0.063610208668824594 -0.042330898145722468 0.06601881182468973 -0.071389806588117 -0.066746662481344546 -0.022682545761648576 0.0011910839782345874 -0.056858090102672017 0.030025623436150183 0.015523876004689019 0.015376303400602087
leaf_weight=38 39 73 41 45 46 38 58 67 40 38
leaf_count=38 39 73 41 45 46 38 58 67 40 38
internal_value=-0.00280066 0.0202488 -0.0159653 -0.00804732 0.016255 0.0439564 -0.0254834 -0.00901063 -0.0131454 0.0398152
internal_weight=523 190 333 292 122 111 170 112 79 76
internal_count=523 190 333 292 122 111 170 112 79 76
is_linear=0
shrinkage=0.0862736


Tree=39
num_leaves=11
num_cat=0
split_feature=13 12 11 13 9 7 8 11 12 11
split_gain=17.8763 18.1777 17.0017 13.2109 21.3946 27.5708 20.7121 12.1143 10.5036 8.37815
threshold=2.6785720014571406 2.2000000000000006 -0.27142857142857063 2.4742467488440956 1.3499999999999981 2087.5000000000005 0.13450000000000004 1.5357142857142854 1.4928571428571422 -1.4285714285714277
decision_type=2 2 2 2 2 2 2 2 2 2
left_child=1 3 9 4 5 -1 -7 -6 -4 -2
right_child=2 -3 8 -5 7 6 -8 -9 -10 -11
leaf_value=-0.064238072233047977 0.015614859834257193 -0.056499738313207988 0.064925022829757789 -0.051645137312131981 0.068130092286423791 0.051793634208000358 -0.033663259946310253 0.0055460730867149966 0.01170167562999605 -0.04018169424552466
leaf_weight=57 40 62 59 38 43 46 38 49 52 39
leaf_count=57 40 62 59 38 43 46 38 49 52 39
internal_value=-0.00256606 -0.0146055 0.0185133 -0.00491291 0.00282634 -0.0182671 0.0131714 0.0350595 0.0401965 -0.0120294
internal_weight=523 333 190 271 233 141 84 92 111 79
internal_count=523 333 190 271 233 141 84 92 111 79
is_linear=0
shrinkage=0.0862736


Tree=40
num_leaves=10
num_cat=0
split_feature=2 12 7 7 5 10 13 8 12
split_gain=34.9437 24.5126 34.7204 29.3189 17.1435 15.3079 13.312 13.7905 9.75646
threshold=13.250000000000002 1.7821428571428568 7177.5000000000009 5326.0000000000009 0.46800000000000003 -0.40000000000000208 1.5623501098332591 0.029500000000000002 1.7178571428571436
decision_type=2 2 2 2 2 2 2 2 2
left_child=4 2 3 -2 5 -1 -7 -8 -9
right_child=1 -3 -4 -5 -6 6 7 8 -10
leaf_value=0.064012794311633675 0.0037523780548913152 -0.071324732571701591 0.054613288978180935 -0.086766699048312537 -0.03361701520065484 0.056881735991263997 -0.029684587846935565 -0.00095592806753467727 0.055626571608771047
leaf_weight=60 62 66 45 46 41 42 60 53 39
leaf_count=60 62 66 45 46 41 42 60 53 39
internal_value=-0.00157673 -0.0276414 -0.00858431 -0.0350793 0.0177905 0.0261507 0.0142729 0.00231485 0.0232435
internal_weight=514 219 153 108 295 254 194 152 92
internal_count=514 219 153 108 295 254 194 152 92
is_linear=0
shrinkage=0.0862736


Tree=41
num_leaves=10
num_cat=0
split_feature=2 12 7 4 3 4 3 13 0
split_gain=29.2376 20.4995 29.0627 28.9433 18.6409 20.2933 18.8123 15.1233 12.0092
threshold=13.250000000000002 1.7821428571428568 7177.5000000000009 -0.3744658827978154 -0.14250824554987662 0.92191100909954782 -0.75015329512557205 2.2200920460234648 49.650000000000013
decision_type=2 2 2 2 2 2 2 2 2
left_child=4 2 3 -2 6 7 -1 8 -6
right_child=1 -3 -4 -5 5 -7 -8 -9 -10
leaf_value=-2.4748338747052077e-05 -0.074782985971450791 -0.065228979297160844 0.049966104152485515 0.014220638394489366 0.022506293396965273 -0.052275656487846399 0.074914523941926395 0.046664300192457826 -0.041934733538191493
leaf_weight=41 56 66 45 52 44 42 63 64 41
leaf_count=41 56 66 45 52 44 42 63 64 41
internal_value=-0.00143939 -0.0252812 -0.00785367 -0.032094 0.0162761 0.000241364 0.0455474 0.0152012 -0.00865618
internal_weight=514 219 153 108 295 191 104 149 85
internal_count=514 219 153 108 295 191 104 149 85
is_linear=0
shrinkage=0.0862736


Tree=42
num_leaves=11
num_cat=0
split_feature=9 1 2 0 12 3 1 3 9 1
split_gain=21.0729 26.7592 12.8787 24.8903 25.9318 23.61 22.0911 19.9917 16.6423 5.57788
threshold=-3.8499999999999974 57.300000000000004 11.950000000000001 56.900000000000006 0.21785714285714294 0.59868201182722736 40.95000000000001 0.39036257410962039 1.6500000000000024 40.45000000000001
decision_type=2 2 2 2 2 2 2 2 2 2
left_child=-1 2 5 -4 -5 8 -7 -6 9 -2
right_child=1 -3 3 4 7 6 -8 -9 -10 -11
leaf_value=-0.059548482820158809 -0.037644975799834848 0.072815610830688521 0.068947885964075223 0.047487752025902448 -0.074131000134054395 -0.012243764426479542 -0.095128331716959197 0.0038104334504466164 0.045460260181870167 0.0057298126625740459
leaf_weight=38 40 41 50 54 39 61 39 64 57 48
leaf_count=38 40 41 50 54 39 61 39 64 57 48
internal_value=0.00182303 0.00662285 0.00052645 0.0163434 -0.000616423 -0.0128448 -0.0449586 -0.0259703 0.00940038 -0.0141124
internal_weight=531 493 452 207 157 245 100 103 145 88
internal_count=531 493 452 207 157 245 100 103 145 88
is_linear=0
shrinkage=0.0862736


Tree=43
num_leaves=12
num_cat=0
split_feature=7 7 8 7 3 8 7 10 3 6 3
split_gain=18.7318 23.458 16.0917 14.1605 15.291 13.1328 19.353 22.0229 12.8626 19.8535 8.40773
threshold=4812.0000000000009 5549.0000000000009 0.088500000000000009 7597.5000000000009 -0.35041564478062465 0.061500000000000006 1581.5000000000002 1.7500000000000002 -0.49813634056773481 13.65 0.54219432480460406
decision_type=2 2 2 2 2 2 2 2 2 2 2
left_child=2 -2 5 4 -3 6 8 10 -1 -10 -8
right_child=1 3 -4 -5 -6 -7 7 -9 9 -11 -12
leaf_value=-0.027025154285623767 0.083912871574754425 0.025755011586009104 -0.058310747669281654 0.040939864857979541 -0.047688106851616889 0.041007149814913754 -0.031124942824689843 0.012852347480315199 0.069701008548925442 -0.0096525389591017152 -0.086642343250538822
leaf_weight=41 38 38 44 57 46 43 40 48 47 46 43
leaf_count=41 38 38 44 57 46 43 40 48 47 46 43
internal_value=0.00166226 0.0243373 -0.0098912 0.00798224 -0.014519 -0.00287012 -0.0100695 -0.0335745 0.0129584 0.0306483 -0.0603193
internal_weight=531 179 352 141 84 308 265 131 134 93 83
internal_count=531 179 352 141 84 308 265 131 134 93 83
is_linear=0
shrinkage=0.0862736


Tree=44
num_leaves=10
num_cat=0
split_feature=7 0 10 7 11 7 8 12 12
split_gain=25.4348 24.3877 17.7531 14.1199 14.4647 16.2729 14.1416 20.5446 5.82426
threshold=7778.5000000000009 74.850000000000009 -2.5499999999999967 4812.0000000000009 2.8071428571428578 2965.5000000000005 0.029500000000000002 1.453571428571429 0.49999999999999978
decision_type=2 2 2 2 2 2 2 2 2
left_child=1 2 -1 4 5 6 8 -8 -4
right_child=-2 -3 3 -5 -6 -7 7 -9 -10
leaf_value=0.062081256075760413 0.064417986354233153 -0.054150878722203817 -0.03581532314523056 0.036883092293986855 -0.054349292238053695 -0.035979599848686664 0.005173396744531782 0.085388745160849169 0.0058759012335641916
leaf_weight=39 50 54 38 68 40 67 62 38 70
leaf_count=39 50 54 38 68 40 67 62 38 70
internal_value=0.00627941 9.60007e-05 0.00710731 0.00141748 -0.00629642 0.000800408 0.0127201 0.035996 -0.00891482
internal_weight=526 476 422 383 315 275 208 100 108
internal_count=526 476 422 383 315 275 208 100 108
is_linear=0
shrinkage=0.0862736


Tree=45
num_leaves=11
num_cat=0
split_feature=5 1 1 6 6 4 11 0 6 2
split_gain=11.1818 22.6139 14.6242 14.2489 23.2687 42.3763 12.5142 17.5862 17.5107 21.4435
threshold=1.0000000180025095e-35 39.550000000000004 35.050000000000004 14.65 12.550000000000002 0.28313308994381586 -1.0642857142857145 79.450000000000017 9.2500000000000018 19.650000000000006
decision_type=2 2 2 2 2 2 2 2 2 2
left_child=1 2 -1 4 5 -2 -3 8 -8 -10
right_child=3 6 -4 -5 -6 -7 7 -9 9 -11
leaf_value=0.016781217710939777 0.065872692622970894 -0.039739946379275033 0.091141615263373735 0.020786442404615284 -0.080859999307112088 -0.049628325003968569 0.030572187598847007 0.063165439741402374 -0.066057529716734453 0.02057689038344622
leaf_weight=38 39 42 41 74 40 58 70 39 47 38
leaf_count=38 39 42 41 74 40 58 70 39 47 38
internal_value=0.0057458 0.0160281 0.0557855 -0.00960657 -0.0260431 -0.00306544 0.00260736 0.0118734 -0.001234 -0.0274593
internal_weight=526 315 79 211 137 97 236 194 155 85
internal_count=526 315 79 211 137 97 236 194 155 85
is_linear=0
shrinkage=0.0862736


Tree=46
num_leaves=11
num_cat=0
split_feature=13 13 9 9 4 10 13 12 3 6
split_gain=16.752 15.6351 22.2099 35.0498 29.2022 16.7894 16.4986 14.8906 14.252 8.21796
threshold=1.3708684169648053 2.0603397381036177 1.0999999999999981 2.4000000000000026 -0.32613736746952132 2.3499999999999983 2.9716917301451695 0.21785714285714294 0.85226249403558707 12.250000000000002
decision_type=2 2 2 2 2 2 2 2 2 2
left_child=-1 5 4 -4 6 9 -3 -6 -5 -2
right_child=1 2 3 8 7 -7 -8 -9 -10 -11
leaf_value=-0.045159152728193847 0.028982914481755943 -0.063641133895365021 -0.087312740882313125 0.023605140342879177 0.08634493495792854 0.075599755707199429 0.015707277224898494 0.018923884103319879 -0.041378764826653675 -0.021063299282476668
leaf_weight=53 66 38 50 68 41 41 39 60 39 38
leaf_count=53 66 38 50 68 41 41 39 60 39 38
internal_value=0.000577734 0.00567997 -0.00457144 -0.0281675 0.0162666 0.0292823 -0.0236487 0.0466553 -0.00018326 0.0106802
internal_weight=533 480 335 157 178 145 77 101 107 104
internal_count=533 480 335 157 178 145 77 101 107 104
is_linear=0
shrinkage=0.0862736


Tree=47
num_leaves=11
num_cat=0
split_feature=2 7 6 9 13 12 4 10 8 6
split_gain=16.2967 32.1147 24.1147 23.8757 18.5756 13.9716 37.0532 9.97613 11.2701 8.31795
threshold=11.35 4812.0000000000009 10.350000000000003 -0.59999999999999776 2.7037451688729219 1.2178571428571427 -0.75013812021657655 1.9500000000000031 0.030500000000000003 7.0500000000000007
decision_type=2 2 2 2 2 2 2 2 2 2
left_child=3 2 9 -1 7 6 -3 8 -5 -2
right_child=1 5 -4 4 -6 -7 -8 -9 -10 -11
leaf_value=0.061322099709905285 -0.04416755339020683 -0.065824831511677465 -0.097796283389381261 0.027309649780488637 -0.046401724739641437 0.03960045332985164 0.048074326411711762 0.045678522231574037 -0.035584559175635543 0.0098825117075938412
leaf_weight=65 44 44 43 45 46 74 40 53 39 40
leaf_count=65 44 44 43 45 46 74 40 53 39 40
internal_value=0.000526943 -0.0135319 -0.0457264 0.0166767 0.000664392 0.0124241 -0.0116326 0.0166065 -0.00193835 -0.0185465
internal_weight=533 285 127 248 183 158 84 137 84 84
internal_count=533 285 127 248 183 158 84 137 84 84
is_linear=0
shrinkage=0.0862736


Tree=48
num_leaves=10
num_cat=0
split_feature=13 13 9 8 13 3 9 10 3
split_gain=21.2907 24.5044 21.3389 20.4756 19.5547 18.2408 13.2357 11.2952 9.34641
threshold=2.1728285355914534 2.4815509446321404 2.0999999999999983 0.031500000000000007 3.2433789340290455 0.40614137006726808 0.099999999999997854 0.95000000000000295 -0.39826117949089107
decision_type=2 2 2 2 2 2 2 2 2
left_child=2 -2 5 -3 8 6 -1 -6 -5
right_child=1 3 -4 4 7 -7 -8 -9 -10
leaf_value=-0.058145513497813162 0.058622435236483347 -0.047061447120049331 -0.059851848239498844 -0.043748100529873588 0.080283036459087256 0.035383999708243817 0.0073547161068314394 0.015715971079182409 0.0099198647289177651
leaf_weight=46 73 50 68 38 38 59 45 43 64
leaf_count=46 73 50 68 38 38 59 45 43 64
internal_value=0.000568781 0.0152349 -0.0200024 0.00152103 0.0149099 -0.00176398 -0.0259259 0.0463892 -0.0102187
internal_weight=524 306 218 233 183 150 91 81 102
internal_count=524 306 218 233 183 150 91 81 102
is_linear=0
shrinkage=0.0862736


Tree=49
num_leaves=10
num_cat=0
split_feature=13 13 9 8 13 7 0 9 12
split_gain=17.8103 20.4895 17.8436 17.1362 16.3774 12.67 25.578 11.0968 8.90165
threshold=2.1728285355914534 2.4815509446321404 2.0999999999999983 0.031500000000000007 3.2433789340290455 2087.5000000000005 66.850000000000009 0.65000000000000224 0.96071428571428574
decision_type=2 2 2 2 2 2 2 2 2
left_child=2 -2 5 -3 8 -1 -7 -6 -5
right_child=1 3 -4 4 7 6 -8 -9 -10
leaf_value=-0.029752634361257923 0.053607772108838686 -0.043051380356678784 -0.054735211596173346 0.016044184888073125 0.07288758119848418 0.065515249716829205 -0.029168038863846731 0.0090397549747313483 -0.034640632214944622
leaf_weight=66 73 50 68 51 42 44 40 39 51
leaf_count=66 73 50 68 51 42 44 40 39 51
internal_value=0.000519553 0.0139335 -0.0182952 0.00139329 0.0136418 -0.0016173 0.0205455 0.0424504 -0.00935481
internal_weight=524 306 218 233 183 150 84 81 102
internal_count=524 306 218 233 183 150 84 81 102
is_linear=0
shrinkage=0.0862736


Tree=50
num_leaves=11
num_cat=0
split_feature=12 2 7 1 10 1 4 1 12 2
split_gain=34.0265 33.8522 25.1992 28.0295 30.3952 24.8295 19.5056 14.9041 24.8897 14.1379
threshold=2.7392857142857143 12.65 7837.0000000000009 55.850000000000001 -0.34999999999999781 44.350000000000001 -0.20180761162458913 43.650000000000013 1.8785714285714292 8.4500000000000046
decision_type=2 2 2 2 2 2 2 2 2 2
left_child=1 6 3 4 -3 -6 -1 8 9 -8
right_child=-2 2 -4 -5 5 -7 7 -9 -10 -11
leaf_value=0.065938826560442962 0.073178760498836454 0.023083996610940669 0.027598217690175796 -0.10411543850139163 -0.018432194402192088 -0.10677675468752527 0.029196595545952508 -0.034795627950621001 0.063862112790603262 -0.031691139057337954
leaf_weight=39 38 54 40 48 54 42 46 64 51 72
leaf_count=39 38 54 40 48 54 42 46 64 51 72
internal_value=-0.00490571 -0.0108062 -0.0345254 -0.047123 -0.0285293 -0.0575233 0.00997974 0.00046196 0.0138929 -0.00792649
internal_weight=548 510 238 198 150 96 272 233 169 118
internal_count=548 510 238 198 150 96 272 233 169 118
is_linear=0
shrinkage=0.0862736


Tree=51
num_leaves=12
num_cat=0
split_feature=1 4 10 6 6 9 13 3 1 11 0
split_gain=19.6356 19.7155 25.5591 52.5313 31.6362 17.0916 17.2407 24.5297 17.0614 14.791 12.1633
threshold=45.95000000000001 -0.97507822412530132 0.1500000000000021 11.15 10.15 4.150000000000003 3.4615467412168757 0.93544191479114935 34.45000000000001 1.5142857142857149 50.250000000000007
decision_type=2 2 2 2 2 2 2 2 2 2 2
left_child=5 -2 4 -4 -3 6 7 8 -1 10 -10
right_child=1 2 3 -5 -6 -7 -8 -9 9 -11 -12
leaf_value=-0.052138401900528382 0.031139081147982153 -0.045834731482474259 -0.014654713640018524 -0.14425443869489821 0.054700274545019426 0.060986038064036463 -0.048803103695158563 0.073682084376211474 0.068225343659203658 -0.01714134585697142 0.0027644376518796555
leaf_weight=39 40 54 59 38 40 41 42 38 42 73 42
leaf_count=39 40 54 59 38 40 41 42 38 42 73 42
internal_value=-0.00448375 -0.0235815 -0.0351055 -0.0660238 -0.0029752 0.00945194 0.0016761 0.0108423 -0.00153631 0.0111904 0.0357569
internal_weight=548 231 191 97 94 317 276 234 196 157 84
internal_count=548 231 191 97 94 317 276 234 196 157 84
is_linear=0
shrinkage=0.0862736


Tree=52
num_leaves=11
num_cat=0
split_feature=12 12 7 0 7 2 9 2 12 13
split_gain=17.6511 27.2413 18.8026 32.2526 18.7226 16.8298 14.0391 12.3887 16.4673 11.7465
threshold=0.5857142857142863 1.0357142857142851 4812.0000000000009 46.45000000000001 7000.5000000000009 20.550000000000001 0.84999999999999798 11.700000000000001 1.8785714285714292 2.4166565882602913
decision_type=2 2 2 2 2 2 2 2 2 2
left_child=5 -2 3 -3 -4 6 9 8 -5 -1
right_child=1 2 4 7 -6 -7 -8 -9 -10 -11
leaf_value=0.022440885245715941 -0.06821900265304956 0.051597174922815556 0.066437874115052031 -0.053605335445753868 -0.0082792314537974993 -0.025244488891192969 0.0014630228085160989 -0.075155174880546724 0.013460870177659243 0.082806860449977884
leaf_weight=46 52 40 50 53 49 45 60 41 55 51
leaf_count=46 52 40 50 53 49 45 60 41 55 51
internal_value=0.000852587 -0.0111426 -0.000711863 -0.0166539 0.0296366 0.0210147 0.0343212 -0.0351153 -0.0195702 0.0545064
internal_weight=542 340 288 189 99 202 157 149 108 97
internal_count=542 340 288 189 99 202 157 149 108 97
is_linear=0
shrinkage=0.0862736


Tree=53
num_leaves=11
num_cat=0
split_feature=12 0 7 7 0 12 9 2 3 7
split_gain=14.7703 22.805 25.6879 33.5844 18.6677 30.8893 17.2348 14.0854 16.8893 8.5283
threshold=0.5857142857142863 46.45000000000001 4812.0000000000009 6138.0000000000009 55.400000000000013 1.8785714285714292 1.5499999999999974 20.550000000000001 1.0000000180025095e-35 2015.5000000000002
decision_type=2 2 2 2 2 2 2 2 2 2
left_child=7 -2 4 -4 5 -3 -5 8 -1 -10
right_child=1 2 3 6 -6 -7 -8 -9 9 -11
leaf_value=0.062743338248913996 0.045900409297086969 -0.061436201021652065 0.07683069470974585 -0.057892841665865273 -0.08977215489027647 0.021785987026844842 0.021751714552679217 -0.023096370236188709 -0.021264062140117949 0.032387917801485283
leaf_weight=70 46 73 39 42 42 60 38 45 43 44
leaf_count=70 46 73 39 42 42 60 38 45 43 44
internal_value=0.000779796 -0.010193 -0.0190482 0.0118444 -0.0400226 -0.023966 -0.0201862 0.0192233 0.0313966 0.00590772
internal_weight=542 340 294 119 175 133 80 202 157 87
internal_count=542 340 294 119 175 133 80 202 157 87
is_linear=0
shrinkage=0.0862736


Tree=54
num_leaves=10
num_cat=0
split_feature=6 3 1 7 12 5 13 12 1
split_gain=16.1718 24.6649 20.3952 16.7844 12.859 10.6957 8.10416 14.556 17.6822
threshold=9.0500000000000025 0.55656748448714433 56.850000000000001 4616.5000000000009 0.25000000000000022 0.42750000000000005 2.99745913630395 0.68928571428571483 42.050000000000004
decision_type=2 2 2 2 2 2 2 2 2
left_child=1 3 5 4 -1 6 7 -2 -9
right_child=2 -3 -4 -5 -6 -7 -8 8 -10
leaf_value=0.018671617325338809 0.0563729399162608 0.024600899604550329 0.066684185345833757 -0.079821555565888935 -0.049749982785512979 -0.040357237076453799 -0.016724629248671442 0.03755827943300602 -0.025571625529795111
leaf_weight=38 50 57 39 54 43 40 74 58 75
leaf_count=38 50 57 39 54 43 40 74 58 75
internal_value=-0.00286616 -0.0227995 0.00854548 -0.0428341 -0.0177537 0.00078719 0.00727331 0.0170013 0.00200558
internal_weight=528 192 336 135 81 297 257 183 133
internal_count=528 192 336 135 81 297 257 183 133
is_linear=0
shrinkage=0.0862736


Tree=55
num_leaves=11
num_cat=0
split_feature=6 3 2 0 10 4 0 11 5 7
split_gain=13.5363 20.6374 16.8603 15.4836 16.2187 9.81824 8.69063 14.4922 11.9465 18.0012
threshold=9.0500000000000025 0.55656748448714433 19.550000000000004 64.800000000000026 -0.45000000000000279 0.80290535434334509 52.45000000000001 1.5857142857142867 0.036000000000000011 1244.0000000000002
decision_type=2 2 2 2 2 2 2 2 2 2
left_child=1 2 5 6 -5 -1 8 -8 -2 -10
right_child=3 -3 -4 4 -6 -7 7 -9 9 -11
leaf_value=0.0090724300243271491 0.0495550873495645 0.022501494158517023 -0.082655527359437861 0.076770201022536413 0.0055134205085314606 -0.047377290445765038 -0.051629510327400867 0.0096354340318834473 0.028731892150117757 -0.050537361949293057
leaf_weight=48 41 57 44 42 54 43 57 57 47 38
leaf_count=48 41 57 44 42 54 43 57 57 47 38
internal_value=-0.00261973 -0.0208566 -0.0391827 0.00782071 0.036983 -0.0177427 -0.00390991 -0.0211114 0.0116807 -0.00681627
internal_weight=528 192 135 336 96 91 240 114 126 85
internal_count=528 192 135 336 96 91 240 114 126 85
is_linear=0
shrinkage=0.0862736


Tree=56
num_leaves=9
num_cat=0
split_feature=9 3 2 7 8 2 2 4
split_gain=13.2656 20.6551 18.1753 17.0215 19.4681 21.306 16.6753 11.5981
threshold=3.8499999999999983 -0.59869031648930193 11.549999999999999 4060.0000000000005 0.14350000000000002 22.250000000000004 9.4000000000000039 0.84199059757024453
decision_type=2 2 2 2 2 2 2 2
left_child=1 2 -1 6 -5 -6 7 -3
right_child=-2 3 -4 4 5 -7 -8 -9
leaf_value=0.077754857337469049 -0.035449697217739072 -0.021221895164681259 0.0099371722455251846 0.063103300703709952 -0.051340047543635109 0.033714827274825873 -0.053139519845047625 0.035052308808367863
leaf_weight=48 63 75 75 47 40 47 74 42
leaf_count=48 63 75 75 47 40 47 74 42
internal_value=0.00141853 0.00664526 0.0366617 -0.00476336 0.0187578 -0.00547807 -0.0212724 -0.00094204
internal_weight=511 448 123 325 134 87 191 117
internal_count=511 448 123 325 134 87 191 117
is_linear=0
shrinkage=0.0862736


Tree=57
num_leaves=10
num_cat=0
split_feature=12 11 9 9 3 10 12 3 9
split_gain=13.7205 16.5157 10.3415 17.6416 26.4969 12.6153 13.5496 8.85696 3.7874
threshold=-0.28571428571428586 -0.27142857142857063 -1.1500000000000019 0.40000000000000219 0.9053161325100999 3.3499999999999983 0.75714285714285745 -0.70291267844185523 2.9000000000000026
decision_type=2 2 2 2 2 2 2 2 2
left_child=7 -2 -3 -4 5 6 -5 -1 -8
right_child=1 2 3 4 -6 -7 8 -9 -10
leaf_value=-0.0018289515393690968 -0.056381769119694683 0.035372924118901361 -0.047049315489109837 -0.0096682584645437063 -0.0421705002304835 -0.020344077303695543 0.061309374345480339 0.051614571364014282 0.027538628441068143
leaf_weight=38 42 53 61 41 67 43 66 58 42
leaf_count=38 42 53 61 41 67 43 66 58 42
internal_value=0.0013023 -0.00550726 0.000305912 -0.00555965 0.00430172 0.0206027 0.0324552 0.0305848 0.0484102
internal_weight=511 415 373 320 259 192 149 96 108
internal_count=511 415 373 320 259 192 149 96 108
is_linear=0
shrinkage=0.0862736


Tree=58
num_leaves=10
num_cat=0
split_feature=9 10 12 12 9 10 1 12 4
split_gain=23.4204 12.8716 16.8461 18.3771 20.2969 18.3136 16.2452 10.9742 5.60286
threshold=-2.9500000000000024 2.8499999999999983 1.0107142857142868 0.63928571428571435 1.0999999999999981 0.24999999999999997 43.850000000000001 1.7035714285714278 -0.29342786347392819
decision_type=2 2 2 2 2 2 2 2 2
left_child=-1 2 3 4 8 -4 -3 -7 -2
right_child=1 6 5 -5 -6 7 -8 -9 -10
leaf_value=-0.05472446806996871 0.010687146680754498 0.0092949878932488111 0.071676247491215581 -0.058015088729105851 -0.030996576937223481 0.043927036427325851 -0.054778979625102177 -0.010168619296904543 0.055320996156745975
leaf_weight=54 38 65 58 38 56 47 53 67 47
leaf_count=54 38 65 58 38 56 47 53 67 47
internal_value=-0.00125858 0.004962 0.0132465 -0.00528074 0.00912453 0.0324771 -0.0196209 0.0122518 0.0355905
internal_weight=523 469 351 179 141 172 118 114 85
internal_count=523 469 351 179 141 172 118 114 85
is_linear=0
shrinkage=0.0862736


Tree=59
num_leaves=10
num_cat=0
split_feature=9 0 2 10 2 3 11 4 6
split_gain=19.5954 11.4751 30.2661 37.3835 23.7032 15.4449 11.0717 10.8685 12.4502
threshold=-2.9500000000000024 62.050000000000004 22.450000000000006 0.95000000000000295 13.100000000000007 -0.056952163117076689 1.5857142857142847 0.20812153622207721 12.050000000000002
decision_type=2 2 2 2 2 2 2 2 2
left_child=-1 4 3 -3 5 6 -2 -7 -9
right_child=1 2 -4 -5 -6 7 -8 8 -10
leaf_value=-0.050057173023912181 0.06210378482131565 0.0062320309651837094 0.037205650411351272 -0.095707956693288937 0.06589977094885846 0.020495734417238523 0.0026669412630840753 -0.050347622801978728 0.0094530808665356167
leaf_weight=54 44 58 56 49 54 49 49 69 41
leaf_count=54 44 58 56 49 54 49 49 69 41
internal_value=-0.00115183 0.00453815 -0.0139182 -0.0407353 0.0143778 0.00320175 0.0310143 -0.0131237 -0.0281307
internal_weight=523 469 163 107 306 252 93 159 110
internal_count=523 469 163 107 306 252 93 159 110
is_linear=0
shrinkage=0.0862736


Tree=60
num_leaves=10
num_cat=0
split_feature=6 11 5 3 4 2 4 13 13
split_gain=10.8755 19.3976 16.0117 13.4506 12.7733 24.4467 16.2018 15.3422 12.256
threshold=11.550000000000002 0.2214285714285715 0.046000000000000006 0.039769539193789956 -0.54219087765047058 19.650000000000006 0.77652048701313048 2.3555910542283796 2.1400377924533482
decision_type=2 2 2 2 2 2 2 2 2
left_child=4 -2 -3 -4 7 6 8 -1 -6
right_child=1 2 3 -5 5 -7 -8 -9 -10
leaf_value=-0.020187520695399769 0.069607819746381333 0.037813466521698313 0.015034588179866337 -0.048394111709599501 0.045823361609419758 -0.082544652779822439 -0.043185707212546533 0.043193291770689229 -0.011730226058262509
leaf_weight=53 39 58 46 53 45 40 63 60 69
leaf_count=53 39 58 46 53 45 40 63 60 69
internal_value=-0.000399108 0.0156687 0.00204705 -0.0190127 -0.00995397 -0.0221806 -0.00829678 0.0135184 0.0111142
internal_weight=526 196 157 99 330 217 177 113 114
internal_count=526 196 157 99 330 217 177 113 114
is_linear=0
shrinkage=0.0862736


end of trees

feature_importances:
forecast_diurnal_range=69
forecast_radiation=58
lag_high_1d=49
forecast_wind=45
day_sin=42
day_cos=42
lag_high_2d=41
roll_high_14d_mean=40
forecast_high=39
roll_high_7d_std=39
roll_high_7d_mean=34
forecast_low=32
forecast_evap=25
forecast_precip=21

parameters:
[boosting: gbdt]
[objective: regression]
[metric: l2]
[tree_learner: serial]
[device_type: cpu]
[data_sample_strategy: bagging]
[data: ]
[valid: ]
[num_iterations: 61]
[learning_rate: 0.0862736]
[num_leaves: 33]
[num_threads: 2]
[seed: 42]
[deterministic: 0]
[force_col_wise: 0]
[force_row_wise: 0]
[histogram_pool_size: -1]
[max_depth: -1]
[min_data_in_leaf: 38]
[min_sum_hessian_in_leaf: 0.001]
[bagging_fraction: 0.662407]
[pos_bagging_fraction: 1]
[neg_bagging_fraction: 1]
[bagging_freq: 2]
[bagging_seed: 400]
[bagging_by_query: 0]
[feature_fraction: 0.839463]
[feature_fraction_bynode: 1]
[feature_fraction_seed: 30056]
[extra_trees: 0]
[extra_seed: 12879]
[early_stopping_round: 0]
[early_stopping_min_delta: 0]
[first_metric_only: 0]
[max_delta_step: 0]
[lambda_l1: 3.33236e-08]
[lambda_l2: 0.624576]
[linear_lambda: 0]
[min_gain_to_split: 0]
[drop_rate: 0.1]
[max_drop: 50]
[skip_drop: 0.5]
[xgboost_dart_mode: 0]
[uniform_drop: 0]
[drop_seed: 17869]
[top_rate: 0.2]
[other_rate: 0.1]
[min_data_per_group: 100]
[max_cat_threshold: 32]
[cat_l2: 10]
[cat_smooth: 10]
[max_cat_to_onehot: 4]
[top_k: 20]
[monotone_constraints: ]
[monotone_constraints_method: basic]
[monotone_penalty: 0]
[feature_contri: ]
[forcedsplits_filename: ]
[refit_decay_rate: 0.9]
[cegb_tradeoff: 1]
[cegb_penalty_split: 0]
[cegb_penalty_feature_lazy: ]
[cegb_penalty_feature_coupled: ]
[path_smooth: 0]
[interaction_constraints: ]
[verbosity: -1]
[saved_feature_importance_type: 0]
[use_quantized_grad: 0]
[num_grad_quant_bins: 4]
[quant_train_renew_leaf: 0]
[stochastic_rounding: 1]
[linear_tree: 0]
[max_bin: 255]
[max_bin_by_feature: ]
[min_data_in_bin: 3]
[bin_construct_sample_cnt: 200000]
[data_random_seed: 175]
[is_enable_sparse: 1]
[enable_bundle: 1]
[use_missing: 1]
[zero_as_missing: 0]
[feature_pre_filter: 1]
[pre_partition: 0]
[two_round: 0]
[header: 0]
[label_column: ]
[weight_column: ]
[group_column: ]
[ignore_column: ]
[categorical_feature: ]
[forcedbins_filename: ]
[precise_float_parser: 0]
[parser_config_file: ]
[objective_seed: 16083]
[num_class: 1]
[is_unbalance: 0]
[scale_pos_weight: 1]
[sigmoid: 1]
[boost_from_average: 1]
[reg_sqrt: 0]
[alpha: 0.9]
[fair_c: 1]
[poisson_max_delta_step: 0.7]
[tweedie_variance_power: 1.5]
[lambdarank_truncation_level: 30]
[lambdarank_norm: 1]
[label_gain: ]
[lambdarank_position_bias_regularization: 0]
[eval_at: ]
[multi_error_top_k: 1]
[auc_mu_weights: ]
[num_machines: 1]
[local_listen_port: 12400]
[time_out: 120]
[machine_list_filename: ]
[machines: ]
[gpu_platform_id: -1]
[gpu_device_id: -1]
[gpu_use_dp: 0]
[num_gpu: 1]

end of parameters

pandas_categorical:[]
