tree
version=v4
num_class=1
num_tree_per_iteration=1
label_index=0
max_feature_idx=13
objective=regression
feature_names=forecast_high forecast_low forecast_diurnal_range day_sin day_cos forecast_precip forecast_wind forecast_radiation forecast_evap lag_high_1d lag_high_2d roll_high_7d_mean roll_high_14d_mean roll_high_7d_std
feature_infos=[9.5:100.5] [-7.7999999999999998:70.299999999999997] [5.6000000000000014:48.600000000000001] [-0.99999942202469239:0.99998555065071859] [-0.99997919295908244:0.9999907524084426] [0:2.3780000000000001] [6.5:38.5] [591:9472] [0.014999999999999999:0.46000000000000002] [-26.399999999999999:12.1] [-26.399999999999999:12.1] [-8.1714285714285726:5.0571428571428569] [-5.7928571428571427:3.1928571428571426] [0.52098807225169996:10.775700176123786]
tree_sizes=956 902 902 896 982 898 905 904 900 905 813 815 967 988 988 991 905 900 902 816 908 912 900 905 900 902 905 991 900 901 913 912 899 991 824

Tree=0
num_leaves=10
num_cat=0
split_feature=12 6 0 13 6 2 10 12 11
split_gain=551.356 263.155 143.455 145.842 135.779 111.759 87.1562 77.5702 44.3731
threshold=0.77499999999999891 15.15 70.950000000000017 2.7909289106164992 20.050000000000004 29.950000000000006 1.0499999999999974 -1.2749999999999988 -0.67142857142857026
decision_type=2 2 2 2 2 2 2 2 2
left_child=1 5 4 7 -3 8 -2 -4 -1
right_child=6 2 3 -5 -6 -7 -8 -9 -10
leaf_value=-0.56632358446850428 -0.34284420230061718 -0.72872853020214734 -0.78284420200012628 -0.8783516381502825 -0.52152757216756307 -0.67086203036897896 -0.50195241042951066 -0.61374721357652862 -0.43905783231356876
leaf_weight=48 50 62 48 68 51 54 78 48 49
leaf_count=48 50 62 48 68 51 54 78 48 49
internal_value=-0.611081 -0.662306 -0.716763 -0.772953 -0.635209 -0.56241 -0.439797 -0.69829 -0.502029
internal_weight=556 428 277 164 113 151 128 96 97
internal_count=556 428 277 164 113 151 128 96 97
is_linear=0
shrinkage=1


Tree=1
num_leaves=9
num_cat=0
split_feature=12 9 2 6 3 10 10 0
split_gain=453.633 299.839 212.028 187.087 103.868 78.0732 63.1973 75.7106
threshold=0.82857142857142774 -0.90000000000000202 23.450000000000003 12.850000000000003 0.056951373111866661 1.0499999999999974 -0.84999999999999776 69.600000000000009
decision_type=2 2 2 2 2 2 2 2
left_child=1 2 -1 -3 -4 -2 -5 -8
right_child=5 3 4 6 -6 -7 7 -9
leaf_value=0.020613618835549189 0.25505118043009178 0.15679793204883888 -0.091289795403541651 -0.10454788669744011 -0.26267306276407704 0.10256153521005361 0.10186320412379424 -0.053705465157932064
leaf_weight=57 48 70 51 59 81 78 50 62
leaf_count=57 48 70 51 59 81 78 50 62
internal_value=0.00369764 -0.0422939 -0.130991 0.0272633 -0.196461 0.160657 -0.0257597 0.0157403
internal_weight=556 430 189 241 132 126 171 112
internal_count=556 430 189 241 132 126 171 112
is_linear=0
shrinkage=0.0940634


Tree=2
num_leaves=9
num_cat=0
split_feature=9 5 6 4 7 10 2 4
split_gain=568.698 262.474 165.923 118.327 90.36 66.6175 83.4229 23.6409
threshold=-0.45000000000000279 1.0000000180025095e-35 12.850000000000003 -0.6391983530350368 4127.5000000000009 -0.34999999999999781 26.850000000000005 0.33222858587828868
decision_type=2 2 2 2 2 2 2 2
left_child=1 3 7 -1 -5 -4 -7 -2
right_child=2 -3 5 4 -6 6 -8 -9
leaf_value=-0.13956998273522078 0.12708881067225275 -0.27165454694411112 -0.03592791278207956 -0.093382121563514012 0.071893241133859323 0.16991381961629023 0.0025333660359332048 0.21416544649987856
leaf_weight=80 48 62 75 48 75 49 57 65
leaf_count=80 48 62 75 48 75 49 57 65
internal_value=-0.00232721 -0.102261 0.087747 -0.0505219 0.00739141 0.0319093 0.0799121 0.177182
internal_weight=559 265 294 203 123 181 106 113
internal_count=559 265 294 203 123 181 106 113
is_linear=0
shrinkage=0.0940634


Tree=3
num_leaves=9
num_cat=0
split_feature=9 6 9 11 10 0 8 10
split_gain=504.385 325.217 128.864 95.8541 66.7066 62.6631 75.753 54.0274
threshold=-3.9500000000000024 13.950000000000001 0.95000000000000295 -0.12857142857142831 0.40000000000000219 75.90000000000002 0.29350000000000004 1.2999999999999992
decision_type=2 2 2 2 2 2 2 2
left_child=-1 3 5 -2 -4 -3 -7 -5
right_child=1 2 4 7 -6 6 -8 -9
leaf_value=-0.22399049151436751 0.054808965940298174 -0.011645393769158883 -0.012902567349523135 0.26699123191008389 0.13516954618579194 -0.19071547058881547 -0.03246403072594993 0.129808337506025
leaf_weight=78 76 87 57 48 51 59 49 54
leaf_count=78 76 87 57 48 51 59 49 54
internal_value=-0.00210813 0.0338717 -0.025409 0.134785 0.0570157 -0.0710621 -0.118921 0.19437
internal_weight=559 481 303 178 108 195 108 102
internal_count=559 481 303 178 108 195 108 102
is_linear=0
shrinkage=0.0940634


Tree=4
num_leaves=10
num_cat=0
split_feature=9 5 2 3 6 4 6 8 11
split_gain=278.119 239.868 192.743 143.698 114.477 54.3806 88.239 60.6565 36.9869
threshold=-1.0499999999999969 1.0000000180025095e-35 25.250000000000004 0.27694220057652758 13.950000000000001 -0.58481178939031186 21.250000000000004 0.14250000000000002 1.1071428571428579
decision_type=2 2 2 2 2 2 2 2 2
left_child=1 2 -1 -4 8 -6 7 -7 -2
right_child=4 -3 3 -5 5 6 -8 -9 -10
leaf_value=0.14391175163526429 0.098246393548355529 -0.24060839259733374 0.024637610879490131 -0.19345458930035792 -0.05459995307422108 -0.070966787469026793 0.15932322982200009 0.072944408589329449 0.2015623787643431
leaf_weight=49 82 54 55 52 56 49 48 55 49
leaf_count=49 82 54 55 52 56 49 48 55 49
internal_value=0.0153224 -0.0697392 -0.010589 -0.0813464 0.068017 0.0246345 0.0538295 0.00513521 0.136895
internal_weight=549 210 156 107 339 208 152 104 131
internal_count=549 210 156 107 339 208 152 104 131
is_linear=0
shrinkage=0.0940634


Tree=5
num_leaves=9
num_cat=0
split_feature=11 6 10 0 9 8 2 13
split_gain=244.884 129.813 101.305 100.192 76.5726 55.2365 60.2167 44.0655
threshold=-1.3357142857142861 11.950000000000001 -4.099999999999997 74.350000000000009 -1.1500000000000019 0.12650000000000003 28.600000000000001 2.5214313709852472
decision_type=2 2 2 2 2 2 2 2
left_child=2 7 -1 -4 -3 -6 -7 -2
right_child=1 4 3 -5 5 6 -8 -9
leaf_value=-0.19094828886015577 0.083606337292697966 -0.059190790691815917 0.048298333366158602 -0.11498632605236113 -0.022456036841647573 0.15867924614879403 0.032376297631935239 0.20804531573570864
leaf_weight=49 48 72 67 66 58 59 77 53
leaf_count=49 48 72 67 66 58 59 77 53
internal_value=0.0138812 0.0581223 -0.0753273 -0.0327263 0.023648 0.0543948 0.0871732 0.148911
internal_weight=549 367 182 133 266 194 136 101
internal_count=549 367 182 133 266 194 136 101
is_linear=0
shrinkage=0.0940634


Tree=6
num_leaves=9
num_cat=0
split_feature=6 11 8 0 9 7 7 12
split_gain=219.473 156.663 137.675 164.486 164.211 61.3334 21.7699 10.956
threshold=11.950000000000001 -0.30714285714285733 0.074500000000000011 54.400000000000006 0.95000000000000295 6286.5000000000009 7280.5000000000009 0.13214285714285673
decision_type=2 2 2 2 2 2 2 2
left_child=1 -1 -2 -4 5 -5 -7 -6
right_child=2 -3 3 4 7 6 -8 -9
leaf_value=-0.032952633399042676 -0.18613576891193562 0.17867692397987453 0.14032017003031144 -0.14734508999006601 0.027277790778218382 -0.0031080310596838588 -0.080462386722349774 0.089908752365436037
leaf_weight=49 49 84 50 91 51 57 74 48
leaf_count=49 49 84 50 91 51 57 74 48
internal_value=-0.00459937 0.100704 -0.0379467 -0.0183732 -0.0430934 -0.0880216 -0.0468083 0.0576494
internal_weight=553 133 420 371 321 222 131 99
internal_count=553 133 420 371 321 222 131 99
is_linear=0
shrinkage=0.0940634


Tree=7
num_leaves=9
num_cat=0
split_feature=6 11 8 0 9 7 7 13
split_gain=180.171 125.64 102.777 137.904 126.996 49.4374 18.5909 11.9738
threshold=12.050000000000002 -0.050000000000000641 0.074500000000000011 54.400000000000006 0.95000000000000295 6286.5000000000009 7280.5000000000009 2.6858535565716015
decision_type=2 2 2 2 2 2 2 2
left_child=1 -1 -2 -4 5 -5 -7 -6
right_child=2 -3 3 4 7 6 -8 -9
leaf_value=-0.01572983199918003 -0.16443760201866126 0.16657549444876735 0.1271211772518869 -0.13348531035553748 0.016073485763851328 -0.0028156775670547941 -0.074512746400741153 0.082189437986321071
leaf_weight=58 48 79 50 91 49 57 73 48
leaf_count=58 48 79 50 91 49 57 73 48
internal_value=-0.00416674 0.0893914 -0.0349792 -0.0180919 -0.0409258 -0.0803082 -0.0430802 0.0487959
internal_weight=553 137 416 368 318 221 130 97
internal_count=553 137 416 368 318 221 130 97
is_linear=0
shrinkage=0.0940634


Tree=8
num_leaves=9
num_cat=0
split_feature=11 5 12 3 6 0 6 2
split_gain=276.3 170.743 84.3576 84.0235 70.9323 52.0796 44.817 7.2885
threshold=-0.40000000000000002 1.0000000180025095e-35 -2.4821428571428572 -0.8781231054254196 13.750000000000002 66.250000000000014 17.350000000000005 27.750000000000004
decision_type=2 2 2 2 2 2 2 2
left_child=1 2 -1 -2 7 -4 -6 -5
right_child=3 -3 5 4 6 -7 -8 -9
leaf_value=-0.11614296765465584 0.1724997251218435 -0.21145874643072043 0.06199724154877901 0.12619891682431639 -0.072711190706432408 -0.046708990681040147 0.037013940589794049 0.074587080664866093
leaf_weight=72 50 59 77 48 53 79 87 49
leaf_count=72 50 59 77 48 53 79 87 49
internal_value=-0.00357099 -0.0688331 -0.0319233 0.0616893 0.0383095 0.00694403 -0.00452123 0.100132
internal_weight=574 287 228 287 237 156 140 97
internal_count=574 287 228 287 237 156 140 97
is_linear=0
shrinkage=0.0940634


Tree=9
num_leaves=9
num_cat=0
split_feature=11 5 3 12 0 0 3 12
split_gain=226.767 140.132 76.2514 69.234 43.72 42.7429 30.0115 29.5449
threshold=-0.40000000000000002 1.0000000180025095e-35 0.30983042691905766 -2.4821428571428572 62.750000000000007 66.250000000000014 -0.8781231054254196 1.407142857142857
decision_type=2 2 2 2 2 2 2 2
left_child=1 3 6 -1 -4 -5 -2 -8
right_child=2 -3 4 5 -6 -7 7 -9
leaf_value=-0.10521816493339239 0.15627381507669957 -0.19156821635929686 0.056187815531710497 0.056165569284142618 -0.06142535421433673 -0.042315384386409353 0.10737098738715113 0.014011060613226101
leaf_weight=72 50 59 54 77 58 79 75 50
leaf_count=72 50 59 54 77 58 79 75 50
internal_value=-0.00323492 -0.0623586 0.055887 -0.0289205 -0.00471447 0.00629055 0.0946748 0.0700311
internal_weight=574 287 287 228 112 156 175 125
internal_count=574 287 287 228 112 156 175 125
is_linear=0
shrinkage=0.0940634


Tree=10
num_leaves=8
num_cat=0
split_feature=1 6 9 2 12 0 6
split_gain=170.177 145.65 134.728 96.1841 54.9482 46.391 22.3034
threshold=19.500000000000004 11.750000000000002 -2.9500000000000024 22.750000000000004 -1.1928571428571422 60.95000000000001 16.750000000000004
decision_type=2 2 2 2 2 2 2
left_child=-1 5 -3 -4 -5 -2 -6
right_child=1 2 3 4 6 -7 -8
leaf_value=-0.15394753768774067 0.1825720601298769 -0.12723260669103076 0.10731262790257014 -0.070359167302710357 0.065640383485764564 0.062436713388080399 -0.007510360877665611
leaf_weight=54 50 67 82 87 64 66 87
leaf_count=54 50 67 82 87 64 66 87
internal_value=0.00473454 0.021771 -0.00593957 0.0194546 -0.0108137 0.114224 0.0234906
internal_weight=557 503 387 320 238 116 151
internal_count=557 503 387 320 238 116 151
is_linear=0
shrinkage=0.0940634


Tree=11
num_leaves=8
num_cat=0
split_feature=1 6 9 2 11 0 9
split_gain=139.668 119.539 110.574 78.9405 58.9704 38.0729 24.1908
threshold=19.500000000000004 11.750000000000002 -2.9500000000000024 22.750000000000004 -1.4642857142857151 60.95000000000001 0.4500000000000029
decision_type=2 2 2 2 2 2 2
left_child=-1 5 -3 -4 -5 -2 -6
right_child=1 2 3 4 6 -7 -8
leaf_value=-0.13946670800088556 0.16539871102229695 -0.11526467460326169 0.09721843667311808 -0.08160689577734892 0.056747195507787687 0.05656370432520038 -0.014851242862168759
leaf_weight=54 50 67 82 71 83 66 84
leaf_count=54 50 67 82 71 83 66 84
internal_value=0.00428911 0.0197231 -0.00538087 0.0176245 -0.00979654 0.10348 0.0207306
internal_weight=557 503 387 320 238 116 167
internal_count=557 503 387 320 238 116 167
is_linear=0
shrinkage=0.0940634


Tree=12
num_leaves=10
num_cat=0
split_feature=9 4 6 1 13 10 9 13 6
split_gain=188.062 80.0714 65.1988 55.3498 43.5653 43.289 35.004 21.3117 14.0404
threshold=-5.3000000000000034 0.22491561436810897 15.950000000000001 21.450000000000003 2.7729957408501669 1.4000000000000024 -1.1500000000000019 2.0658792461901618 15.15
decision_type=2 2 2 2 2 2 2 2 2
left_child=-1 2 7 -3 6 8 -4 -2 -5
right_child=1 3 4 5 -6 -7 -8 -9 -10
leaf_value=-0.17894142244967901 -0.0054160224007030067 -0.037350569411674313 -0.075964399476718666 0.15428153653607865 -0.11146592173353127 0.025688491647481538 0.029626276107373544 0.082322654686369304 0.082669081031798639
leaf_weight=51 48 48 51 49 74 81 61 50 48
leaf_count=51 48 48 51 49 74 81 61 50 48
internal_value=-0.00671827 0.0105031 -0.022744 0.0522848 -0.0554595 0.076459 -0.0184507 0.0393434 0.11885
internal_weight=561 510 284 226 186 178 112 98 97
internal_count=561 510 284 226 186 178 112 98 97
is_linear=0
shrinkage=0.0940634


Tree=13
num_leaves=10
num_cat=0
split_feature=9 8 8 3 2 3 13 6 8
split_gain=154.347 67.3378 84.6994 69.5846 65.757 47.5308 33.7062 18.7925 13.9665
threshold=-5.3000000000000034 0.16749999999999998 0.07350000000000001 -0.013976118469459398 22.750000000000004 0.76140650896573492 2.3593279650512113 13.750000000000002 0.27650000000000008
decision_type=2 2 2 2 2 2 2 2 2
left_child=-1 2 -2 8 -4 -5 -6 -8 -3
right_child=1 3 4 5 6 -7 7 -9 -10
leaf_value=-0.16210958994979086 -0.057917380575418724 0.052419133776200687 0.16762146819249085 -0.14090600194999023 -0.020938701885557128 -0.025751295876758069 0.11511085796300975 0.032282586029607742 -0.011012271614209554
leaf_weight=51 56 73 49 53 50 79 49 48 53
leaf_count=51 56 73 49 53 50 79 49 48 53
internal_value=-0.00608624 0.0095151 0.0440998 -0.0242633 0.0732501 -0.0719915 0.0417895 0.0741289 0.0257336
internal_weight=561 510 252 258 196 132 147 97 126
internal_count=561 510 252 258 196 132 147 97 126
is_linear=0
shrinkage=0.0940634


Tree=14
num_leaves=10
num_cat=0
split_feature=3 8 0 9 1 6 7 12 0
split_gain=122.471 104.772 75.5165 94.7722 65.0209 50.9324 43.4603 32.0921 7.43088
threshold=-0.78326540922535159 0.067500000000000018 50.750000000000007 -3.5999999999999974 49.500000000000007 15.550000000000002 6426.0000000000009 -0.074999999999999484 86.750000000000014
decision_type=2 2 2 2 2 2 2 2 2
left_child=4 -2 -3 -4 -1 7 -7 -5 -8
right_child=1 2 3 5 -6 6 8 -9 -10
leaf_value=0.1721864403450053 -0.1314528573555214 0.10761800091370297 -0.13410368971085049 0.10877767996370319 0.022526078962085045 -0.078359830459844848 -0.0098056703915517431 0.0037519332625264496 0.04175300532842062
leaf_weight=49 64 49 52 52 54 79 51 51 48
leaf_count=49 64 49 52 52 54 79 51 51 48
internal_value=0.00127937 -0.0200699 -0.00140753 -0.0174519 0.0937287 0.00413315 -0.0263279 0.0567796 0.0151873
internal_weight=549 446 382 333 103 281 178 103 99
internal_count=549 446 382 333 103 281 178 103 99
is_linear=0
shrinkage=0.0940634


Tree=15
num_leaves=10
num_cat=0
split_feature=3 8 0 7 9 1 11 1 0
split_gain=100.515 85.9891 64.9655 98.4542 107.24 53.3631 22.5194 20.8279 16.8489
threshold=-0.78326540922535159 0.067500000000000018 60.150000000000013 6393.0000000000009 0.14999999999999858 49.500000000000007 0.37857142857142895 60.500000000000007 77.15000000000002
decision_type=2 2 2 2 2 2 2 2 2
left_child=5 -2 6 4 -4 -1 -3 8 -5
right_child=1 2 3 7 -6 -7 -8 -9 -10
leaf_value=0.15598999905411048 -0.11908795472482961 0.090184744062668382 -0.19611320701452481 0.036516761767828899 -0.0050333793282233983 0.020407199438883243 0.0084531664548260447 0.068727356172582174 -0.039120631967736373
leaf_weight=49 64 70 51 48 53 54 52 51 57
leaf_count=49 64 70 51 48 53 54 52 51 57
internal_value=0.00115912 -0.0181819 -0.00127489 -0.0278482 -0.0987409 0.0849127 0.0553525 0.0194104 -0.0045387
internal_weight=549 446 382 260 104 103 122 156 105
internal_count=549 446 382 260 104 103 122 156 105
is_linear=0
shrinkage=0.0940634


Tree=16
num_leaves=9
num_cat=0
split_feature=9 2 8 6 2 9 13 6
split_gain=101.851 59.4995 66.5564 44.3173 53.6966 33.1963 18.9232 16.1584
threshold=-5.3000000000000034 22.350000000000005 0.074500000000000011 13.950000000000001 26.100000000000001 1.4500000000000031 2.3837744154052003 18.050000000000004
decision_type=2 2 2 2 2 2 2 2
left_child=-1 2 -2 6 -5 7 -3 -6
right_child=1 3 -4 4 5 -7 -8 -9
leaf_value=-0.13772467051640144 -0.01888117136842267 -0.011544594650879656 0.12763641855526253 -0.12009290455687362 -0.080414867693550426 0.048616853758769556 0.055671400736131159 -0.014266917034210869
leaf_weight=49 48 64 64 54 51 54 88 91
leaf_count=49 48 64 64 54 51 54 88 91
internal_value=-0.00814568 0.0042062 0.0648386 -0.0126852 -0.0370387 -0.0141538 0.0273666 -0.0380279
internal_weight=563 514 112 402 250 196 152 142
internal_count=563 514 112 402 250 196 152 142
is_linear=0
shrinkage=0.0940634


Tree=17
num_leaves=9
num_cat=0
split_feature=2 9 11 8 7 6 7 2
split_gain=83.6419 96.2259 49.8612 34.031 52.6527 33.2969 54.0073 16.015
threshold=23.550000000000008 -3.7499999999999996 1.157142857142857 0.13750000000000004 3228.5000000000005 15.300000000000002 6451.5000000000009 30.849999999999998
decision_type=2 2 2 2 2 2 2 2
left_child=3 -2 5 4 -1 7 -7 -3
right_child=1 2 -4 -5 -6 6 -8 -9
leaf_value=0.08531075710137348 -0.15337574809777021 -0.024205088312767509 0.056535373638191978 0.1162695608846858 -0.047369783972949171 -0.1133521368694404 -0.0068455071731270056 0.045601762684840272
leaf_weight=55 49 63 73 49 51 80 89 54
leaf_count=55 49 63 73 49 51 80 89 54
internal_value=-0.00737964 -0.0297272 -0.0128489 0.0514416 0.0214691 -0.0305607 -0.0572659 0.00800912
internal_weight=563 408 359 155 106 286 169 117
internal_count=563 408 359 155 106 286 169 117
is_linear=0
shrinkage=0.0940634


Tree=18
num_leaves=9
num_cat=0
split_feature=1 12 12 4 7 10 10 4
split_gain=121.015 66.0926 67.3999 128.832 85.6055 33.7623 32.3439 30.5875
threshold=20.850000000000005 0.82857142857142774 -0.58571428571428608 -0.099822328936730778 6540.5000000000009 1.0499999999999974 -1.9000000000000019 0.45082531555062549
decision_type=2 2 2 2 2 2 2 2
left_child=-1 2 3 6 7 -3 -2 -4
right_child=1 5 4 -5 -6 -7 -8 -9
leaf_value=-0.12537883588387827 0.024113356736609533 0.13372553408615473 -0.15661817604274614 0.14032857909105875 0.045410245650409783 0.034408113080551674 -0.061248233905153 -0.050406735097142531
leaf_weight=58 85 54 48 67 53 69 73 48
leaf_count=58 85 54 48 67 53 69 73 48
internal_value=0.00319539 0.0182011 -0.00146903 0.0310246 -0.05054 0.078015 -0.0153226 -0.103518
internal_weight=555 497 374 225 149 123 158 96
internal_count=555 497 374 225 149 123 158 96
is_linear=0
shrinkage=0.0940634


Tree=19
num_leaves=8
num_cat=0
split_feature=8 2 1 3 6 6 7
split_gain=100.88 70.4405 48.4846 60.4673 53.4796 51.724 20.156
threshold=0.07350000000000001 22.350000000000005 43.350000000000001 0.24372619187392147 17.850000000000005 11.350000000000003 6942.0000000000009
decision_type=2 2 2 2 2 2 2
left_child=-1 -2 4 6 5 -3 -4
right_child=1 2 3 -5 -6 -7 -8
leaf_value=-0.092737445952235278 0.10607113284150611 0.08110500371659464 -0.024214769900952265 -0.10410329462293719 0.10859559536964154 -0.041839516988506402 0.046856325920354977
leaf_weight=83 71 48 82 63 64 82 62
leaf_count=83 71 48 82 63 64 82 62
internal_value=0.00289482 0.0197126 0.00442091 -0.0272417 0.0382078 0.00355148 0.00638176
internal_weight=555 472 401 207 194 130 144
internal_count=555 472 401 207 194 130 144
is_linear=0
shrinkage=0.0940634


Tree=20
num_leaves=9
num_cat=0
split_feature=9 1 1 12 4 7 1 6
split_gain=73.6193 67.2641 54.4371 32.4696 30.4327 35.6208 35.6569 44.1448
threshold=-0.84999999999999776 30.750000000000004 43.350000000000001 -1.7928571428571429 0.86004965528756494 4249.0000000000009 37.750000000000007 17.950000000000003
decision_type=2 2 2 2 2 2 2 2
left_child=1 -1 -3 -4 5 -2 -7 -8
right_child=4 2 3 -5 -6 6 7 -9
leaf_value=-0.12106078192959485 -0.039427993940996234 0.071649819266269912 0.0037443007549012677 -0.094161023437032823 0.086809606594570293 0.096762722926891503 0.057125753393236195 -0.053012361654896707
leaf_weight=65 76 52 62 58 65 60 74 57
leaf_count=65 76 52 62 58 65 60 74 57
internal_value=0.000501069 -0.0395437 -0.0087348 -0.0435724 0.0290887 0.0150349 0.0367087 0.00919919
internal_weight=569 237 172 120 332 267 191 131
internal_count=569 237 172 120 332 267 191 131
is_linear=0
shrinkage=0.0940634


Tree=21
num_leaves=9
num_cat=0
split_feature=2 5 13 9 3 12 9 3
split_gain=68.0314 123.423 84.2286 65.6595 92.0578 41.3879 32.6349 8.49933
threshold=17.850000000000009 1.0000000180025095e-35 4.2521422905619355 -1.0499999999999969 0.056951373111866661 -0.057142857142857141 1.0499999999999974 0.51297097409535064
decision_type=2 2 2 2 2 2 2 2
left_child=-1 2 3 4 -2 7 -7 -5
right_child=1 -3 -4 5 -6 6 -8 -9
leaf_value=0.088009565636973999 0.018041558801171972 -0.1284295756969788 0.092857251811243505 0.034709646143184614 -0.14912428818272572 -0.077346318784793769 0.020797487974872599 0.08745231325659153
leaf_weight=69 55 69 82 62 62 53 69 48
leaf_count=69 55 69 82 62 62 53 69 48
internal_value=0.000453938 -0.0116277 0.00707023 -0.0130846 -0.0705377 0.0158875 -0.0218346 0.0577292
internal_weight=569 500 431 349 117 232 122 110
internal_count=569 500 431 349 117 232 122 110
is_linear=0
shrinkage=0.0940634


Tree=22
num_leaves=9
num_cat=0
split_feature=8 0 7 4 6 7 6 6
split_gain=53.8106 64.7611 60.5363 53.7503 32.4252 37.7192 29.3601 17.4018
threshold=0.062000000000000006 60.050000000000004 3876.0000000000005 0.11478523713130602 14.350000000000003 6426.0000000000009 21.950000000000003 16.550000000000004
decision_type=2 2 2 2 2 2 2 2
left_child=-1 7 -3 4 -4 -6 -7 -2
right_child=1 2 3 -5 5 6 -8 -9
leaf_value=-0.081777439094000592 0.042055505827554712 -0.10201833935374974 0.047867116110481181 0.086998058762763925 -0.084468260090050762 0.04035327889576578 -0.048952508021189237 0.10864723797416817
leaf_weight=54 79 48 69 66 67 76 57 62
leaf_count=54 79 48 69 66 67 76 57 62
internal_value=0.0076255 0.0168397 -0.0032232 0.010931 -0.0077304 -0.0269141 0.00207555 0.0713406
internal_weight=578 524 383 335 269 200 133 141
internal_count=578 524 383 335 269 200 133 141
is_linear=0
shrinkage=0.0940634


Tree=23
num_leaves=9
num_cat=0
split_feature=12 10 7 7 13 10 2 1
split_gain=50.5971 68.0923 57.5841 134.567 45.9751 37.5703 37.0349 14.79
threshold=-1.3821428571428565 -0.45000000000000279 3960.5000000000005 2950.5000000000005 4.0980231716007713 -2.5999999999999974 24.350000000000005 40.350000000000001
decision_type=2 2 2 2 2 2 2 2
left_child=4 6 3 -3 5 -1 -2 -4
right_child=1 2 7 -5 -6 -7 -8 -9
leaf_value=0.063356710462187382 0.14325230515086684 0.044228057063679979 0.07567868459304633 -0.16608615587291745 -0.10180792750823697 -0.040748535002397945 0.042855383869606446 0.012211438378087179
leaf_weight=49 50 57 53 51 59 82 93 84
leaf_count=49 50 57 53 51 59 82 93 84
internal_value=0.00690822 0.0263841 -0.00371894 -0.0550823 -0.0328609 -0.00180453 0.0779628 0.0367682
internal_weight=578 388 245 108 190 131 143 137
internal_count=578 388 245 108 190 131 143 137
is_linear=0
shrinkage=0.0940634


Tree=24
num_leaves=9
num_cat=0
split_feature=6 1 12 1 2 6 7 7
split_gain=78.2684 83.7418 60.2383 52.1417 39.5012 47.2761 36.9255 31.4453
threshold=11.950000000000001 25.350000000000005 -2.7999999999999994 28.350000000000005 24.350000000000005 16.050000000000004 5788.0000000000009 3960.5000000000005
decision_type=2 2 2 2 2 2 2 2
left_child=3 -2 -3 -1 7 -6 -7 -4
right_child=1 2 4 -5 5 6 -8 -9
leaf_value=0.127785944589735 -0.11987797600107404 0.094852336136156803 -0.025491003816751939 0.01097540331195338 0.027083024054279245 -0.13585374501089287 -0.034943384062259414 0.077031449005064617
leaf_weight=63 60 51 48 73 65 49 93 59
leaf_count=63 60 51 48 73 65 49 93 59
internal_value=0.00297972 -0.0168943 3.30874e-05 0.0650899 -0.0153659 -0.0393535 -0.0697681 0.0310353
internal_weight=561 425 365 136 314 207 142 107
internal_count=561 425 365 136 314 207 142 107
is_linear=0
shrinkage=0.0940634


Tree=25
num_leaves=9
num_cat=0
split_feature=6 2 8 1 9 9 10 1
split_gain=64.2371 75.2734 94.2292 42.7931 37.5155 57.9263 28.913 21.6014
threshold=11.950000000000001 27.849999999999998 0.17150000000000001 28.350000000000005 1.9500000000000031 -0.90000000000000202 -1.4500000000000026 55.95000000000001
decision_type=2 2 2 2 2 2 2 2
left_child=3 4 -3 -1 5 6 -2 -4
right_child=1 2 7 -5 -6 -7 -8 -9
leaf_value=0.11576596321120419 0.048243099416978935 -0.16153475685516744 0.014045282644664809 0.0099430197416299979 -0.049423799681347413 0.10728347370576589 -0.054471299260029547 -0.057561255312262069
leaf_weight=63 48 55 84 73 49 73 49 67
leaf_count=63 48 55 84 73 49 73 49 67
internal_value=0.00269944 -0.0153052 -0.0561224 0.0589677 0.0230867 0.0439898 -0.00363832 -0.0177238
internal_weight=561 425 206 136 219 170 97 151
internal_count=561 425 206 136 219 170 97 151
is_linear=0
shrinkage=0.0940634


Tree=26
num_leaves=9
num_cat=0
split_feature=8 4 0 2 2 8 4 12
split_gain=166.689 42.984 38.8414 28.8414 22.7775 20.365 11.7997 10.6337
threshold=0.067500000000000018 0.20812153622207721 57.750000000000007 27.849999999999998 31.050000000000001 0.22350000000000003 0.51849435583340198 -1.0035714285714288
decision_type=2 2 2 2 2 2 2 2
left_child=-1 3 -3 5 -5 -2 -4 -6
right_child=1 2 6 4 7 -7 -8 -9
leaf_value=-0.14206038773990554 -0.001693177183371454 0.0085160227708143046 0.057478324813464855 -0.060314213560323571 -0.023719777424626876 0.079438237934484485 0.12106287813418305 0.036613274461414137
leaf_weight=65 62 95 48 91 56 49 56 48
leaf_count=65 62 95 48 91 56 49 56 48
internal_value=-0.000276094 0.0179724 0.0520026 -0.00415676 -0.025946 0.034117 0.091721 0.00412136
internal_weight=570 505 199 306 195 111 104 104
internal_count=570 505 199 306 195 111 104 104
is_linear=0
shrinkage=0.0940634


Tree=27
num_leaves=10
num_cat=0
split_feature=1 4 12 4 8 12 2 3 2
split_gain=140.526 50.5319 38.718 42.5366 38.4736 42.3649 26.8023 26.7913 18.0748
threshold=21.350000000000005 0.87709077819680659 -2.8928571428571428 -0.8611288361322974 0.097500000000000017 0.13214285714285673 28.600000000000001 0.91248814248966259 30.350000000000005
decision_type=2 2 2 2 2 2 2 2 2
left_child=-1 2 -2 -4 -5 7 -7 8 -6
right_child=1 -3 3 4 5 6 -8 -9 -10
leaf_value=-0.12931492004679615 0.084608584984880858 0.1044634247820088 -0.07767873030258618 -0.068713317264656681 0.04092405329511916 0.11688806244822748 0.022714592607691778 -0.065402791440647659 -0.029470599876915103
leaf_weight=66 50 52 58 48 91 53 54 48 50
leaf_count=66 50 52 58 48 91 53 54 48 50
internal_value=-0.000249956 0.0166504 0.00654689 -0.00316101 0.00940155 0.0220705 0.069366 -0.00470251 0.0159578
internal_weight=570 504 452 402 344 296 107 189 141
internal_count=570 504 452 402 344 296 107 189 141
is_linear=0
shrinkage=0.0940634


Tree=28
num_leaves=9
num_cat=0
split_feature=3 2 7 1 2 2 2 2
split_gain=85.8053 91.3624 75.9174 45.6743 34.0392 25.5749 57.3757 21.6364
threshold=0.24372619187392147 20.300000000000001 4127.5000000000009 43.45000000000001 29.050000000000001 32.750000000000007 28.100000000000001 24.850000000000001
decision_type=2 2 2 2 2 2 2 2
left_child=1 -1 -2 4 -4 6 7 -3
right_child=2 5 3 -5 -6 -7 -8 -9
leaf_value=0.14689950555178327 -0.12253027525885966 -0.003739700559739927 0.079215459090477197 -0.06815951445552812 -0.018380178484817971 0.070949592150739649 -0.061535145116995246 0.079475055245075199
leaf_weight=53 70 52 57 73 71 50 87 59
leaf_count=53 70 52 57 73 71 50 87 59
internal_value=0.000228442 0.0347979 -0.038166 -0.00878287 0.0250764 0.0108386 -0.00433835 0.040487
internal_weight=572 301 271 201 128 248 198 111
internal_count=572 301 271 201 128 248 198 111
is_linear=0
shrinkage=0.0940634


Tree=29
num_leaves=9
num_cat=0
split_feature=3 13 7 10 1 2 2 10
split_gain=70.4226 75.3025 62.4309 47.4384 46.1108 33.4 46.9172 38.2159
threshold=0.24372619187392147 4.2521422905619355 4073.0000000000005 -2.4000000000000017 39.750000000000007 28.100000000000001 31.150000000000009 1.0499999999999974
decision_type=2 2 2 2 2 2 2 2
left_child=1 5 -2 -4 -5 7 -7 -1
right_child=2 -3 3 4 -6 6 -8 -9
leaf_value=0.08598246359972847 -0.11182470036762354 0.13953997565192411 0.060308112048276533 0.008221084667540195 -0.1008587968772247 -0.078849562016639993 0.035523523024402336 -0.020684647221727484
leaf_weight=78 69 48 62 80 60 65 62 48
leaf_count=78 69 48 62 80 60 65 62 48
internal_value=0.000206787 0.0315247 -0.0345761 -0.00818674 -0.0385238 0.0110296 -0.0230099 0.0453433
internal_weight=572 301 271 202 140 253 127 126
internal_count=572 301 271 202 140 253 127 126
is_linear=0
shrinkage=0.0940634


Tree=30
num_leaves=9
num_cat=0
split_feature=2 5 6 6 10 11 12 8
split_gain=83.8209 112.703 48.7296 79.2852 45.0169 18.1116 19.6893 7.20982
threshold=18.050000000000004 1.0000000180025095e-35 16.050000000000004 17.450000000000003 -0.74999999999999989 -0.099999999999999326 1.407142857142857 0.16150000000000003
decision_type=2 2 2 2 2 2 2 2
left_child=-1 2 5 -4 -5 7 -7 -2
right_child=1 -3 3 4 -6 6 -8 -9
leaf_value=0.08996077552815962 0.025579316053274369 -0.12629921147776846 -0.13813224456906029 -0.052470648416779633 0.044397988541092927 0.087374696724627374 0.010286797400105012 -0.025976365583472442
leaf_weight=70 48 75 49 82 88 69 51 48
leaf_count=70 48 75 49 82 88 69 51 48
internal_value=-0.00655827 -0.019807 -0.00144509 -0.0327126 -0.0023239 0.0302543 0.0546166 -0.000193234
internal_weight=580 510 435 219 170 216 120 96
internal_count=580 510 435 219 170 216 120 96
is_linear=0
shrinkage=0.0940634


Tree=31
num_leaves=9
num_cat=0
split_feature=2 1 4 8 12 11 3 6
split_gain=68.7935 106.469 73.8741 74.5836 47.6963 33.7703 27.6875 22.7345
threshold=18.050000000000004 21.350000000000005 0.21652257995689159 0.19850000000000004 -0.39285714285714324 0.33571428571428591 0.24372619187392147 13.950000000000001
decision_type=2 2 2 2 2 2 2 2
left_child=-1 -2 3 -3 6 -4 -5 -7
right_child=1 2 5 4 -6 7 -8 -9
leaf_value=0.081498759873143964 -0.14687857147187208 -0.11655016764533653 0.099007235244235992 -0.00062864594398070388 0.055266208098923984 0.056352912400999239 -0.082398349443449426 -0.034274057328477076
leaf_weight=70 51 70 66 84 76 50 65 48
leaf_count=70 51 70 66 84 76 50 65 48
internal_value=-0.00594121 -0.0179438 -0.00361658 -0.0317542 -0.00537097 0.0469937 -0.0363034 0.011959
internal_weight=580 510 459 295 225 164 149 98
internal_count=580 510 459 295 225 164 149 98
is_linear=0
shrinkage=0.0940634


Tree=32
num_leaves=9
num_cat=0
split_feature=6 8 4 7 7 9 6 11
split_gain=35.4429 58.6386 67.4455 62.1261 52.0499 41.032 15.9468 14.5835
threshold=10.200000000000001 0.07350000000000001 0.24164313636530541 6495.0000000000009 5647.0000000000009 1.5999999999999981 21.950000000000003 -1.4642857142857151
decision_type=2 2 2 2 2 2 2 2
left_child=-1 -2 3 4 -3 -4 7 -5
right_child=1 2 5 6 -6 -7 -8 -9
leaf_value=0.071181124027721157 -0.088433923844799783 -0.0052839677303593542 0.11218326358622797 0.085135708440807423 -0.12888620859810779 0.0099427448518262396 -0.013988222675782293 0.015561658302351931
leaf_weight=76 56 64 79 48 57 62 60 60
leaf_count=76 56 64 79 48 57 62 60 60
internal_value=0.011446 0.00210361 0.0138957 -0.0121238 -0.063514 0.06723 0.0248864 0.0464882
internal_weight=562 486 430 289 121 141 168 108
internal_count=562 486 430 289 121 141 168 108
is_linear=0
shrinkage=0.0940634


Tree=33
num_leaves=10
num_cat=0
split_feature=12 5 13 12 1 8 9 2 12
split_gain=34.0826 43.9833 71.6585 30.9045 40.69 52.2791 30.0863 28.5267 15.4572
threshold=1.0642857142857147 1.0000000180025095e-35 2.6101882891465462 0.21785714285714267 47.850000000000001 0.27650000000000008 1.7500000000000002 26.050000000000004 -1.0321428571428577
decision_type=2 2 2 2 2 2 2 2 2
left_child=1 3 -3 4 7 -6 -2 -1 -9
right_child=6 2 -4 -5 5 -7 -8 8 -10
leaf_value=0.11512391863987187 0.10848452827441042 0.020527044109496739 -0.13884526333983047 -0.048797189487830676 -0.090201112508311518 0.032081853533604994 0.008712170052470691 -0.0035078469283303703 0.067016978456908641
leaf_weight=53 53 52 48 57 48 87 54 56 54
leaf_count=53 53 52 48 57 48 87 54 56 54
internal_value=0.0103693 -0.000862825 -0.0559666 0.0146579 0.026797 -0.0113928 0.0581369 0.0584297 0.0311088
internal_weight=562 455 100 355 298 135 107 163 110
internal_count=562 455 100 355 298 135 107 163 110
is_linear=0
shrinkage=0.0940634


Tree=34
num_leaves=8
num_cat=0
split_feature=2 4 4 7 4 3 0
split_gain=67.041 143.595 68.498 33.3938 38.7061 16.6046 26.3651
threshold=29.150000000000006 0.65071284653328287 0.70747208174348741 6051.5000000000009 0.22491561436810897 0.85226249403558707 84.300000000000026
decision_type=2 2 2 2 2 2 2
left_child=2 5 3 4 -1 6 -2
right_child=1 -3 -4 -5 -6 -7 -8
leaf_value=-0.076906716424703966 0.061831173212001898 -0.17901647020404057 0.091434072628542543 0.049150712126955848 0.017713782020926876 -0.044343270968499444 -0.02028515624207905
leaf_weight=76 57 53 93 70 77 68 88
leaf_count=76 57 53 93 70 77 68 88
internal_value=-0.00567089 -0.0404678 0.0236186 -0.00466091 -0.0292839 -0.00599089 0.0119916
internal_weight=582 266 316 223 153 213 145
internal_count=582 266 316 223 153 213 145
is_linear=0
shrinkage=0.0940634


end of trees

feature_importances:
forecast_wind=36
forecast_diurnal_range=33
lag_high_1d=26
forecast_radiation=23
roll_high_14d_mean=23
forecast_evap=22
forecast_low=21
forecast_high=18
day_sin=17
day_cos=17
lag_high_2d=16
roll_high_7d_mean=14
roll_high_7d_std=11
forecast_precip=7

parameters:
[boosting: gbdt]
[objective: regression]
[metric: l2]
[tree_learner: serial]
[device_type: cpu]
[data_sample_strategy: bagging]
[data: ]
[valid: ]
[num_iterations: 35]
[learning_rate: 0.0940634]
[num_leaves: 15]
[num_threads: 2]
[seed: 42]
[deterministic: 0]
[force_col_wise: 0]
[force_row_wise: 0]
[histogram_pool_size: -1]
[max_depth: -1]
[min_data_in_leaf: 48]
[min_sum_hessian_in_leaf: 0.001]
[bagging_fraction: 0.711348]
[pos_bagging_fraction: 1]
[neg_bagging_fraction: 1]
[bagging_freq: 2]
[bagging_seed: 400]
[bagging_by_query: 0]
[feature_fraction: 0.918541]
[feature_fraction_bynode: 1]
[feature_fraction_seed: 30056]
[extra_trees: 0]
[extra_seed: 12879]
[early_stopping_round: 0]
[early_stopping_min_delta: 0]
[first_metric_only: 0]
[max_delta_step: 0]
[lambda_l1: 0.00539948]
[lambda_l2: 1.56995e-06]
[linear_lambda: 0]
[min_gain_to_split: 0]
[drop_rate: 0.1]
[max_drop: 50]
[skip_drop: 0.5]
[xgboost_dart_mode: 0]
[uniform_drop: 0]
[drop_seed: 17869]
[top_rate: 0.2]
[other_rate: 0.1]
[min_data_per_group: 100]
[max_cat_threshold: 32]
[cat_l2: 10]
[cat_smooth: 10]
[max_cat_to_onehot: 4]
[top_k: 20]
[monotone_constraints: ]
[monotone_constraints_method: basic]
[monotone_penalty: 0]
[feature_contri: ]
[forcedsplits_filename: ]
[refit_decay_rate: 0.9]
[cegb_tradeoff: 1]
[cegb_penalty_split: 0]
[cegb_penalty_feature_lazy: ]
[cegb_penalty_feature_coupled: ]
[path_smooth: 0]
[interaction_constraints: ]
[verbosity: -1]
[saved_feature_importance_type: 0]
[use_quantized_grad: 0]
[num_grad_quant_bins: 4]
[quant_train_renew_leaf: 0]
[stochastic_rounding: 1]
[linear_tree: 0]
[max_bin: 255]
[max_bin_by_feature: ]
[min_data_in_bin: 3]
[bin_construct_sample_cnt: 200000]
[data_random_seed: 175]
[is_enable_sparse: 1]
[enable_bundle: 1]
[use_missing: 1]
[zero_as_missing: 0]
[feature_pre_filter: 1]
[pre_partition: 0]
[two_round: 0]
[header: 0]
[label_column: ]
[weight_column: ]
[group_column: ]
[ignore_column: ]
[categorical_feature: ]
[forcedbins_filename: ]
[precise_float_parser: 0]
[parser_config_file: ]
[objective_seed: 16083]
[num_class: 1]
[is_unbalance: 0]
[scale_pos_weight: 1]
[sigmoid: 1]
[boost_from_average: 1]
[reg_sqrt: 0]
[alpha: 0.9]
[fair_c: 1]
[poisson_max_delta_step: 0.7]
[tweedie_variance_power: 1.5]
[lambdarank_truncation_level: 30]
[lambdarank_norm: 1]
[label_gain: ]
[lambdarank_position_bias_regularization: 0]
[eval_at: ]
[multi_error_top_k: 1]
[auc_mu_weights: ]
[num_machines: 1]
[local_listen_port: 12400]
[time_out: 120]
[machine_list_filename: ]
[machines: ]
[gpu_platform_id: -1]
[gpu_device_id: -1]
[gpu_use_dp: 0]
[num_gpu: 1]

end of parameters

pandas_categorical:[]
