tree
version=v4
num_class=1
num_tree_per_iteration=1
label_index=0
max_feature_idx=13
objective=regression
feature_names=forecast_low forecast_high forecast_diurnal_range day_sin day_cos forecast_precip forecast_wind forecast_radiation forecast_evap lag_low_1d lag_low_2d roll_low_7d_mean roll_low_14d_mean roll_low_7d_std
feature_infos=[-7.5999999999999996:79.799999999999997] [12.5:101.90000000000001] [2.1000000000000014:35.900000000000006] [-0.99999942202469239:0.99998555065071859] [-0.99997919295908244:0.9999907524084426] [0:4.4290000000000003] [4.2999999999999998:25.699999999999999] [204:8605] [0.0080000000000000002:0.32300000000000001] [-4.3999999999999986:23.399999999999999] [-4.3999999999999986:23.399999999999999] [0.17142857142857379:15.528571428571428] [0.8214285714285724:12.971428571428572] [0.84346225252147833:9.9901141611285365]
tree_sizes=1088 1210 1219 1219 1051 1202 1142 1144 1225 1318 1295 1309 1277 1309 1236 1231 1155 1302 1228 1232 1207 1156 1155 1239 1152 1249 1246 1243 1234 1319 1329 1237 1236 1148 1328 1238 1245 1240 1250 1152 1158 1235 1406 1326 1237 1331 1156 1238 1226

Tree=0
num_leaves=12
num_cat=0
split_feature=5 0 11 0 1 0 4 4 5 3 1
split_gain=745.555 396.422 379.941 215.202 226.834 164.938 102.473 99.6431 86.0086 41.6492 12.2198
threshold=1.0000000180025095e-35 35.800000000000004 6.1500000000000012 64.950000000000017 43.250000000000007 24.500000000000004 0.17435360825960183 -0.49812626372919405 0.19699999999999998 0.54219432480460406 80.15000000000002
decision_type=2 2 2 2 2 2 2 2 2 2 2
left_child=2 -2 3 4 5 -1 9 -3 -9 10 -6
right_child=1 7 -4 -5 6 -7 -8 8 -10 -11 -12
leaf_value=4.4086171287886975 4.4045200035363958 4.0438109696334665 4.6271482822936338 4.1748408122104532 4.4259799126169721 4.1349756610695039 4.5609749906821078 4.2788736032602444 4.0874343631595575 4.3543552009194464 4.4974659538339967
leaf_weight=38 61 73 64 40 48 39 60 46 37 58 37
leaf_count=38 61 73 64 40 48 39 60 46 37 58 37
internal_value=4.34097 4.20248 4.41924 4.37765 4.40663 4.27002 4.45845 4.12347 4.19353 4.41543 4.4571
internal_weight=601 217 384 320 280 77 203 156 83 143 85
internal_count=601 217 384 320 280 77 203 156 83 143 85
is_linear=0
shrinkage=1


Tree=1
num_leaves=13
num_cat=0
split_feature=2 0 0 3 0 2 2 2 8 0 3 9
split_gain=1070.15 619.363 323.353 160.635 148.333 116.106 95.2385 77.3053 48.8273 35.936 32.7048 10.1046
threshold=12.250000000000002 63.850000000000009 18.300000000000001 0.46800856592688467 54.650000000000013 8.4500000000000028 20.150000000000006 19.450000000000006 0.13550000000000004 44.250000000000007 0.8697513045430848 3.7500000000000004
decision_type=2 2 2 2 2 2 2 2 2 2 2 2
left_child=4 2 -2 7 5 -1 10 9 -9 -4 -5 -3
right_child=1 11 3 6 -6 -7 -8 8 -10 -11 -12 -13
leaf_value=-0.25798448603447161 0.38525175707381892 -0.20763448396006443 0.14098893189895773 -0.10543033613163959 -0.37168717798168904 -0.071413914312992655 0.10461853229879733 0.2955009075600798 0.15552591494598084 0.023634785205299779 0.01200019176559541 -0.13855092177594083
leaf_weight=55 37 37 57 40 38 62 68 38 51 38 43 37
leaf_count=55 37 37 57 40 38 62 68 38 51 38 43 37
internal_value=0.000353967 0.0738871 0.123018 0.0940544 -0.211232 -0.159118 0.0226017 0.152692 0.215291 0.0940473 -0.0445928 -0.173093
internal_weight=601 446 372 335 155 117 151 184 89 95 83 74
internal_count=601 446 372 335 155 117 151 184 89 95 83 74
is_linear=0
shrinkage=0.0934761


Tree=2
num_leaves=13
num_cat=0
split_feature=11 0 8 6 0 1 0 3 8 4 8 6
split_gain=397.953 216.051 403.229 205.269 202.48 115.82 156.679 127.528 94.0657 86.9631 62.0724 3.98277
threshold=6.264285714285716 63.850000000000009 0.086500000000000007 12.850000000000003 43.800000000000004 43.350000000000001 24.500000000000004 0.67802080537253961 0.20149999999999998 0.029024409397335454 0.15150000000000002 12.450000000000001
decision_type=2 2 2 2 2 2 2 2 2 2 2 2
left_child=1 2 4 -2 5 6 -1 -7 -3 10 -4 -12
right_child=3 8 9 -5 -6 7 -8 -9 -10 -11 11 -13
leaf_value=0.01969486510137905 0.34240517173443413 -0.26566561535202465 -0.024693345294566793 0.037135485283581196 -0.25398492549018858 0.15438464188276627 -0.20525544822987085 -0.072096981811999458 -0.07879443584307011 0.21643638634028495 0.12047308108771071 0.081670311605597998
leaf_weight=48 39 43 48 38 50 42 62 45 52 41 59 38
leaf_count=48 39 43 48 38 50 42 62 45 52 41 59 38
internal_value=-0.00677012 -0.0357214 -0.0077135 0.191753 -0.0859917 -0.0433538 -0.107095 0.037239 -0.163378 0.0962366 0.062249 0.105272
internal_weight=605 528 433 77 247 197 110 87 95 186 145 97
internal_count=605 528 433 77 247 197 110 87 95 186 145 97
is_linear=0
shrinkage=0.0934761


Tree=3
num_leaves=13
num_cat=0
split_feature=2 0 11 2 0 1 12 11 9 11 0 11
split_gain=867.853 359.236 243.129 175.468 131.302 43.9276 41.4829 67.6249 44.7589 36.5764 32.2292 22.6171
threshold=15.250000000000002 63.850000000000009 6.4857142857142867 8.8500000000000032 49.95000000000001 41.750000000000007 3.2696428571428577 3.3642857142857143 3.7500000000000004 3.7857142857142851 37.650000000000013 4.5785714285714301
decision_type=2 2 2 2 2 2 2 2 2 2 2 2
left_child=3 2 6 9 5 -5 -2 -8 -9 -1 -7 -10
right_child=1 -3 -4 4 -6 10 7 8 11 -11 -12 -13
leaf_value=-0.30088885069275978 0.034156796932982424 -0.10050870908283363 0.35747281387860813 -0.097558106132924552 -0.22499453594771918 0.075616436534384476 0.23585651986205672 0.01836822881711898 0.18394250707740195 -0.18170695603610304 -0.047762026817781286 0.093237538950170368
leaf_weight=45 58 69 38 53 41 37 38 45 41 45 37 58
leaf_count=45 58 69 38 53 41 37 38 45 41 45 37 58
internal_value=-0.00613728 0.0903992 0.137783 -0.135975 -0.0795521 -0.0325982 0.102999 0.124937 0.0956666 -0.241298 0.0139272 0.130802
internal_weight=605 347 278 258 168 127 240 182 144 90 74 99
internal_count=605 347 278 258 168 127 240 182 144 90 74 99
is_linear=0
shrinkage=0.0934761


Tree=4
num_leaves=11
num_cat=0
split_feature=9 5 6 9 5 0 1 4 0 7
split_gain=591.878 323.512 249.696 89.1356 65.5576 59.1969 87.1036 36.3807 30.4468 16.3802
threshold=6.4500000000000002 1.0000000180025095e-35 11.65 1.1500000000000006 0.24900000000000003 63.400000000000006 43.250000000000007 0.011826144619637501 40.750000000000007 5999.0000000000009
decision_type=2 2 2 2 2 2 2 2 2 2
left_child=1 5 -2 -3 -5 6 -1 9 -4 -8
right_child=2 3 8 4 -6 -7 7 -9 -10 -11
leaf_value=-0.0549514901757025 0.32155277530370713 -0.24895442004635024 0.12060927300630668 -0.045741062308954472 -0.18980575769673352 -0.080287565675685596 -0.0071644724713943843 0.12323860691377207 0.0043147295409062406 0.068425001304240993
leaf_weight=70 58 54 42 69 46 49 46 66 37 55
leaf_count=70 58 54 42 69 46 49 46 66 37 55
internal_value=0.00393821 -0.0473492 0.174272 -0.149886 -0.103367 0.0132408 0.0325779 0.0692668 0.0661422 0.0339981
internal_weight=592 455 137 169 115 286 237 167 79 101
internal_count=592 455 137 169 115 286 237 167 79 101
is_linear=0
shrinkage=0.0934761


Tree=5
num_leaves=13
num_cat=0
split_feature=2 2 1 1 6 5 7 1 2 2 6 11
split_gain=516.234 285.316 223.428 194.74 107.777 129.156 122.865 60.2307 41.1425 37.2464 30.4933 15.4353
threshold=22.750000000000004 11.050000000000001 71.40000000000002 82.600000000000009 11.750000000000002 0.030000000000000002 2904.0000000000005 51.95000000000001 18.050000000000001 7.599999999999997 11.15 4.4785714285714295
decision_type=2 2 2 2 2 2 2 2 2 2 2 2
left_child=1 7 -2 4 6 11 -3 9 -8 -1 -4 -6
right_child=2 3 10 -5 5 -7 8 -9 -10 -11 -12 -13
leaf_value=-0.18808865250208978 0.3394019218437801 0.20610212480142148 0.14032477490312911 -0.14228405718680262 0.0031838894291007034 -0.14637549502012112 -0.049461664730442757 -0.26396061519065939 0.082943600795549854 -0.060364941813266564 0.023941387963743645 0.077007105504166284
leaf_weight=38 45 53 37 67 49 48 37 38 46 42 42 50
leaf_count=38 45 53 37 67 49 48 37 38 46 42 42 50
internal_value=0.00357008 -0.0413615 0.17315 0.00101728 0.0349437 -0.0205419 0.0949172 -0.167061 0.0239196 -0.121034 0.0784501 0.0404683
internal_weight=592 468 124 350 283 147 136 118 83 80 79 99
internal_count=592 468 124 350 283 147 136 118 83 80 79 99
is_linear=0
shrinkage=0.0934761


Tree=6
num_leaves=12
num_cat=0
split_feature=0 9 0 7 7 4 6 1 0 1 1
split_gain=371.928 188.74 97.5938 89.6155 68.6909 75.3217 67.8563 39.6861 62.7676 46.4912 36.4725
threshold=18.300000000000001 3.2999999999999994 65.15000000000002 2581.0000000000005 5175.5000000000009 -0.24372464231556021 11.450000000000001 53.750000000000007 42.95000000000001 78.850000000000009 41.750000000000007
decision_type=2 2 2 2 2 2 2 2 2 2 2
left_child=-1 4 3 6 5 -2 -3 -5 -9 -10 -7
right_child=1 2 -4 7 -6 10 -8 8 9 -11 -12
leaf_value=0.27049470154424055 -0.23922245734156861 0.048796460048025625 -0.10938250168299492 -0.0056603432222147405 -0.017039961841939091 -0.15285561762017996 -0.11135028214548304 0.19071037449936873 0.010492128419060515 0.1240535849511632 -0.038884892714673824
leaf_weight=41 39 43 44 45 73 42 50 43 72 56 59
leaf_count=41 39 43 44 45 73 42 50 43 72 56 59
internal_value=-0.0013695 -0.0210629 0.0208673 0.0394142 -0.0905528 -0.128884 -0.0373039 0.0724457 0.0929999 0.0601753 -0.0862787
internal_weight=607 566 353 309 213 140 93 216 171 128 101
internal_count=607 566 353 309 213 140 93 216 171 128 101
is_linear=0
shrinkage=0.0934761


Tree=7
num_leaves=12
num_cat=0
split_feature=9 5 9 13 12 1 4 12 4 7 1
split_gain=295.564 269.31 115.463 73.1789 70.101 47.9198 32.076 28.9995 27.1268 32.4165 7.2866
threshold=8.9500000000000011 1.0000000180025095e-35 3.9000000000000026 3.3007214147715822 4.9821428571428585 44.500000000000007 -0.3744658827978154 4.3678571428571447 -0.45273527932988084 2029.5000000000002 73.050000000000011
decision_type=2 2 2 2 2 2 2 2 2 2 2
left_child=1 2 5 7 8 -1 -7 10 -3 -10 -4
right_child=-2 4 3 -5 -6 6 -8 -9 9 -11 -12
leaf_value=-0.091197830616838518 0.25116266199087389 -0.18136893796720369 -0.016633142111419665 0.19518161456041624 -0.0029095493233367194 -0.033422435093857519 0.070610819894150065 0.094818270221505643 -0.15251289453382871 -0.03608105321183791 0.036637587467670749
leaf_weight=65 38 67 37 37 44 61 45 71 48 37 57
leaf_count=65 38 67 37 37 44 61 45 71 48 37 57
internal_value=-0.00124148 -0.018098 0.028519 0.07637 -0.106813 -0.0280067 0.0107426 0.0497274 -0.13689 -0.101831 0.0156693
internal_weight=607 569 373 202 196 171 106 165 152 85 94
internal_count=607 569 373 202 196 171 106 165 152 85 94
is_linear=0
shrinkage=0.0934761


Tree=8
num_leaves=13
num_cat=0
split_feature=5 9 5 0 9 0 0 4 0 11 0 9
split_gain=317.413 175.752 104.699 123.683 79.5744 58.0481 86.8053 37.9284 36.4157 33.0125 29.5233 10.9338
threshold=1.0000000180025095e-35 8.0500000000000025 0.58100000000000007 35.650000000000013 1.1500000000000006 31.750000000000004 60.050000000000004 -0.4831374111459158 22.350000000000005 2.9785714285714286 50.150000000000013 5.7500000000000009
decision_type=2 2 2 2 2 2 2 2 2 2 2 2
left_child=1 5 3 -2 -5 8 9 -6 -1 -7 11 -11
right_child=2 -3 -4 4 7 6 -8 -9 -10 10 -12 -13
leaf_value=0.044810529219458453 0.06221297724760521 0.22153264475397172 -0.23086514703999753 -0.21689394291080891 -0.1325580251423287 0.012399202976637555 -0.034466233642031635 -0.012411055831298104 -0.067903214683684404 0.11522932560520208 0.055480902228741344 0.18332635088282886
leaf_weight=39 53 47 37 40 38 37 68 58 70 45 50 38
leaf_count=39 53 47 37 40 38 37 68 58 70 45 50 38
internal_value=0.00124149 0.0518966 -0.0870687 -0.0589181 -0.106124 0.02892 0.0547934 -0.0599692 -0.0275744 0.0904973 0.112224 0.146406
internal_weight=620 394 226 189 136 347 238 96 109 170 133 83
internal_count=620 394 226 189 136 347 238 96 109 170 133 83
is_linear=0
shrinkage=0.0934761


Tree=9
num_leaves=14
num_cat=0
split_feature=5 9 5 12 9 13 9 7 10 7 12 3 3
split_gain=260.845 144.43 86.0403 105.844 35.192 41.5026 29.7772 29.1102 27.8664 22.9877 22.662 15.3588 6.71304
threshold=1.0000000180025095e-35 8.0500000000000025 0.58100000000000007 4.9821428571428585 5.4000000000000004 2.9060689876208778 1.1500000000000006 3111.0000000000005 0.95000000000000295 4087.0000000000005 3.3964285714285718 0.54219432480460406 0.37446826358596375
decision_type=2 2 2 2 2 2 2 2 2 2 2 2 2
left_child=1 4 3 6 7 9 -2 -1 -9 -6 -10 -12 -8
right_child=2 -3 -4 -5 5 -7 12 8 10 -11 11 -13 -14
leaf_value=-0.043696935801760511 -0.16111542413493649 0.20082463427358305 -0.20928477305946291 0.06322328888937756 0.077287558666081793 0.14992489739924622 -0.088385263026307226 0.097437791005638902 -0.046856456285988647 -0.02376253487016396 0.078791927159974864 -0.0058170779810876455 -0.038755702025095692
leaf_weight=73 42 47 37 50 42 37 55 38 45 37 38 37 42
leaf_count=73 42 47 37 50 42 37 55 38 45 37 38 37 42
internal_value=0.00112544 0.0470455 -0.0789299 -0.0534107 0.0262166 0.0682249 -0.0953653 0.00512157 0.027677 0.0299603 0.00558601 0.0370515 -0.0668962
internal_weight=620 394 226 189 347 116 139 231 158 79 120 75 97
internal_count=620 394 226 189 347 116 139 231 158 79 120 75 97
is_linear=0
shrinkage=0.0934761


Tree=10
num_leaves=14
num_cat=0
split_feature=0 5 1 0 0 7 6 7 1 7 3 3 8
split_gain=337.099 147.492 103.713 81.9626 52.3323 53.3884 41.048 35.7715 29.1815 21.9176 18.2649 20.0295 5.06376
threshold=16.850000000000005 1.0000000180025095e-35 43.350000000000001 60.050000000000004 53.300000000000004 1071.5000000000002 11.65 5342.0000000000009 54.150000000000013 2785.5000000000005 0.90892735371523092 0.48314048284850658 0.14550000000000002
decision_type=2 2 2 2 2 2 2 2 2 2 2 2 2
left_child=-1 2 -2 9 5 -3 -5 -6 -7 -4 11 12 -11
right_child=1 4 3 6 7 8 -8 -9 -10 10 -12 -13 -14
leaf_value=0.2669145342332041 -0.08231291612604541 -0.12724274885340539 0.13149078323654526 0.033534198034814333 -0.18295530782984173 -0.05223651318128128 -0.10005211569599207 -0.063184228797084199 0.061396833621392075 0.07831383026450954 0.10421341985664882 -0.020014913941407756 0.034413560046671281
leaf_weight=39 73 40 42 37 53 39 44 37 40 58 51 37 38
leaf_count=39 73 40 42 37 53 39 44 37 40 58 51 37 38
internal_value=0.00076537 -0.0168574 0.0178329 0.0416461 -0.0799307 -0.0392526 -0.0390312 -0.133716 0.00529936 0.0705614 0.0566535 0.0384163 0.0609366
internal_weight=628 589 380 307 209 119 81 90 79 226 184 133 96
internal_count=628 589 380 307 209 119 81 90 79 226 184 133 96
is_linear=0
shrinkage=0.0934761


Tree=11
num_leaves=14
num_cat=0
split_feature=0 5 1 0 0 6 13 0 0 6 7 7 11
split_gain=277.023 121.206 85.2297 69.9168 46.8586 54.5897 42.2376 25.1909 37.303 20.943 20.3839 18.4138 13.3759
threshold=16.850000000000005 1.0000000180025095e-35 43.350000000000001 65.250000000000014 43.350000000000001 14.050000000000002 3.0053095972385422 42.95000000000001 32.45000000000001 12.950000000000001 3766.5000000000005 4187.0000000000009 3.3642857142857143
decision_type=2 2 2 2 2 2 2 2 2 2 2 2 2
left_child=-1 2 -2 7 5 -3 11 8 -4 12 -10 -6 -9
right_child=1 4 3 -5 6 -7 -8 9 10 -11 -12 -13 -14
leaf_value=0.24196441252466974 -0.07461862619413559 0.043624848593424678 0.01536734108287794 -0.068505346926493502 -0.11628685935272104 -0.10500990770923316 -0.19341907642041667 0.0092130441237041998 0.080386569409604272 -0.031231601694763578 0.17384825431482143 -0.028730900091893417 0.078997232644600443
leaf_weight=39 73 50 42 46 43 38 37 40 44 37 38 41 60
leaf_count=39 73 50 42 46 43 38 37 40 44 37 38 41 60
internal_value=0.000693826 -0.0152817 0.0161659 0.0377531 -0.0724591 -0.0205583 -0.110205 0.0564807 0.0870054 0.0288525 0.123698 -0.0735512 0.0510836
internal_weight=628 589 380 307 209 88 121 261 124 137 82 84 100
internal_count=628 589 380 307 209 88 121 261 124 137 82 84 100
is_linear=0
shrinkage=0.0934761


Tree=12
num_leaves=14
num_cat=0
split_feature=2 1 2 2 4 6 6 4 6 11 0 0 8
split_gain=342.49 288.96 88.37 81.5934 45.422 36.2348 34.6432 33.4465 26.9582 24.6803 15.4718 12.0149 9.99049
threshold=17.950000000000006 49.300000000000004 23.349999999999998 11.500000000000004 -0.3342621144462935 13.750000000000002 15.15 0.054805126479326859 11.65 3.8714285714285723 54.95000000000001 57.500000000000007 0.064500000000000016
decision_type=2 2 2 2 2 2 2 2 2 2 2 2 2
left_child=3 -2 5 6 -5 10 9 11 -6 -1 -3 -4 -10
right_child=1 2 7 4 8 -7 -8 -9 12 -11 -12 -13 -14
leaf_value=-0.18070414084293018 0.33194605793730586 0.064853155470801241 0.03873704905518912 -0.083920932914587409 0.065476529763040262 -0.075676704543526152 -0.032841134757135529 0.18526841704920793 -0.050174234968006742 -0.083117858100564421 -0.01161925127668257 0.11264235410944651 0.01318255432294455
leaf_weight=54 37 53 37 58 55 39 37 37 43 39 41 40 44
leaf_count=54 37 53 37 58 55 39 37 37 43 39 41 40 44
internal_value=0.0130732 0.0883287 0.0518354 -0.0516922 -0.0142183 7.09478e-05 -0.109344 0.112227 0.0142518 -0.139781 0.0314982 0.0771294 -0.0181317
internal_weight=614 284 247 330 200 133 130 114 142 93 94 77 87
internal_count=614 284 247 330 200 133 130 114 142 93 94 77 87
is_linear=0
shrinkage=0.0934761


Tree=13
num_leaves=14
num_cat=0
split_feature=2 4 2 4 6 2 3 9 10 5 7 2 9
split_gain=285.326 154.184 127.834 93.9728 111.768 93.3973 32.9286 28.7447 24.882 25.1722 24.1205 17.4268 16.92
threshold=23.349999999999998 0.12332734741173622 11.500000000000004 0.53312596302726967 13.750000000000002 16.550000000000008 -0.85227431625818906 1.5499999999999974 1.9499999999999995 0.022000000000000002 6520.0000000000009 8.9500000000000011 3.7500000000000004
decision_type=2 2 2 2 2 2 2 2 2 2 2 2 2
left_child=2 10 7 6 5 -5 -4 -1 -8 12 -2 -9 -10
right_child=1 -3 3 4 -6 -7 8 11 9 -11 -12 -13 -14
leaf_value=-0.15753457929692447 0.014208798186913184 0.2998364349512842 0.033143211033348899 0.046689044567227098 -0.050991914753576534 0.24926023137147649 0.0096051773881699453 -0.1044610300604332 -0.081787755726596439 -0.12969411856896032 0.11558895707731953 -0.018288398907226978 -0.00022671644190205614
leaf_weight=47 37 37 64 43 40 37 52 46 43 39 46 37 46
leaf_count=47 37 37 64 43 40 37 52 46 43 39 46 37 46
internal_value=0.0118512 0.14114 -0.019555 0.00886221 0.0765882 0.140378 -0.0244457 -0.0991231 -0.0449217 -0.0670732 0.0703954 -0.0660467 -0.0396326
internal_weight=614 120 494 364 120 80 244 130 180 128 83 83 89
internal_count=614 120 494 364 120 80 244 130 180 128 83 83 89
is_linear=0
shrinkage=0.0934761


Tree=14
num_leaves=13
num_cat=0
split_feature=9 5 0 0 0 9 8 3 6 3 11 3
split_gain=190.599 81.8922 32.4616 46.598 41.8913 30.3186 25.5605 22.1326 18.5338 13.4309 8.26644 7.62188
threshold=9.1500000000000039 0.043500000000000004 65.250000000000014 32.45000000000001 39.20000000000001 5.049999999999998 0.039500000000000007 0.58481550752069722 11.850000000000003 0.51297097409535064 3.3357142857142854 -0.8781231054254196
decision_type=2 2 2 2 2 2 2 2 2 2 2 2
left_child=1 2 3 6 -5 8 -1 10 -3 -8 -6 -12
right_child=-2 5 -4 4 7 -7 9 -9 -10 -11 11 -13
leaf_value=0.028413458558791554 0.19829012801154428 -0.062459202727938264 -0.069481135670616923 0.10909409342413352 0.00024044076214491467 -0.018459585095507956 -0.022706930067127335 -0.036891460085042536 -0.14210594957013351 -0.097998015157608351 0.026946998969487455 0.081613173724441948
leaf_weight=37 37 45 50 52 42 49 37 53 59 47 52 39
leaf_count=37 37 45 50 52 42 49 37 53 59 47 52 39
internal_value=-0.00721139 -0.0207409 0.00108333 0.0109112 0.034924 -0.0790813 -0.0363204 0.0141882 -0.107643 -0.0648341 0.0345433 0.0503754
internal_weight=599 562 409 359 238 153 121 186 104 84 133 91
internal_count=599 562 409 359 238 153 121 186 104 84 133 91
is_linear=0
shrinkage=0.0934761


Tree=15
num_leaves=13
num_cat=0
split_feature=2 2 0 13 1 3 12 1 12 8 9 0
split_gain=209.017 74.7984 64.6652 51.2932 33.5909 31.6447 27.232 57.2388 19.8414 19.2175 14.1146 11.6124
threshold=24.250000000000004 10.900000000000006 59.850000000000001 2.6448927967731328 36.900000000000006 -0.32614396506100213 4.2250000000000014 53.750000000000007 3.0214285714285718 0.080500000000000016 1.1500000000000006 31.550000000000004
decision_type=2 2 2 2 2 2 2 2 2 2 2 2
left_child=1 10 4 -2 -3 9 -7 -8 -4 -6 -1 -12
right_child=3 2 8 -5 5 6 7 -9 -10 -11 11 -13
leaf_value=-0.13522522813664425 0.058043922504015799 0.093849123317674699 -0.02826386412630684 0.19664773249607428 0.09345511143813684 0.014335859264319458 -0.14920626241855162 0.015215834870154528 -0.11282605753015348 0.0082202033498211553 -0.10778425755953557 -0.037605951370880318
leaf_weight=44 51 39 44 43 38 70 37 37 54 59 38 45
leaf_count=44 51 39 44 43 38 70 37 37 54 59 38 45
internal_value=-0.00653729 -0.0303603 -0.00950781 0.121448 0.0133652 0.000340873 -0.0274593 -0.0669952 -0.0748594 0.0416112 -0.0924251 -0.0697358
internal_weight=599 505 378 94 280 241 144 74 98 97 127 83
internal_count=599 505 378 94 280 241 144 74 98 97 127 83
is_linear=0
shrinkage=0.0934761


Tree=16
num_leaves=12
num_cat=0
split_feature=2 4 9 4 11 2 10 2 4 11 13
split_gain=212.069 230.798 52.7645 28.9553 51.2183 34.0435 27.3696 25.4445 20.1539 15.4856 12.4922
threshold=17.950000000000006 0.5403928698825039 1.1500000000000006 -0.3342621144462935 3.4071428571428579 11.250000000000005 3.2000000000000015 20.650000000000009 -0.048362832084465547 5.492857142857142 2.2310539493975314
decision_type=2 2 2 2 2 2 2 2 2 2 2
left_child=2 7 6 -4 -5 -6 -1 -2 10 -7 -9
right_child=1 -3 3 4 5 9 -8 8 -10 -11 -12
leaf_value=-0.063952814659652288 -0.029364957653315014 0.22212724154698335 -0.085610555358639845 0.08857065234461077 -0.095488876949082577 0.025005918993084252 -0.17225170862695036 0.020366710822194937 -0.012961194128506865 -0.050110563928976115 0.08695787694187658
leaf_weight=44 71 61 58 37 52 65 38 40 46 38 64
leaf_count=44 71 61 58 37 52 65 38 40 46 38 64
internal_value=0.00155795 0.0611653 -0.0490724 -0.0277302 -0.0102454 -0.0338338 -0.11414 0.0167369 0.0385584 -0.00270696 0.0613459
internal_weight=614 282 332 250 192 155 82 221 150 103 104
internal_count=614 282 332 250 192 155 82 221 150 103 104
is_linear=0
shrinkage=0.0934761


Tree=17
num_leaves=14
num_cat=0
split_feature=2 8 9 8 12 2 2 10 10 4 10 6 2
split_gain=174.275 208.386 43.3611 25.4797 31.0366 45.5999 23.9974 33.4704 22.492 20.132 15.3588 12.724 8.76402
threshold=17.950000000000006 0.045500000000000006 1.1500000000000006 0.11649999999999996 5.6714285714285735 12.6 23.150000000000009 5.2999999999999998 3.2000000000000015 -0.55656394595157355 3.5499999999999976 14.250000000000002 20.150000000000006
decision_type=2 2 2 2 2 2 2 2 2 2 2 2 2
left_child=2 -2 8 4 5 10 11 9 -1 -8 -4 12 -3
right_child=1 6 3 -5 -6 -7 7 -9 -10 -11 -12 -13 -14
leaf_value=-0.05797475618540137 0.25026474415709193 -0.014073878675201058 0.005585280181325169 -0.087157379769398122 -0.086941144104520612 0.061927736159214819 0.065521719145108986 0.12377515501987364 -0.15615029338202382 -0.031990290457706301 -0.071256270059321697 -0.051629601409382379 0.044031758392134322
leaf_weight=44 41 48 41 47 38 73 37 39 38 37 51 37 43
leaf_count=44 41 48 41 47 38 73 37 39 38 37 51 37 43
internal_value=0.00141232 0.0554478 -0.0444853 -0.025138 -0.0107789 0.00676152 0.0223046 0.0536982 -0.103471 0.0167657 -0.0370117 -0.00540997 0.0133826
internal_weight=614 282 332 250 203 165 241 113 82 74 92 128 91
internal_count=614 282 332 250 203 165 241 113 82 74 92 128 91
is_linear=0
shrinkage=0.0934761


Tree=18
num_leaves=13
num_cat=0
split_feature=2 2 10 0 10 9 13 8 0 1 1 0
split_gain=120.846 65.8829 50.7949 45.1605 38.5492 33.0464 42.5487 26.1213 19.6812 17.8783 13.0284 5.43649
threshold=24.349999999999998 10.900000000000006 5.549999999999998 63.850000000000009 0.55000000000000082 5.549999999999998 3.0711404086379468 0.059500000000000004 49.350000000000001 64.850000000000009 39.800000000000004 45.95000000000001
decision_type=2 2 2 2 2 2 2 2 2 2 2 2
left_child=1 8 -2 4 -3 6 9 -7 10 -6 -1 -9
right_child=2 3 -4 -5 5 7 -8 11 -10 -11 -12 -13
leaf_value=-0.083232839551967239 0.041225177395522485 0.11083422962083933 0.18036727289520976 -0.060414479782345341 0.040813104723466921 0.1122627733997217 -0.0940421243245394 -0.0091286979841225212 -0.12967742237601268 -0.035361856246465387 -0.010843536103698438 0.040584815747757144
leaf_weight=45 52 37 41 73 72 37 46 37 37 43 42 40
leaf_count=45 52 37 41 73 72 37 46 37 37 43 42 40
internal_value=0.00458772 -0.0133143 0.102567 0.00577146 0.0212573 0.00920509 -0.0180618 0.0477136 -0.0725724 0.0123303 -0.0482863 0.0166965
internal_weight=602 509 93 385 312 275 161 114 124 115 87 77
internal_count=602 509 93 385 312 275 161 114 124 115 87 77
is_linear=0
shrinkage=0.0934761


Tree=19
num_leaves=13
num_cat=0
split_feature=6 2 5 8 0 6 5 0 2 1 1 2
split_gain=121.115 77.9447 46.7495 85.0882 60.366 32.0166 25.5702 21.4591 16.825 12.9267 10.5342 8.62543
threshold=7.5500000000000007 12.750000000000005 0.21549999999999997 0.041500000000000009 30.650000000000002 15.350000000000003 0.14150000000000001 50.150000000000013 24.349999999999998 83.40000000000002 58.550000000000004 19.150000000000006
decision_type=2 2 2 2 2 2 2 2 2 2 2 2
left_child=-1 5 3 -3 -5 6 -2 10 9 11 -6 -9
right_child=1 2 -4 4 7 -7 -8 8 -10 -11 -12 -13
leaf_value=0.16346170961687201 -0.12943460227288617 0.15727450425922732 -0.085417952360894361 -0.10293929108850546 0.020263970484852956 -0.0028239503617409696 -0.034880405081655991 -0.01911107164073832 0.055514599294781426 -0.045196361202577008 0.077315000075473442 0.044294743130094606
leaf_weight=39 64 38 37 37 47 52 41 37 41 60 71 38
leaf_count=39 64 38 37 37 47 52 41 37 41 60 71 38
internal_value=0.00415888 -0.00687631 0.0147522 0.0247964 0.00958739 -0.0628074 -0.0925135 0.0237489 0.0030705 -0.012857 0.0545913 0.0130145
internal_weight=602 563 406 369 331 157 105 294 176 135 118 75
internal_count=602 563 406 369 331 157 105 294 176 135 118 75
is_linear=0
shrinkage=0.0934761


Tree=20
num_leaves=13
num_cat=0
split_feature=2 1 1 6 4 1 1 7 2 3 6 13
split_gain=87.0291 99.6608 43.737 34.1446 33.9484 33.528 42.5771 29.5754 21.2788 16.1484 12.8234 10.8493
threshold=15.250000000000002 45.850000000000009 58.000000000000007 11.65 -0.03976928634766979 58.850000000000001 71.15000000000002 3111.0000000000005 8.9500000000000011 -0.28519255817492867 10.65 2.4503641712746416
decision_type=2 2 2 2 2 2 2 2 2 2 2 2
left_child=2 -2 7 4 10 -5 -7 8 -1 -8 -3 -4
right_child=1 3 11 5 -6 6 9 -9 -10 -11 -12 -13
leaf_value=-0.08779547366707742 0.15705840726772421 -0.017362076349319445 -0.066356257526296147 -0.098849836901506602 0.10631430238721165 0.067816699437074399 0.011892383367312659 0.044213501684848985 -0.010805016102787817 -0.066380718180382298 0.052388821726875832 -0.13468457685436488
leaf_weight=55 43 61 37 38 46 52 37 45 73 61 37 45
leaf_count=55 43 61 37 38 46 52 37 45 73 61 37 45
internal_value=-0.00549152 0.023158 -0.0476231 0.00581544 0.0400678 -0.0204204 -0.00055158 -0.0209706 -0.0438869 -0.0368286 0.00897245 -0.103854
internal_weight=630 375 255 332 144 188 150 173 128 98 98 82
internal_count=630 375 255 332 144 188 150 173 128 98 98 82
is_linear=0
shrinkage=0.0934761


Tree=21
num_leaves=12
num_cat=0
split_feature=2 0 0 0 0 3 3 2 6 10 10
split_gain=73.0365 82.2277 28.4288 34.6998 53.9423 24.4796 20.6536 20.4887 35.9396 21.4283 18.0264
threshold=12.450000000000005 21.050000000000004 70.450000000000017 32.45000000000001 37.20000000000001 -0.039770090859911449 0.81428061195174062 20.150000000000006 10.750000000000002 4.4500000000000002 2.7500000000000004
decision_type=2 2 2 2 2 2 2 2 2 2 2
left_child=5 -2 3 -3 -5 -1 7 9 -9 -6 -7
right_child=1 2 -4 4 6 10 -8 8 -10 -11 -12
leaf_value=-0.10401727184123384 0.14613814057105889 -0.050891294560093843 -0.074554632135550469 0.11224803233141988 0.033781055901502897 0.014885439481148083 -0.041325301425206018 -0.0068083886449294365 0.10367144753125418 -0.051907800237439732 -0.062324324681746618
leaf_weight=62 38 67 38 50 51 45 61 50 53 51 64
leaf_count=62 38 67 38 50 51 45 61 50 53 51 64
internal_value=-0.0049782 0.0144482 0.00256168 0.0102129 0.0231686 -0.0571227 0.00642429 0.0206327 0.0500405 -0.00906337 -0.0304487
internal_weight=630 459 421 383 316 171 266 205 103 102 109
internal_count=630 459 421 383 316 171 266 205 103 102 109
is_linear=0
shrinkage=0.0934761


Tree=22
num_leaves=12
num_cat=0
split_feature=5 9 12 11 8 4 13 8 9 11 13
split_gain=70.517 66.3406 53.2499 23.623 24.1467 33.2527 18.3657 16.8459 15.9125 13.367 5.1567
threshold=0.58100000000000007 6.6500000000000012 4.9821428571428585 3.7428571428571442 0.16050000000000003 -0.013976481981245098 3.2662043830698892 0.05050000000000001 5.2999999999999998 4.8642857142857139 2.7199439079920835
decision_type=2 2 2 2 2 2 2 2 2 2 2
left_child=1 3 -3 4 5 -1 8 -7 9 -5 -6
right_child=-2 2 -4 6 10 7 -8 -9 -10 -11 -12
leaf_value=-0.10525260334733987 -0.12842482613838152 0.0027297528486309001 0.12379000718181654 0.014979675344591123 0.032815330633264757 -0.05667013618671439 -0.036190430717552478 0.028750668847784336 -0.021187742290813192 0.077528359324881682 -0.016210464071980561
leaf_weight=68 38 64 63 72 37 43 63 38 51 51 38
leaf_count=68 38 64 63 72 37 43 63 38 51 51 38
internal_value=-0.00501287 0.00296274 0.0627833 -0.0135171 -0.0352826 -0.0570568 0.00705448 -0.0165962 0.0227121 0.0409145 0.0079756
internal_weight=626 588 127 461 224 149 237 81 174 123 75
internal_count=626 588 127 461 224 149 237 81 174 123 75
is_linear=0
shrinkage=0.0934761


Tree=23
num_leaves=13
num_cat=0
split_feature=2 2 11 7 1 12 10 9 9 7 8 8
split_gain=55.9303 39.1834 33.1185 28.4689 41.2074 31.7385 21.2692 16.0257 14.2484 32.25 13.5228 9.30111
threshold=24.750000000000007 9.9000000000000057 5.9642857142857162 6882.0000000000009 83.40000000000002 4.9821428571428585 5.900000000000003 6.2500000000000009 3.1500000000000008 3427.0000000000005 0.039500000000000007 0.076500000000000012
decision_type=2 2 2 2 2 2 2 2 2 2 2 2
left_child=1 10 3 4 5 6 8 -2 11 -10 -1 -3
right_child=7 2 -4 -5 -6 -7 -8 -9 9 -11 -12 -13
leaf_value=-0.098368453626062613 0.028712355034458559 -0.071252007763551103 0.054287946437580371 0.046988754331652317 -0.10280724017953707 0.059531587461226554 -0.078742885364302809 0.10976688988566766 0.076592114997104124 -0.036295934676935905 -0.028936132171759093 -0.005827313801976701
leaf_weight=57 47 39 72 55 51 46 51 39 41 48 43 37
leaf_count=57 47 39 72 55 51 46 51 39 41 48 43 37
internal_value=-0.00454429 -0.0156947 -0.00369059 -0.0150342 -0.0259328 -0.0109687 -0.0259827 0.0654697 -0.00967495 0.0157087 -0.0685126 -0.0394005
internal_weight=626 540 440 368 313 262 216 86 165 89 100 76
internal_count=626 540 440 368 313 262 216 86 165 89 100 76
is_linear=0
shrinkage=0.0934761


Tree=24
num_leaves=12
num_cat=0
split_feature=13 2 6 7 7 6 2 7 7 6 5
split_gain=75.9695 22.6705 33.9033 37.6686 28.8677 23.7171 18.6672 18.2899 26.4853 19.1017 11.8062
threshold=4.4448722906184281 12.450000000000005 14.950000000000001 3358.5000000000005 2980.0000000000005 15.350000000000003 16.850000000000001 5540.0000000000009 6934.5000000000009 10.450000000000001 0.098499999999999963
decision_type=2 2 2 2 2 2 2 2 2 2 2
left_child=1 5 4 -4 -3 10 -6 9 -9 -8 -1
right_child=-2 2 3 -5 6 -7 7 8 -10 -11 -12
leaf_value=-0.079607403419951525 0.13019420745251892 0.081214174750789167 -0.11029941154771414 0.0076214003573712519 -0.044244789483664761 0.025274200537728116 0.011639782241983134 -0.046723721497114144 0.042660803505095567 0.10260044321977076 -0.022259426507594819
leaf_weight=73 38 57 41 56 49 43 43 60 56 38 55
leaf_count=73 38 57 41 56 49 43 43 60 56 38 55
internal_value=0.00221545 -0.00630153 0.00587661 -0.0422214 0.0212743 -0.0347884 0.00738584 0.020228 -0.00357257 0.0543127 -0.0549657
internal_weight=609 571 400 97 303 171 246 197 116 81 128
internal_count=609 571 400 97 303 171 246 197 116 81 128
is_linear=0
shrinkage=0.0934761


Tree=25
num_leaves=13
num_cat=0
split_feature=9 3 13 3 12 3 8 10 10 10 10 8
split_gain=64.6705 20.688 12.3772 17.6098 15.2034 22.1971 12.1251 8.42315 24.1038 13.7649 32.9547 9.11418
threshold=9.1500000000000039 0.9893236546938301 3.9872685169681374 0.8697513045430848 3.1785714285714288 -0.15101209918632377 0.20950000000000002 1.4000000000000024 2.9500000000000033 5.900000000000003 5.049999999999998 0.061500000000000006
decision_type=2 2 2 2 2 2 2 2 2 2 2 2
left_child=1 2 3 4 5 -1 7 -6 -9 10 -10 -11
right_child=-2 -3 -4 -5 6 -7 -8 8 9 11 -12 -13
leaf_value=0.0090165054215772256 0.11846124028569968 -0.071670446626404608 -0.047473353137326278 0.048140841433965909 0.034570670848481429 -0.08232373463702139 0.056085742016633508 -0.067987959926762945 -0.011862244949234988 -0.055366897332684101 0.097808813680964266 0.0046358661793665526
leaf_weight=46 39 39 46 66 49 47 37 47 62 37 39 55
leaf_count=46 39 39 46 66 49 47 37 47 62 37 39 55
internal_value=0.00200836 -0.00595947 -0.00113324 0.0032619 -0.00380733 -0.0371447 0.00570302 -0.000747367 -0.00795814 0.00666053 0.030486 -0.0194957
internal_weight=609 570 531 485 419 93 326 289 240 193 101 92
internal_count=609 570 531 485 419 93 326 289 240 193 101 92
is_linear=0
shrinkage=0.0934761


Tree=26
num_leaves=13
num_cat=0
split_feature=5 8 0 9 0 8 3 8 3 1 0 12
split_gain=33.1509 22.9064 38.1456 34.1943 33.2145 21.2967 19.0989 16.3482 18.0453 18.7396 13.4987 3.77408
threshold=0.41450000000000004 0.041500000000000009 31.750000000000004 3.2500000000000004 43.350000000000001 0.082500000000000018 0.70290292807158605 0.20650000000000002 -0.15101209918632377 71.600000000000009 59.850000000000001 3.2999999999999994
decision_type=2 2 2 2 2 2 2 2 2 2 2 2
left_child=1 3 6 -1 5 -4 -3 8 10 -10 -6 -9
right_child=-2 2 4 -5 7 -7 -8 11 9 -11 -12 -13
leaf_value=-0.02112096962892095 -0.081014647610636772 -0.025431385249598377 -0.0064239548604716869 0.081129400714315236 0.023794084317104468 0.081469055433427126 -0.11527460098495104 -0.00093117118674756561 -0.016662689601811075 -0.10896145158988138 -0.041723453694203265 0.040013184928315237
leaf_weight=51 49 44 39 65 61 63 39 37 37 40 50 42
leaf_count=51 49 44 39 65 61 63 39 37 37 40 50 42
internal_value=-0.00724435 -0.000880361 -0.01039 0.0361745 0.0024889 0.0478629 -0.0676469 -0.014845 -0.0298389 -0.0646101 -0.00571832 0.0208367
internal_weight=617 568 452 116 369 102 83 267 188 77 111 79
internal_count=617 568 452 116 369 102 83 267 188 77 111 79
is_linear=0
shrinkage=0.0934761


Tree=27
num_leaves=13
num_cat=0
split_feature=5 2 8 0 13 4 7 3 7 0 7 8
split_gain=27.2429 25.8996 65.8817 45.1 16.6937 22.3056 28.7851 18.296 11.7661 16.0142 9.65276 5.53481
threshold=0.41450000000000004 10.900000000000006 0.039500000000000007 30.750000000000004 2.2418103695453842 0.011826144619637501 5838.0000000000009 -0.52766804058324157 4626.5000000000009 50.150000000000013 2541.5000000000005 0.14150000000000001
decision_type=2 2 2 2 2 2 2 2 2 2 2 2
left_child=1 10 -3 -4 5 6 -5 11 -9 -10 -1 -6
right_child=-2 2 3 4 7 -7 -8 8 9 -11 -12 -13
leaf_value=-0.020536289688614144 -0.073441714960033697 0.10384956243451293 -0.083849349375669194 -0.10839180350069254 0.01192030682157111 0.036409628619519727 0.00036538078089181416 0.0006414248330229497 0.10955121294982775 0.032514847983642174 -0.078566072571598658 -0.037568064259674773
leaf_weight=67 49 56 54 37 40 43 50 40 37 65 40 39
leaf_count=67 49 56 54 37 40 43 50 40 37 65 40 39
internal_value=-0.00656718 -0.000798069 0.00881838 -0.00432174 0.00791328 -0.0186663 -0.0458877 0.0235483 0.0436093 0.0604594 -0.0422297 -0.0125107
internal_weight=617 568 461 405 351 130 87 221 142 102 107 79
internal_count=617 568 461 405 351 130 87 221 142 102 107 79
is_linear=0
shrinkage=0.0934761


Tree=28
num_leaves=13
num_cat=0
split_feature=0 12 0 1 1 2 0 3 0 4 1 1
split_gain=112.335 25.1705 31.6135 36.3231 24.2997 24.2875 23.1835 17.8376 15.6113 11.6628 10.9004 4.98984
threshold=16.850000000000005 4.1928571428571439 41.45000000000001 41.750000000000007 53.95000000000001 16.850000000000001 50.150000000000013 0.84313847884979054 63.850000000000009 0.77652048701313048 80.250000000000014 59.45000000000001
decision_type=2 2 2 2 2 2 2 2 2 2 2 2
left_child=-1 2 3 -2 7 -4 11 9 10 -3 -7 -6
right_child=1 4 5 -5 6 8 -8 -9 -10 -11 -12 -13
leaf_value=0.15250166190995393 -0.014781074193420741 -0.00010227082205220359 -0.055081465291345721 0.10184715777274271 -0.0020178845788838512 0.0062890461531232705 -0.048299415454953351 -0.11677189187171716 -0.02890049309094566 -0.073831655477874097 0.072221704600542461 0.042714973246187796
leaf_weight=40 40 37 73 56 37 50 67 37 53 38 39 53
leaf_count=40 40 37 73 56 37 50 67 37 53 38 39 53
internal_value=0.000990185 -0.00945889 0.00865153 0.0532521 -0.0303969 -0.0112631 -0.0066677 -0.0636603 0.0112632 -0.0374585 0.0351809 0.0243248
internal_weight=620 580 311 96 269 215 157 112 142 75 89 90
internal_count=620 580 311 96 269 215 157 112 142 75 89 90
is_linear=0
shrinkage=0.0934761


Tree=29
num_leaves=14
num_cat=0
split_feature=2 6 2 11 10 11 10 6 11 2 9 12 3
split_gain=57.8963 26.9112 35.8527 25.0844 19.836 35.8388 25.0626 28.8647 16.1959 21.3701 11.8618 6.91456 2.9773
threshold=25.850000000000001 17.650000000000002 16.750000000000007 6.1500000000000012 2.7500000000000004 3.5857142857142867 4.150000000000003 10.750000000000002 4.142857142857145 18.850000000000001 4.8500000000000005 3.1785714285714288 0.12545942051955486
decision_type=2 2 2 2 2 2 2 2 2 2 2 2 2
left_child=1 2 4 8 5 -1 -6 -8 9 -4 -9 -11 -10
right_child=-2 -3 3 -5 6 -7 7 10 12 11 -12 -13 -14
leaf_value=-0.042412378414208633 0.091549259605874511 -0.069000008380006181 0.089411943280548356 0.089129937611862886 -0.10927732216428694 0.074463604438316719 0.043770613110637568 -0.088060113749319199 -0.0055897391181304809 -0.025160065477867227 -0.019804393076003235 0.027102978928520777 -0.043089287597888784
leaf_weight=52 56 57 38 43 40 41 38 44 37 37 45 55 37
leaf_count=52 56 57 38 43 40 41 38 44 37 37 45 55 37
internal_value=0.000897627 -0.00810325 -0.00125686 0.0242464 -0.025485 0.0091136 -0.0447524 -0.0244296 0.01057 0.0304415 -0.0535488 0.00608414 -0.0243395
internal_weight=620 564 507 247 260 93 167 127 204 130 89 92 74
internal_count=620 564 507 247 260 93 167 127 204 130 89 92 74
is_linear=0
shrinkage=0.0934761


Tree=30
num_leaves=14
num_cat=0
split_feature=1 2 12 2 6 0 8 1 9 6 3 1 12
split_gain=44.7894 17.4774 18.1467 15.5264 25.5926 23.4131 21.7813 20.1302 12.7829 20.5072 11.9829 8.18207 5.25948
threshold=31.350000000000005 8.4500000000000028 5.7178571428571443 13.899999999999999 12.250000000000002 43.800000000000004 0.08950000000000001 71.15000000000002 5.4999999999999991 9.9500000000000011 -0.031173458710879145 57.650000000000013 3.5535714285714288
decision_type=2 2 2 2 2 2 2 2 2 2 2 2 2
left_child=-1 -2 3 5 8 -3 -6 -8 9 -5 -9 -4 -11
right_child=1 2 11 4 6 -7 7 10 -10 12 -12 -13 -14
leaf_value=0.099366294200019786 -0.052380649352814376 0.074786769541866679 -0.074805823446654623 -0.042087503449128337 -0.085742334853530472 -0.017945996073699188 0.045561492618434014 6.832131141362923e-05 0.05678570974465022 0.010840024446834608 -0.074165861415211753 -0.013051078110532749 0.059737499070226796
leaf_weight=37 65 61 37 51 45 39 39 38 58 40 38 38 37
leaf_count=37 65 61 37 51 45 39 39 38 58 40 38 38 37
internal_value=-0.000378914 -0.00667682 -0.000974808 0.00617911 -0.00319716 0.038621 -0.0306076 -0.00903312 0.0203817 0.00388614 -0.0370488 -0.0435168 0.0343362
internal_weight=623 586 521 446 346 100 160 115 186 128 76 75 77
internal_count=623 586 521 446 346 100 160 115 186 128 76 75 77
is_linear=0
shrinkage=0.0934761


Tree=31
num_leaves=13
num_cat=0
split_feature=1 13 5 13 3 11 1 7 1 13 13 7
split_gain=36.8073 21.9059 21.4502 13.1551 21.9744 13.5424 8.72294 28.8459 18.1773 12.1759 4.23996 3.09299
threshold=31.350000000000005 4.1308596868542411 0.55800000000000005 2.2418103695453842 -0.18492532721306484 5.492857142857142 68.65000000000002 5647.0000000000009 46.70000000000001 2.949131573864177 3.0667181076482781 7059.5000000000009
decision_type=2 2 2 2 2 2 2 2 2 2 2 2
left_child=-1 2 3 4 5 -2 8 -8 10 -10 -5 -9
right_child=1 -3 -4 6 -6 -7 7 11 9 -11 -12 -13
leaf_value=0.090077922013088424 0.043400080012745243 -0.07027683867404079 -0.069672209629392051 0.013050246367202631 -0.055915531567301585 -0.030293656689291234 -0.0485289418142087 0.016707342233820612 0.075037084057390679 0.015322601478441287 -0.030551802101829343 0.054179720842657847
leaf_weight=37 53 43 37 40 73 37 66 38 70 52 38 39
leaf_count=37 53 43 37 40 73 37 66 38 70 52 38 39
internal_value=-0.000343494 -0.0060527 -0.000966807 0.00405711 -0.0178067 0.0131038 0.0144472 -0.00318197 0.0270521 0.049585 -0.00819178 0.0356869
internal_weight=623 586 543 506 163 90 343 143 200 122 78 77
internal_count=623 586 543 506 163 90 343 143 200 122 78 77
is_linear=0
shrinkage=0.0934761


Tree=32
num_leaves=13
num_cat=0
split_feature=5 8 1 7 0 6 6 3 8 1 3 4
split_gain=30.6158 47.4365 32.3008 20.9724 27.6454 13.9488 36.8253 23.3945 16.1258 12.3191 10.1656 16.2728
threshold=0.58100000000000007 0.028500000000000004 37.95000000000001 7210.5000000000009 53.150000000000013 16.950000000000003 13.15 0.76140650896573492 0.079500000000000015 86.40000000000002 -0.86976336936302323 -0.70289845916694649
decision_type=2 2 2 2 2 2 2 2 2 2 2 2
left_child=1 -1 -3 4 5 6 7 8 -4 10 -6 -12
right_child=-2 2 3 -5 9 -7 -8 -9 -10 -11 11 -13
leaf_value=0.083660063816379263 -0.082729246787325322 -0.072561596925899294 0.076965467580963953 0.056929272170578402 -0.013704950303689204 -0.027574346614140009 0.090258030389301844 -0.050532262294322769 -0.0097306857623635414 0.012847040503089944 -0.027643699086461467 -0.11175361227468367
leaf_weight=60 37 54 37 57 54 47 59 48 38 42 44 37
leaf_count=60 37 54 37 57 54 47 59 48 38 42 44 37
internal_value=-0.000300974 0.00498472 -0.00414588 0.00383349 -0.00362084 0.0178237 0.0295474 0.00042608 0.0330394 -0.0313655 -0.0451206 -0.0660643
internal_weight=614 577 517 463 406 229 182 123 75 177 135 81
internal_count=614 577 517 463 406 229 182 123 75 177 135 81
is_linear=0
shrinkage=0.0934761


Tree=33
num_leaves=12
num_cat=0
split_feature=10 6 2 7 7 6 2 9 7 6 2
split_gain=33.3795 38.8323 63.1576 51.3679 42.1639 31.1115 27.2249 18.8556 16.2393 11.7519 4.27946
threshold=1.7500000000000002 14.850000000000003 17.100000000000001 3554.5000000000005 2354.5000000000005 12.850000000000003 17.550000000000001 4.4500000000000002 5175.5000000000009 11.850000000000003 21.650000000000002
decision_type=2 2 2 2 2 2 2 2 2 2 2
left_child=5 2 4 -4 -2 8 -3 -6 -1 10 -5
right_child=1 6 3 9 7 -7 -8 -9 -10 -11 -12
leaf_value=-0.029220982122830103 0.016739484103774575 -0.016124707521148324 0.13933320367574484 -0.021892406304711478 -0.12073284579771587 0.10105152474220307 -0.10165391167651953 -0.034238452473695703 0.050885323200093202 0.05337018477952539 0.016303071900526399
leaf_weight=48 66 71 37 48 49 48 60 40 41 51 55
leaf_count=48 66 71 37 48 49 48 60 40 41 51 55
internal_value=-0.00027284 -0.0119532 0.00445781 0.0404348 -0.0398751 0.0403954 -0.0552984 -0.081859 0.00768193 0.0166735 -0.00149676
internal_weight=614 477 346 191 155 137 131 89 89 154 103
internal_count=614 477 346 191 155 137 131 89 89 154 103
is_linear=0
shrinkage=0.0934761


Tree=34
num_leaves=14
num_cat=0
split_feature=0 13 7 0 5 5 11 3 9 11 11 8 9
split_gain=108.763 35.1663 24.7356 28.2763 18.3688 19.4976 18.2516 12.6032 13.1604 16.0581 7.80114 5.99811 5.59047
threshold=16.850000000000005 4.0986622226138598 1024.5000000000002 71.250000000000014 0.08900000000000001 0.037500000000000006 5.4357142857142868 0.78325454425165997 4.700000000000002 3.7428571428571442 4.0285714285714311 0.10049999999999996 3.7500000000000004
decision_type=2 2 2 2 2 2 2 2 2 2 2 2 2
left_child=-1 2 -2 4 5 6 7 8 9 -4 -10 -8 -6
right_child=1 -3 3 -5 12 -7 11 -9 10 -11 -12 -13 -14
leaf_value=0.15109714108338956 -0.071928024560783496 -0.089124645586407023 0.022907926752801882 -0.078368820328710259 0.02248136965562527 -0.067204614203508817 -0.010376980447817388 -0.017926601878874432 0.030841497347289994 0.097567040290651344 -0.026277507324397202 -0.063251412678778984 0.073866673971327054
leaf_weight=37 47 50 71 38 37 37 38 71 39 39 45 37 37
leaf_count=37 47 50 71 38 37 37 38 71 39 39 45 37 37
internal_value=-0.00433623 -0.0141503 -0.00715641 -0.000930914 0.00559379 -0.00276414 0.00424851 0.0157703 0.0281026 0.049378 0.000242031 -0.0364617 0.048174
internal_weight=623 586 536 489 451 377 340 265 194 110 84 75 74
internal_count=623 586 536 489 451 377 340 265 194 110 84 75 74
is_linear=0
shrinkage=0.0934761


Tree=35
num_leaves=13
num_cat=0
split_feature=0 10 0 0 0 0 2 9 9 9 10 12
split_gain=89.3795 39.37 19.7774 14.1015 33.8247 30.4843 13.4293 16.2974 12.0695 10.1219 7.22439 5.56111
threshold=16.850000000000005 8.6500000000000039 71.250000000000014 32.45000000000001 35.250000000000007 28.150000000000002 19.850000000000005 4.2999999999999998 4.2500000000000009 1.1500000000000006 5.4000000000000004 4.2107142857142872
decision_type=2 2 2 2 2 2 2 2 2 2 2 2
left_child=-1 2 3 5 -5 -2 7 9 -8 -6 -10 -9
right_child=1 -3 -4 4 6 -7 8 11 10 -11 -12 -13
leaf_value=0.13697316908623999 0.015400435236558877 -0.098927030798844351 -0.071043208851983369 0.088797266849643716 -0.020213658113900291 -0.081032596802793427 -0.011815933009453237 -0.070961696820128387 0.018490542524701822 0.03756739180856844 0.073709870364603317 -0.025984401827959133
leaf_weight=37 61 43 38 40 54 54 61 41 47 52 37 58
leaf_count=37 61 43 38 40 54 54 61 41 47 52 37 58
internal_value=-0.0039309 -0.0128276 -0.00600938 -0.00111575 0.00736637 -0.0298812 -0.00194003 -0.0173393 0.0198314 0.00813176 0.0428134 -0.0446114
internal_weight=623 586 543 505 390 115 350 205 145 106 84 99
internal_count=623 586 543 505 390 115 350 205 145 106 84 99
is_linear=0
shrinkage=0.0934761


Tree=36
num_leaves=13
num_cat=0
split_feature=11 0 11 2 5 12 11 12 2 2 7 2
split_gain=30.3196 50.6979 30.4611 33.9772 24.1001 10.1331 19.6223 14.0733 13.9297 17.2333 9.65562 6.46775
threshold=6.1142857142857148 33.45000000000001 5.4357142857142868 11.600000000000007 0.12800000000000003 3.3821428571428584 3.2571428571428567 2.539285714285715 16.250000000000004 20.750000000000007 6237.0000000000009 18.450000000000006
decision_type=2 2 2 2 2 2 2 2 2 2 2 2
left_child=2 -2 3 4 -1 7 -7 -5 -8 -10 -11 -9
right_child=1 -3 -4 5 -6 6 8 11 9 10 -12 -13
leaf_value=-0.079954527221637942 0.13361783674765337 -0.0055070951902721783 -0.089914314466961312 0.031704372671883849 0.0064314854191899829 0.075966656614281966 0.045583338760199307 -0.063247363690802805 -0.045852584655991326 -0.0090713577126040109 0.054921525315732835 -0.0096472872504310535
leaf_weight=73 37 60 38 43 46 47 63 37 59 45 38 42
leaf_count=73 37 60 38 43 46 47 63 37 59 45 38 42
internal_value=-0.000494433 0.0475612 -0.00927296 -0.00305719 -0.0465616 0.0107851 0.0214908 -0.0113283 0.00900125 -0.00722884 0.0202266 -0.0347511
internal_weight=628 97 531 493 119 374 252 122 205 142 83 79
internal_count=628 97 531 493 119 374 252 122 205 142 83 79
is_linear=0
shrinkage=0.0934761


Tree=37
num_leaves=13
num_cat=0
split_feature=4 1 11 13 1 7 1 4 10 12 1 10
split_gain=26.5307 49.5897 34.029 13.1016 10.5969 13.3265 14.4094 12.18 11.9106 9.32449 10.7174 8.29576
threshold=0.92191100909954782 36.900000000000006 3.8214285714285712 4.0986622226138598 66.250000000000014 6966.5000000000009 73.050000000000011 -0.27694043983797378 4.700000000000002 4.1642857142857155 58.850000000000001 5.2500000000000009
decision_type=2 2 2 2 2 2 2 2 2 2 2 2
left_child=1 -1 -2 4 9 6 -6 8 -8 -3 11 -11
right_child=2 3 -4 -5 5 -7 7 -9 -10 10 -12 -13
leaf_value=0.10421907779694341 0.010370582520387113 0.046814951124215444 -0.11640601765365133 -0.05501277476724583 -0.069136401928016358 0.028639132458327131 0.0031907995088331646 0.03372681927684127 -0.059161992934962895 -0.034543705013671065 0.04341918787114582 0.017208763615552104
leaf_weight=42 37 67 37 37 44 59 59 43 49 59 45 50
leaf_count=42 37 67 37 37 44 59 59 43 49 59 45 50
internal_value=-0.000448214 0.00657371 -0.0530177 -0.00143627 0.00273706 -0.0102863 -0.0220637 -0.0083472 -0.0250989 0.0177051 0.00504041 -0.010804
internal_weight=628 554 74 512 475 254 195 151 108 221 154 109
internal_count=628 554 74 512 475 254 195 151 108 221 154 109
is_linear=0
shrinkage=0.0934761


Tree=38
num_leaves=13
num_cat=0
split_feature=4 4 13 9 6 6 12 13 3 13 13 7
split_gain=23.7782 30.6913 15.5359 14.4442 13.8403 24.4268 17.3393 15.8214 12.1938 9.52359 18.2787 13.9243
threshold=0.93469109537144635 0.80290535434334509 1.4723643647277893 6.7500000000000009 15.750000000000002 13.950000000000001 2.8178571428571426 3.1655126013993553 0.61237135649459018 1.9641424395359313 2.6650266176095943 5306.5000000000009
decision_type=2 2 2 2 2 2 2 2 2 2 2 2
left_child=1 2 -1 4 5 6 -4 9 -5 -8 11 -11
right_child=-2 -3 3 8 -6 -7 7 -9 -10 10 -12 -13
leaf_value=-0.060584046198030254 -0.055077930292621056 0.074530026556893364 0.039613770909535814 0.003329244570518555 0.034724879009432746 -0.081173095708205648 0.036350122804319124 -0.069546868158352468 0.071868069732183182 -0.080504312231306982 0.035090804129814565 -0.0034652408296300102
leaf_weight=37 65 50 62 48 61 41 39 40 43 41 40 41
leaf_count=37 65 50 62 48 61 41 39 40 43 41 40 41
internal_value=-0.00164837 0.00474744 -0.00232991 0.00239685 -0.00591004 -0.0140638 -0.00360185 -0.016932 0.0357157 -0.00386003 -0.0167141 -0.0419848
internal_weight=608 543 493 456 365 304 263 201 91 161 122 82
internal_count=608 543 493 456 365 304 263 201 91 161 122 82
is_linear=0
shrinkage=0.0934761


Tree=39
num_leaves=12
num_cat=0
split_feature=11 13 1 0 1 0 11 11 0 11 11
split_gain=15.7472 27.5668 25.4731 11.643 12.4353 17.4825 11.8382 11.751 13.5569 10.9386 6.96155
threshold=6.1142857142857148 2.5118290564598138 37.95000000000001 59.850000000000001 84.050000000000011 70.15000000000002 5.007142857142858 3.0642857142857154 35.250000000000007 2.5714285714285734 4.1357142857142852
decision_type=2 2 2 2 2 2 2 2 2 2 2
left_child=2 -2 -1 6 -5 -6 7 9 -9 -4 -10
right_child=1 -3 3 4 5 -7 -8 8 10 -11 -12
leaf_value=-0.061978310588832686 -0.025435211795130315 0.079739675665084428 0.020788984543791505 -0.055319557371329819 0.042471128128581344 -0.043386059418990937 -0.024897922135231964 0.073325743355764056 0.037429783540994098 -0.04654446676851938 -0.010425894732580694
leaf_weight=66 38 51 49 58 43 40 66 53 58 37 49
leaf_count=66 38 51 49 58 43 40 66 53 58 37 49
internal_value=-0.00149429 0.0348335 -0.00772392 0.000180699 -0.0221115 0.00109417 0.0102551 0.0196863 0.0346645 -0.00818006 0.0155146
internal_weight=608 89 519 453 141 83 312 246 160 86 107
internal_count=608 89 519 453 141 83 312 246 160 86 107
is_linear=0
shrinkage=0.0934761


Tree=40
num_leaves=12
num_cat=0
split_feature=7 8 2 10 10 8 2 10 10 10 7
split_gain=47.3936 45.1635 49.5765 36.8982 24.1396 30.2173 17.9884 14.7211 12.3875 7.71113 5.34289
threshold=3252.0000000000005 0.11599999999999996 17.150000000000009 7.700000000000002 4.549999999999998 0.041500000000000009 16.850000000000001 2.5499999999999976 5.8499999999999988 4.4500000000000002 6858.0000000000009
decision_type=2 2 2 2 2 2 2 2 2 2 2
left_child=3 2 -2 4 7 -6 -3 -1 9 10 -8
right_child=1 6 -4 -5 5 -7 8 -9 -10 -11 -12
leaf_value=-0.017264203905143036 0.015890200311463324 -0.056969309405885758 0.14608301347499666 -0.11535658176512363 0.07819234859099454 -0.033468719801862896 -0.012926246553091148 -0.081687795806481403 0.044267144918005284 -0.041781385111336902 0.029816704012152674
leaf_weight=71 63 46 43 42 40 45 56 55 58 40 47
leaf_count=71 63 46 43 42 40 45 56 55 58 40 47
internal_value=-0.00446559 0.0176652 0.0687043 -0.0353437 -0.019417 0.0190777 -0.0042382 -0.0453856 0.00782962 -0.00694923 0.00657782
internal_weight=606 353 106 253 211 85 247 126 201 143 103
internal_count=606 353 106 253 211 85 247 126 201 143 103
is_linear=0
shrinkage=0.0934761


Tree=41
num_leaves=13
num_cat=0
split_feature=7 0 10 7 10 3 2 5 9 7 3 10
split_gain=38.9474 31.0935 30.3224 24.5688 20.0916 14.2092 23.2128 9.74362 14.6996 7.79963 4.44385 3.56165
threshold=3252.0000000000005 70.450000000000017 7.700000000000002 3688.5000000000005 5.049999999999998 0.878110924644389 16.850000000000001 0.057000000000000002 3.1500000000000008 5364.5000000000009 -0.082689790342551792 3.6500000000000008
decision_type=2 2 2 2 2 2 2 2 2 2 2 2
left_child=2 3 4 -2 7 6 -5 8 -1 -7 11 -8
right_child=1 -3 -4 5 -6 9 10 -9 -10 -11 -12 -13
leaf_value=-0.059866415582900553 0.094472960868053429 -0.060516383008483443 -0.10457349895373395 -0.052861479890268397 0.022476198727459255 0.081306683810645389 0.055741336249206401 -0.069412200296975118 0.018013657677104673 0.020611822561465008 0.00020045723478341371 0.018664333467573579
leaf_weight=40 40 41 42 49 72 37 38 54 45 37 55 56
leaf_count=40 40 41 42 49 72 37 38 54 45 37 55 56
internal_value=-0.00404816 0.0160139 -0.0320399 0.0260708 -0.017602 0.0160117 0.00295044 -0.0383619 -0.0186358 0.0509593 0.0213047 0.0336529
internal_weight=606 353 253 312 211 272 198 139 85 74 149 94
internal_count=606 353 253 312 211 272 198 139 85 74 149 94
is_linear=0
shrinkage=0.0934761


Tree=42
num_leaves=15
num_cat=0
split_feature=7 13 10 9 13 13 13 9 12 3 3 13 3 10
split_gain=25.9668 22.86 21.0901 13.3543 12.8211 8.03422 26.8428 11.5467 11.4782 15.9214 9.23894 7.21653 5.98534 5.02464
threshold=2029.5000000000002 4.2819110075916784 6.1500000000000012 7.8499999999999988 1.6815506391157495 1.9455660300774313 2.1534025521291613 0.29999999999999899 5.4607142857142863 0.39036257410962039 0.83376496542330847 2.5355094450611566 0.14250626876356548 4.150000000000003
decision_type=2 2 2 2 2 2 2 2 2 2 2 2 2 2
left_child=2 3 12 4 -2 -6 -7 -8 9 11 -11 -9 -1 -13
right_child=1 -3 -4 -5 5 6 7 8 -10 10 -12 13 -14 -15
leaf_value=-0.039483447603728357 -0.038373604374611021 0.07896900108652867 -0.097949912673020889 -0.048781095435700333 0.050953102674631316 -0.063046395985349904 -0.024246152989829364 0.045871825447023382 -0.022087346128078136 0.09987713324991164 0.03968239863528298 -0.023402968448224634 0.011716960930911288 0.021043282331756959
leaf_weight=38 46 38 37 39 45 40 47 40 37 37 56 46 42 43
leaf_count=38 46 38 37 39 45 40 47 40 37 37 56 46 42 43
internal_value=0.000151928 0.00919898 -0.0395932 0.0036291 0.00830644 0.0137982 0.00896593 0.0183793 0.0261144 0.0341481 0.0636309 0.012893 -0.0126032 -0.00192894
internal_weight=631 514 117 476 437 391 346 306 259 222 93 129 80 89
internal_count=631 514 117 476 437 391 346 306 259 222 93 129 80 89
is_linear=0
shrinkage=0.0934761


Tree=43
num_leaves=14
num_cat=0
split_feature=4 4 10 13 6 9 2 2 6 6 12 4 6
split_gain=28.5899 48.1837 21.2971 16.8942 17.9217 12.6954 12.5114 20.4753 27.7029 9.93056 8.17762 7.67586 7.07902
threshold=0.90070004940655357 0.78724360164103002 6.2999999999999998 2.6920517568548541 13.050000000000002 2.5499999999999976 15.250000000000002 18.950000000000006 11.850000000000003 14.850000000000003 4.3214285714285721 0.25829915227078726 13.950000000000001
decision_type=2 2 2 2 2 2 2 2 2 2 2 2 2
left_child=1 2 3 6 5 -5 10 -8 -9 11 -1 -4 -2
right_child=12 -3 9 4 -6 -7 7 8 -10 -11 -12 -13 -14
leaf_value=-0.062784502829622113 -0.025973623924488702 0.10506867280619732 0.0084891899571099046 0.048457198619508035 0.075092909195958013 -0.019792836030708767 0.059492406875775929 0.033297130709494589 -0.066745568991741389 -0.071196412951288035 -0.0036753905034441446 -0.047672207173635711 -0.082702207025647165
leaf_weight=43 40 41 50 42 59 55 50 51 46 41 39 37 37
leaf_count=43 40 41 50 42 59 55 50 51 46 41 39 37 37
internal_value=0.000137726 0.00755566 -0.000237785 0.0107441 0.0344685 0.00975873 -0.00541745 0.0109012 -0.0141458 -0.0332693 -0.0346716 -0.0153955 -0.0532328
internal_weight=631 554 513 385 156 97 229 147 97 128 82 87 77
internal_count=631 554 513 385 156 97 229 147 97 128 82 87 77
is_linear=0
shrinkage=0.0934761


Tree=44
num_leaves=13
num_cat=0
split_feature=6 8 13 1 1 8 12 11 12 7 8 11
split_gain=20.489 35.8479 19.2651 24.3316 12.1884 22.1747 16.4649 13.1682 11.9782 9.98181 16.6177 1.77917
threshold=16.950000000000003 0.060500000000000005 3.4444917306829623 44.500000000000007 37.800000000000004 0.11649999999999996 4.0464285714285717 2.2642857142857147 4.9821428571428585 6220.5000000000009 0.14550000000000002 3.7357142857142853
decision_type=2 2 2 2 2 2 2 2 2 2 2 2
left_child=2 -2 4 -4 -1 6 -6 -7 -8 10 -9 -11
right_child=1 -3 3 -5 5 7 8 9 -10 11 -12 -13
leaf_value=-0.04825016617504925 -0.10640707013340601 0.01129790317319739 0.10099367661060972 0.0091151839208711352 0.06676377849882241 -0.067249716453142941 -0.031011141086490664 0.010905347208361596 0.031060048845059429 0.0038827534742642989 -0.071900259004261405 0.031420797039672814
leaf_weight=43 40 52 40 68 63 37 44 45 71 41 40 41
leaf_count=43 40 52 40 68 63 37 44 45 71 41 40 41
internal_value=0.000858972 -0.0398782 0.00789053 0.0431443 -0.00106807 0.004243 0.0283533 -0.0167944 0.00731107 -0.00561572 -0.028062 0.0176518
internal_weight=625 92 533 108 425 382 178 204 115 167 85 82
internal_count=625 92 533 108 425 382 178 204 115 167 85 82
is_linear=0
shrinkage=0.0934761


Tree=45
num_leaves=14
num_cat=0
split_feature=5 5 5 1 0 8 1 2 3 6 6 2 8
split_gain=22.1046 18.838 21.8339 21.5886 19.0018 23.4936 17.0264 15.1641 16.494 10.5655 15.1787 12.0014 6.06733
threshold=0.58100000000000007 0.10350000000000001 0.037500000000000006 31.700000000000006 31.150000000000002 0.11649999999999996 39.650000000000013 12.750000000000005 -0.65234524191686594 11.750000000000002 10.450000000000001 22.050000000000001 0.038500000000000006
decision_type=2 2 2 2 2 2 2 2 2 2 2 2 2
left_child=1 2 3 -1 6 7 -5 -6 -9 10 -7 -11 -3
right_child=-2 12 -4 4 5 9 -8 8 -10 11 -12 -13 -14
leaf_value=0.073619624520608593 -0.069300545422612617 0.075414794454181436 -0.058754845827331086 0.00033551532807575541 -0.0063448683587230851 -0.017547053661871648 -0.084879220723171583 0.022146926432788087 0.10549320308036012 -0.0042890284218442846 0.053331731453141809 -0.067911744205662428 0.023204758138215126
leaf_weight=37 37 37 52 42 39 66 40 41 42 63 44 44 41
leaf_count=37 37 37 52 42 39 66 40 41 42 63 44 44 41
internal_value=0.000778678 0.00518843 -0.0013548 0.00516224 -0.000854212 0.00891285 -0.0412327 0.0417319 0.0643222 -0.00953841 0.0108045 -0.0304516 0.0479711
internal_weight=625 588 510 458 421 339 82 122 83 217 110 107 78
internal_count=625 588 510 458 421 339 82 122 83 217 110 107 78
is_linear=0
shrinkage=0.0934761


Tree=46
num_leaves=12
num_cat=0
split_feature=6 0 9 11 8 4 4 1 1 11 13
split_gain=26.8157 22.2363 17.492 23.7758 17.3794 15.9769 15.7171 10.506 16.935 17.4456 6.67145
threshold=16.950000000000003 21.850000000000005 7.8499999999999988 3.2714285714285709 0.16450000000000004 0.51113019672828186 0.011826144619637501 67.700000000000003 42.350000000000001 4.9214285714285717 2.3350842517570092
decision_type=2 2 2 2 2 2 2 2 2 2 2
left_child=1 -1 3 4 6 -2 -3 8 -5 -10 -9
right_child=5 2 -4 7 -6 -7 -8 10 9 -11 -12
leaf_value=0.063924533974280509 -0.018552078134457521 -0.08709911678247699 -0.061735350147351362 -0.014867334204637936 0.011039561293190277 -0.10106206499256165 -0.0089164052108346489 -0.024468460537417511 0.094495374553912978 0.020870806024112076 0.018901249238202491
leaf_weight=46 46 53 42 46 59 37 39 63 49 66 61
leaf_count=46 46 53 42 46 59 37 39 63 49 66 61
internal_value=-0.0059677 0.00185171 -0.00412182 0.0014281 -0.0285607 -0.0553337 -0.0539565 0.0173169 0.0330674 0.0522413 -0.00313336
internal_weight=607 524 478 436 151 83 92 285 161 115 124
internal_count=607 524 478 436 151 83 92 285 161 115 124
is_linear=0
shrinkage=0.0934761


Tree=47
num_leaves=13
num_cat=0
split_feature=6 2 2 6 1 13 4 9 1 2 13 9
split_gain=22.0368 22.5961 19.9137 18.5774 13.9431 19.9645 13.656 29.4016 22.7351 13.3178 10.9963 8.63858
threshold=16.950000000000003 23.750000000000007 16.250000000000004 15.350000000000003 82.350000000000009 1.7648006692993081 1.0000000180025095e-35 4.549999999999998 48.050000000000004 13.400000000000006 2.7121775900110277 3.0499999999999976
decision_type=2 2 2 2 2 2 2 2 2 2 2 2
left_child=1 3 -2 4 5 -1 11 9 -9 -8 -3 -7
right_child=2 10 -4 -5 -6 6 7 8 -10 -11 -12 -13
leaf_value=0.052014691840731243 -0.0080863758771816622 0.016439850454010186 -0.099986795385570287 0.053802362311740771 -0.056718009480775065 0.032306880396947395 -0.037967223406875736 0.059884665882697072 -0.037625600551906759 -0.11138170096145195 0.083950811155224014 -0.01666937289370261
leaf_weight=45 45 49 38 40 55 65 50 39 45 38 37 61
leaf_count=45 45 49 38 40 55 65 50 39 45 38 37 61
internal_value=-0.00540987 0.00167862 -0.0501613 -0.00692269 -0.0130257 -0.00601965 -0.0147832 -0.03191 0.00764703 -0.0696689 0.0454853 0.00859616
internal_weight=607 524 83 438 398 343 298 172 84 88 86 126
internal_count=607 524 83 438 398 343 298 172 84 88 86 126
is_linear=0
shrinkage=0.0934761


Tree=48
num_leaves=13
num_cat=0
split_feature=1 9 1 9 5 6 13 6 7 6 7 9
split_gain=12.1312 20.1954 30.0794 20.0464 13.906 13.7533 12.4116 11.1841 9.09806 6.45591 4.69789 3.40237
threshold=49.45000000000001 7.049999999999998 41.750000000000007 7.8499999999999988 1.0000000180025095e-35 11.15 2.755945904139141 13.050000000000002 5443.0000000000009 11.750000000000002 6199.0000000000009 3.7500000000000004
decision_type=2 2 2 2 2 2 2 2 2 2 2 2
left_child=1 2 5 4 6 -1 7 10 9 -6 -2 -8
right_child=3 -3 -4 -5 8 -7 11 -9 -10 -11 -12 -13
leaf_value=-0.065875350727069668 0.0056444105141148599 0.083133335982707848 0.062135717053935065 -0.061134775485397676 0.03471854292837398 0.0046539013280059343 -0.0026070833828690633 -0.063476709763097952 0.064313101707008921 -0.011691055864979306 -0.035009886038793563 0.034799008636409681
leaf_weight=40 63 38 56 51 50 61 42 52 37 55 41 43
leaf_count=40 63 38 56 51 50 61 42 52 37 55 41 43
internal_value=0.00262072 0.0219874 0.00718773 -0.00608089 0.00125005 -0.0232785 -0.0124221 -0.0280808 0.0244543 0.0104088 -0.0103828 0.016316
internal_weight=629 195 157 434 383 101 241 156 142 105 104 85
internal_count=629 195 157 434 383 101 241 156 142 105 104 85
is_linear=0
shrinkage=0.0934761


end of trees

feature_importances:
forecast_low=72
forecast_diurnal_range=64
forecast_high=57
forecast_wind=47
lag_low_1d=46
forecast_radiation=42
day_sin=36
roll_low_7d_mean=36
forecast_evap=35
roll_low_7d_std=34
lag_low_2d=33
day_cos=31
forecast_precip=30
roll_low_14d_mean=25

parameters:
[boosting: gbdt]
[objective: regression]
[metric: l2]
[tree_learner: serial]
[device_type: cpu]
[data_sample_strategy: bagging]
[data: ]
[valid: ]
[num_iterations: 49]
[learning_rate: 0.0934761]
[num_leaves: 22]
[num_threads: 2]
[seed: 42]
[deterministic: 0]
[force_col_wise: 0]
[force_row_wise: 0]
[histogram_pool_size: -1]
[max_depth: -1]
[min_data_in_leaf: 37]
[min_sum_hessian_in_leaf: 0.001]
[bagging_fraction: 0.780583]
[pos_bagging_fraction: 1]
[neg_bagging_fraction: 1]
[bagging_freq: 2]
[bagging_seed: 400]
[bagging_by_query: 0]
[feature_fraction: 0.616616]
[feature_fraction_bynode: 1]
[feature_fraction_seed: 30056]
[extra_trees: 0]
[extra_seed: 12879]
[early_stopping_round: 0]
[early_stopping_min_delta: 0]
[first_metric_only: 0]
[max_delta_step: 0]
[lambda_l1: 1.39181e-07]
[lambda_l2: 1.65382e-05]
[linear_lambda: 0]
[min_gain_to_split: 0]
[drop_rate: 0.1]
[max_drop: 50]
[skip_drop: 0.5]
[xgboost_dart_mode: 0]
[uniform_drop: 0]
[drop_seed: 17869]
[top_rate: 0.2]
[other_rate: 0.1]
[min_data_per_group: 100]
[max_cat_threshold: 32]
[cat_l2: 10]
[cat_smooth: 10]
[max_cat_to_onehot: 4]
[top_k: 20]
[monotone_constraints: ]
[monotone_constraints_method: basic]
[monotone_penalty: 0]
[feature_contri: ]
[forcedsplits_filename: ]
[refit_decay_rate: 0.9]
[cegb_tradeoff: 1]
[cegb_penalty_split: 0]
[cegb_penalty_feature_lazy: ]
[cegb_penalty_feature_coupled: ]
[path_smooth: 0]
[interaction_constraints: ]
[verbosity: -1]
[saved_feature_importance_type: 0]
[use_quantized_grad: 0]
[num_grad_quant_bins: 4]
[quant_train_renew_leaf: 0]
[stochastic_rounding: 1]
[linear_tree: 0]
[max_bin: 255]
[max_bin_by_feature: ]
[min_data_in_bin: 3]
[bin_construct_sample_cnt: 200000]
[data_random_seed: 175]
[is_enable_sparse: 1]
[enable_bundle: 1]
[use_missing: 1]
[zero_as_missing: 0]
[feature_pre_filter: 1]
[pre_partition: 0]
[two_round: 0]
[header: 0]
[label_column: ]
[weight_column: ]
[group_column: ]
[ignore_column: ]
[categorical_feature: ]
[forcedbins_filename: ]
[precise_float_parser: 0]
[parser_config_file: ]
[objective_seed: 16083]
[num_class: 1]
[is_unbalance: 0]
[scale_pos_weight: 1]
[sigmoid: 1]
[boost_from_average: 1]
[reg_sqrt: 0]
[alpha: 0.9]
[fair_c: 1]
[poisson_max_delta_step: 0.7]
[tweedie_variance_power: 1.5]
[lambdarank_truncation_level: 30]
[lambdarank_norm: 1]
[label_gain: ]
[lambdarank_position_bias_regularization: 0]
[eval_at: ]
[multi_error_top_k: 1]
[auc_mu_weights: ]
[num_machines: 1]
[local_listen_port: 12400]
[time_out: 120]
[machine_list_filename: ]
[machines: ]
[gpu_platform_id: -1]
[gpu_device_id: -1]
[gpu_use_dp: 0]
[num_gpu: 1]

end of parameters

pandas_categorical:[]
