tree
version=v4
num_class=1
num_tree_per_iteration=1
label_index=0
max_feature_idx=13
objective=regression
feature_names=forecast_high forecast_low forecast_diurnal_range day_sin day_cos forecast_precip forecast_wind forecast_radiation forecast_evap lag_high_1d lag_high_2d roll_high_7d_mean roll_high_14d_mean roll_high_7d_std
feature_infos=[12.5:101.90000000000001] [-7.5999999999999996:79.799999999999997] [2.1000000000000014:35.900000000000006] [-0.99999942202469239:0.99998555065071859] [-0.99997919295908244:0.9999907524084426] [0:4.4290000000000003] [4.2999999999999998:25.699999999999999] [204:8605] [0.0080000000000000002:0.32300000000000001] [-10.5:11.700000000000005] [-10.5:11.700000000000005] [-5.2714285714285722:7.2857142857142865] [-4.4214285714285717:5.1000000000000005] [0.56188458397990249:5.9779356207401788]
tree_sizes=951 987 986 984 900 987 1067 988 884 822 991 965 984 1059 992 1072 1071 987 986 992 1056 1060 908 1059 990 987 990 1067 996 996 904 996 997 897 997 999 910 990 1001 912 987 913 1072 996 978 983 1066 976 1000 1080 999 1004 992 986 1078 999 987 998 986

Tree=0
num_leaves=10
num_cat=0
split_feature=0 2 5 0 5 3 1 3 2
split_gain=1340.28 299.308 240.469 186.731 133.811 134.109 51.4509 67.1518 40.2648
threshold=71.600000000000009 13.199999999999996 0.043500000000000004 84.850000000000009 0.15749999999999997 0.66527693225344786 25.850000000000005 0.76140650896573492 18.750000000000007
decision_type=2 2 2 2 2 2 2 2 2
left_child=1 4 6 8 5 -1 -3 -8 -2
right_child=3 2 -4 -5 -6 -7 7 -9 -10
leaf_value=0.47158790487647151 0.35318845710986219 0.47258417013884613 0.31737898076956622 0.22421067730808705 0.42036404722558318 0.57797194506250904 0.386234927181691 0.45657465862828717 0.29907291220353416
leaf_weight=64 51 48 57 72 47 47 77 52 82
leaf_count=64 51 48 57 72 47 47 77 52 82
internal_value=0.385326 0.437143 0.402806 0.286243 0.487996 0.516633 0.430316 0.414589 0.319824
internal_weight=597 392 234 205 158 111 177 129 133
internal_count=597 392 234 205 158 111 177 129 133
is_linear=0
shrinkage=1


Tree=1
num_leaves=10
num_cat=0
split_feature=0 2 5 0 3 9 9 0 9
split_gain=1215.16 271.366 218.02 169.299 124.466 82.8943 66.5138 33.5218 33.2433
threshold=71.600000000000009 13.199999999999996 0.043500000000000004 84.850000000000009 0.84313847884979054 2.1500000000000008 -1.0000000180025095e-35 55.350000000000001 0.95000000000000295
decision_type=2 2 2 2 2 2 2 2 2
left_child=1 4 5 6 8 7 -2 -3 -1
right_child=3 2 -4 -5 -6 -7 -8 -9 -10
leaf_value=0.045302045992611603 -0.091039650927755844 -0.016086734011982181 -0.066271161986551808 -0.15498400551082547 0.16141506210665765 0.077715645660374921 -0.021734961071676391 0.039851008825715954 0.098006255765368297
leaf_weight=62 81 49 57 72 47 79 52 49 49
leaf_count=62 81 49 57 72 47 79 52 49 49
internal_value=-0.00157321 0.0477655 0.0150706 -0.0959185 0.096187 0.0412655 -0.0639431 0.0118821 0.0685679
internal_weight=597 392 234 205 158 177 133 98 111
internal_count=597 392 234 205 158 177 133 98 111
is_linear=0
shrinkage=0.0478216


Tree=2
num_leaves=10
num_cat=0
split_feature=0 2 5 0 5 3 1 3 2
split_gain=1101.72 246.032 197.666 153.494 120.203 114.987 46.5938 59.7708 36.4968
threshold=71.600000000000009 13.199999999999996 0.043500000000000004 84.850000000000009 0.15749999999999997 0.66527693225344786 25.850000000000005 0.76140650896573492 18.750000000000007
decision_type=2 2 2 2 2 2 2 2 2
left_child=1 4 6 8 5 -1 -3 -8 -2
right_child=3 2 -4 -5 -6 -7 7 -9 -10
leaf_value=0.077018476369263608 -0.029120199272381981 0.079515267104741258 -0.063101968477399933 -0.14757241644168143 0.027485944439897554 0.17552656202792302 -0.0024250783838593412 0.06393644520272207 -0.080641509693152244
leaf_weight=64 51 48 57 72 47 47 77 52 82
leaf_count=64 51 48 57 72 47 47 77 52 82
internal_value=-0.00149797 0.0454813 0.0143499 -0.0913315 0.0915872 0.118729 0.0392921 0.0243253 -0.0608852
internal_weight=597 392 234 205 158 111 177 129 133
internal_count=597 392 234 205 158 111 177 129 133
is_linear=0
shrinkage=0.0478216


Tree=3
num_leaves=10
num_cat=0
split_feature=0 2 0 9 3 9 0 8 9
split_gain=998.865 223.063 140.792 140.416 106.029 71.2233 41.2019 40.5559 29.8059
threshold=71.600000000000009 13.199999999999996 87.350000000000009 2.1500000000000008 0.84313847884979054 -0.59999999999999776 50.20000000000001 0.074500000000000011 0.95000000000000295
decision_type=2 2 2 2 2 2 2 2 2
left_child=1 4 5 7 8 -2 -5 -3 -1
right_child=2 3 -4 6 -6 -7 -8 -9 -10
leaf_value=0.039685578363203855 -0.091007404515428283 -0.04014053819722567 -0.15241268862720558 0.090300090116131049 0.14741076609601364 -0.024241964066952507 0.027309433381933611 0.011825205812343097 0.089590664058033148
leaf_weight=62 87 77 55 47 47 63 48 62 49
leaf_count=62 87 77 55 47 47 63 48 62 49
internal_value=-0.00142634 0.0433063 -0.0869639 0.0136637 0.0872074 -0.0629659 0.0584733 -0.0169615 0.0617158
internal_weight=597 392 205 234 158 150 95 139 111
internal_count=597 392 205 234 158 150 95 139 111
is_linear=0
shrinkage=0.0478216


Tree=4
num_leaves=9
num_cat=0
split_feature=0 5 2 0 3 9 9 0
split_gain=1221.91 151.883 162.677 145.996 119.901 94.7256 54.1505 25.3457
threshold=71.15000000000002 0.14700000000000002 13.899999999999999 88.600000000000009 0.80417553764032002 2.1500000000000008 -0.099999999999997827 80.15000000000002
decision_type=2 2 2 2 2 2 2 2
left_child=1 2 4 6 -1 -4 7 -2
right_child=3 -3 5 -5 -6 -7 -8 -9
leaf_value=0.072393328606128529 -0.062247835911460124 -0.0048915664533414199 0.0023105937799081508 -0.16560584034134129 0.16757740245681541 0.074379349323729985 -0.029887228108863236 -0.108056233643834
leaf_weight=85 47 88 91 48 47 77 51 67
leaf_count=85 47 88 91 48 47 77 51 67
internal_value=-0.00016998 0.050352 0.0665569 -0.0922007 0.106285 0.0353421 -0.0708465 -0.0891703
internal_weight=601 388 300 213 132 168 165 114
internal_count=601 388 300 213 132 168 165 114
is_linear=0
shrinkage=0.0478216


Tree=5
num_leaves=10
num_cat=0
split_feature=1 2 2 9 1 8 13 2 9
split_gain=865.453 225.042 221.386 191.576 140.408 83.5348 62.4321 55.3202 33.1283
threshold=52.150000000000006 15.149999999999997 15.149999999999997 3.0499999999999976 66.750000000000014 0.060500000000000005 2.6681097252347077 10.700000000000005 -1.2000000000000008
decision_type=2 2 2 2 2 2 2 2 2
left_child=1 5 -2 6 8 7 -3 -1 -4
right_child=2 3 4 -5 -6 -7 -8 -9 -10
leaf_value=0.087781277440753133 0.0049676911948965379 -0.057679491933653064 -0.095065387639199139 0.074476012215301993 -0.16920606869112498 0.13559000126628051 0.011884853414260836 0.027212883572801837 -0.043487201474961434
leaf_weight=83 60 70 68 63 50 48 51 59 49
leaf_count=83 60 70 68 63 50 48 51 59 49
internal_value=-0.000161852 0.0445462 -0.0738219 0.00685083 -0.10213 0.0810512 -0.028359 0.0626156 -0.0734643
internal_weight=601 374 227 184 167 190 121 142 117
internal_count=601 374 227 184 167 190 121 142 117
is_linear=0
shrinkage=0.0478216


Tree=6
num_leaves=11
num_cat=0
split_feature=0 5 2 3 0 9 9 7 1 3
split_gain=1015.25 136.324 136.25 124.569 120.701 73.133 44.6894 22.9782 13.7323 12.0161
threshold=71.15000000000002 0.21549999999999997 15.049999999999999 0.77244481603295057 88.600000000000009 2.9000000000000026 -0.099999999999997827 5091.0000000000009 30.150000000000002 0.39036257410962039
decision_type=2 2 2 2 2 2 2 2 2 2
left_child=1 2 3 8 6 9 7 -2 -1 -4
right_child=4 -3 5 -5 -6 -7 -8 -9 -10 -11
leaf_value=0.040025235615952968 -0.055637675843147355 -0.012984956530512915 -0.014799673813487117 0.1471229711607025 -0.15078618229354368 0.069783263668507012 -0.027416233044721402 -0.099254157093479262 0.074941674488381252 0.019045291760892369
leaf_weight=47 47 73 49 57 48 58 51 67 57 47
leaf_count=47 47 73 49 57 48 58 51 67 57 47
internal_value=-0.000154111 0.0458978 0.0595437 0.0903036 -0.0840421 0.0273855 -0.0646257 -0.081272 0.0591622 0.00177022
internal_weight=601 388 315 161 213 154 165 114 104 96
internal_count=601 388 315 161 213 154 165 114 104 96
is_linear=0
shrinkage=0.0478216


Tree=7
num_leaves=10
num_cat=0
split_feature=0 5 12 0 0 1 7 5 0
split_gain=920.471 125.278 120.632 109.433 60.076 58.6517 50.9582 43.2843 40.8421
threshold=71.15000000000002 0.14700000000000002 2.5785714285714292 88.600000000000009 52.650000000000013 44.250000000000007 2581.0000000000005 1.0000000180025095e-35 80.15000000000002
decision_type=2 2 2 2 2 2 2 2 2
left_child=1 2 4 7 6 -6 -1 8 -2
right_child=3 -3 -4 -5 5 -7 -8 -9 -10
leaf_value=0.033799441408541173 -0.051064891977552825 -0.0064695211204147032 0.12622818996286339 -0.14357533942933887 -0.019039730486227903 0.054266757652046749 0.089725077356072214 -0.023294862799035566 -0.10774171325063628
leaf_weight=69 63 88 50 48 52 48 81 48 54
leaf_count=69 63 88 50 48 52 48 81 48 54
internal_value=-0.000146741 0.0437029 0.0584202 -0.0800231 0.0448585 0.0161473 0.0639993 -0.0615352 -0.0772235
internal_weight=601 388 300 213 250 100 150 165 117
internal_count=601 388 300 213 250 100 150 165 117
is_linear=0
shrinkage=0.0478216


Tree=8
num_leaves=9
num_cat=0
split_feature=0 2 9 3 9 13 6 6
split_gain=849.305 209.14 123.238 118.246 93.1148 52.7966 40.831 28.356
threshold=71.15000000000002 15.950000000000001 3.7500000000000004 0.77244481603295057 -0.24999999999999992 2.2654232547149165 11.65 13.450000000000001
decision_type=2 2 2 2 2 2 2 2
left_child=1 3 6 7 5 -2 -3 -1
right_child=4 2 -4 -5 -6 -7 -8 -9
leaf_value=0.029154175077298564 -0.071395847710926205 0.0014187321783027541 0.061843058443637682 0.1201541840433847 -0.0290677335701723 -0.128948278102514 -0.060082823459613112 0.072100431509539945
leaf_weight=83 83 47 49 79 68 65 52 61
leaf_count=83 83 47 49 79 68 65 52 61
internal_value=-2.22424e-06 0.0438889 -0.000184525 0.0731395 -0.0753894 -0.0966723 -0.0308851 0.0473467
internal_weight=587 371 148 223 216 148 99 144
internal_count=587 371 148 223 216 148 99 144
is_linear=0
shrinkage=0.0478216


Tree=9
num_leaves=8
num_cat=0
split_feature=0 5 3 9 0 13 11
split_gain=770.017 97.7406 120.706 84.4219 78.5346 47.8677 24.116
threshold=71.15000000000002 0.17149999999999996 0.43733377705052545 -0.24999999999999992 45.850000000000009 2.2654232547149165 1.1642857142857153
decision_type=2 2 2 2 2 2 2
left_child=1 2 6 5 -4 -2 -1
right_child=3 -3 4 -5 -6 -7 -8
leaf_value=0.0032948740649615857 -0.06798158172894464 -0.0082299221959023852 0.1261719690800083 -0.027677667098637931 0.055996655282090628 -0.12278176114636676 0.042166331595780267
leaf_weight=73 83 72 60 68 93 65 73
leaf_count=73 83 72 60 68 93 65 73
internal_value=-2.11753e-06 0.0417901 0.0538351 -0.0717841 0.0835164 -0.0920493 0.0227306
internal_weight=587 371 299 216 153 148 146
internal_count=587 371 299 216 153 148 146
is_linear=0
shrinkage=0.0478216


Tree=10
num_leaves=10
num_cat=0
split_feature=0 12 9 7 0 6 13 1 1
split_gain=698.131 90.2037 76.5406 66.8098 87.8115 57.3858 43.3989 39.6821 27.9145
threshold=71.15000000000002 2.6107142857142862 -0.24999999999999992 2591.0000000000005 48.050000000000004 14.450000000000001 2.2654232547149165 39.600000000000009 32.550000000000004
decision_type=2 2 2 2 2 2 2 2 2
left_child=1 3 6 5 -5 8 -2 -6 -1
right_child=2 -3 -4 4 7 -7 -8 -9 -10
leaf_value=-3.5173551242425137e-05 -0.064730590974622762 0.09692405651257438 -0.026354076544321776 0.092615130422839365 -0.0073603189664949659 -0.037053018413507527 -0.11691013696671626 0.052592820933268614 0.050367548045089326
leaf_weight=47 83 54 68 68 51 47 65 50 54
leaf_count=47 83 54 68 68 51 47 65 50 54
internal_value=-2.01574e-06 0.0397916 -0.0683513 0.0300593 0.0506041 0.0065993 -0.0876473 0.0223194 0.0269128
internal_weight=587 371 216 317 169 148 148 101 101
internal_count=587 371 216 317 169 148 148 101 101
is_linear=0
shrinkage=0.0478216


Tree=11
num_leaves=10
num_cat=0
split_feature=0 2 0 13 9 9 6 6 9
split_gain=632.956 187.684 108.231 110.655 104.098 72.5905 35.9134 33.279 35.2185
threshold=71.15000000000002 15.950000000000001 41.750000000000007 2.7304279536674101 3.7500000000000004 -3.4500000000000024 11.65 10.65 -0.34999999999999781
decision_type=2 2 2 2 2 2 2 2 2
left_child=1 2 -1 -4 6 -2 -3 -7 -9
right_child=5 4 3 -5 -6 7 -8 8 -10
leaf_value=0.025843320612591921 -0.11559607640241837 -0.0017824862189344383 0.052488756975158257 0.14060010754141641 0.053144962999349434 -0.077959938408841911 -0.059461840932153009 -0.059954454914448882 -0.0044996817020972251
leaf_weight=92 50 47 70 61 49 61 52 55 50
leaf_count=92 50 47 70 61 49 61 52 55 50
internal_value=-1.91999e-06 0.0378887 0.0655983 0.0935177 -0.00386277 -0.0650826 -0.0320787 -0.0498677 -0.0335475
internal_weight=587 371 223 131 148 216 99 166 105
internal_count=587 371 223 131 148 216 99 166 105
is_linear=0
shrinkage=0.0478216


Tree=12
num_leaves=10
num_cat=0
split_feature=0 12 2 0 0 1 1 11 9
split_gain=528.711 141.459 104.195 85.7582 47.01 61.9104 36.8988 49.2322 30.1125
threshold=80.250000000000014 2.6785714285714293 15.149999999999997 47.45000000000001 42.350000000000001 53.550000000000004 39.20000000000001 -0.085714285714285882 -1.2499999999999998
decision_type=2 2 2 2 2 2 2 2 2
left_child=1 2 4 -4 -1 -6 -5 -8 -2
right_child=8 -3 3 6 5 -7 7 -9 -10
leaf_value=0.017544796038673226 -0.094666338005133049 0.10134093176427246 0.053031339684601678 -0.052173393331843038 0.09345919741391262 0.02208315113630701 -0.035165962655123603 0.029453787130677672 -0.047255679479536031
leaf_weight=86 88 55 47 55 68 47 56 52 47
leaf_count=86 88 55 47 55 68 47 56 52 47
internal_value=0.00517359 0.0293154 0.019677 -0.0038798 0.0442885 0.0642881 -0.0202898 -0.00405272 -0.0781604
internal_weight=601 466 411 210 201 115 163 108 135
internal_count=601 466 411 210 201 115 163 108 135
is_linear=0
shrinkage=0.0478216


Tree=13
num_leaves=11
num_cat=0
split_feature=0 3 5 10 2 8 0 6 3 9
split_gain=479.352 142.695 103.574 79.3639 89.9973 63.7701 28.3755 25.8714 12.3959 9.89238
threshold=80.250000000000014 0.77244481603295057 0.037500000000000006 2.1500000000000008 15.149999999999997 0.091500000000000012 88.100000000000009 11.15 -0.26037633224328088 1.7500000000000002
decision_type=2 2 2 2 2 2 2 2 2 2
left_child=1 3 5 4 8 -3 -2 -6 -1 -5
right_child=6 2 -4 9 7 -7 -8 -9 -10 -11
leaf_value=0.009866047653563987 -0.057873326225209132 0.13496865982193734 0.0083440561692576104 0.031183758553290655 -0.062332472814358844 0.058453549315126641 -0.1034683915048597 -0.016328949986907076 0.042729976411605489 0.061596595289513029
leaf_weight=53 86 47 47 51 47 53 49 69 52 47
leaf_count=53 86 47 47 51 47 53 49 69 52 47
internal_value=0.00492618 0.0279135 0.0668962 0.00994969 -0.00593421 0.0944157 -0.0744227 -0.0349683 0.0261416 0.0457695
internal_weight=601 466 147 319 221 100 135 116 105 98
internal_count=601 466 147 319 221 100 135 116 105 98
is_linear=0
shrinkage=0.0478216


Tree=14
num_leaves=10
num_cat=0
split_feature=0 3 5 2 8 4 13 9 9
split_gain=434.602 129.373 93.9047 65.9513 57.8168 51.823 32.399 27.33 27.2962
threshold=80.250000000000014 0.77244481603295057 0.037500000000000006 15.149999999999997 0.091500000000000012 0.74298546529340237 2.2846277155507786 -0.099999999999997827 -1.2499999999999998
decision_type=2 2 2 2 2 2 2 2 2
left_child=1 3 4 6 -3 7 -1 -5 -2
right_child=8 2 -4 5 -6 -7 -8 -9 -10
leaf_value=0.053354459180318524 -0.086578758670318903 0.12851423858859243 0.0079450302858529876 -0.055715153056730186 0.055658205265900276 0.027779261650236555 0.010040597727515265 -0.0079703919199859835 -0.041439572596140541
leaf_weight=78 88 47 47 52 53 51 80 58 47
leaf_count=78 88 47 47 52 53 51 80 58 47
internal_value=0.0046906 0.0265786 0.0636971 0.00947388 0.0899006 -0.0120666 0.0314234 -0.0305407 -0.0708637
internal_weight=601 466 147 319 100 161 158 110 135
internal_count=601 466 147 319 100 161 158 110 135
is_linear=0
shrinkage=0.0478216


Tree=15
num_leaves=11
num_cat=0
split_feature=0 9 2 7 10 5 11 2 8 3
split_gain=394.029 119.327 120.92 64.9464 56.361 29.7641 29.5461 37.7995 26.0256 15.4212
threshold=80.250000000000014 5.3500000000000023 15.149999999999997 3284.0000000000005 2.1500000000000008 0.059500000000000004 0.81428571428571528 19.350000000000001 0.19250000000000003 -0.022576249993022598
decision_type=2 2 2 2 2 2 2 2 2 2
left_child=1 2 3 5 6 9 7 -4 -2 -1
right_child=8 -3 4 -5 -6 -7 -8 -9 -10 -11
leaf_value=0.026659939287263987 -0.040527594723754154 0.097561239745934905 0.019916541157981943 0.092446565572251921 0.027767756416068653 0.0044950099540001891 -0.055964741670669234 -0.040417069672567814 -0.083835633899837766 0.065399242254830209
leaf_weight=47 51 47 48 47 67 68 48 47 84 47
leaf_count=47 51 47 48 47 67 68 48 47 84 47
internal_value=0.00446629 0.0253076 0.0172028 0.0429543 -0.00842606 0.0285954 -0.025384 -0.00993268 -0.0674748 0.0460296
internal_weight=601 466 419 209 210 162 143 95 135 94
internal_count=601 466 419 209 210 162 143 95 135 94
is_linear=0
shrinkage=0.0478216


Tree=16
num_leaves=11
num_cat=0
split_feature=0 5 6 2 10 10 2 2 12 1
split_gain=415.794 144.262 133.25 110.642 99.4908 59.5342 45.721 29.0014 27.0001 25.1246
threshold=71.600000000000009 0.051500000000000011 15.450000000000001 13.899999999999999 3.7500000000000004 0.1500000000000021 17.650000000000006 13.250000000000002 1.3928571428571435 63.850000000000009
decision_type=2 2 2 2 2 2 2 2 2 2
left_child=1 2 4 -3 7 6 -2 -1 -9 -8
right_child=5 3 -4 -5 -6 -7 9 8 -10 -11
leaf_value=0.042131899921586037 -0.026972895915240803 0.025282672500384816 0.10641072081602262 -0.068139234818638691 0.088532065948299571 -0.0082425761413830317 -0.06321240465475976 0.018881800976666235 -0.028696631160222745 -0.10929706295937125
leaf_weight=52 47 71 71 49 52 54 62 65 47 48
leaf_count=52 47 71 71 49 52 54 62 65 47 48
internal_value=0.00292273 0.0311659 0.0495759 -0.0128646 0.030894 -0.0515558 -0.0664533 0.0126185 -0.00108412 -0.0833221
internal_weight=618 407 287 120 216 211 157 164 112 110
internal_count=618 407 287 120 216 211 157 164 112 110
is_linear=0
shrinkage=0.0478216


Tree=17
num_leaves=10
num_cat=0
split_feature=9 2 3 2 4 13 6 3 6
split_gain=325.553 236.682 120.371 78.1034 69.6725 46.1592 31.9897 24.7288 11.5569
threshold=0.15000000000000038 17.850000000000009 0.77244481603295057 15.750000000000002 0.56191161272202661 2.1222736987569957 13.750000000000002 -0.48314718476766416 10.750000000000002
decision_type=2 2 2 2 2 2 2 2 2
left_child=1 6 4 -4 -2 -6 8 -3 -1
right_child=2 7 3 -5 5 -7 -8 -9 -10
leaf_value=0.010900925267156584 -0.02188133490663428 -0.054735961285354864 0.12180378380273356 0.040427171010203433 0.064670099405169101 0.0090807544240078635 0.041131268878621549 -0.093510073952753972 -0.022291145351679621
leaf_weight=47 75 71 49 60 65 72 50 80 49
leaf_count=47 75 71 49 60 65 72 50 80 49
internal_value=0.00278296 -0.0333011 0.0361691 0.0770094 0.0151711 0.0354553 0.010114 -0.0752786 -0.00604083
internal_weight=618 297 321 109 212 137 146 151 96
internal_count=618 297 321 109 212 137 146 151 96
is_linear=0
shrinkage=0.0478216


Tree=18
num_leaves=10
num_cat=0
split_feature=0 9 2 8 3 10 13 2 1
split_gain=348.517 97.1605 79.07 76.4159 65.259 52.7745 40.0206 37.4053 21.8019
threshold=71.600000000000009 0.95000000000000295 15.950000000000001 0.05050000000000001 0.77244481603295057 0.1500000000000021 2.1171633466036979 17.650000000000006 63.850000000000009
decision_type=2 2 2 2 2 2 2 2 2
left_child=1 2 3 -1 6 7 -3 -2 -9
right_child=5 4 -4 -5 -6 -7 -8 8 -10
leaf_value=-0.0047745295071554483 -0.02554311290559266 0.058594916582198703 -0.037099452064283486 0.074288176284645152 0.082813492740887631 -0.006446686131971374 0.0063488215095981572 -0.057778205628087581 -0.100707529690009
leaf_weight=69 47 60 70 47 85 54 76 62 48
leaf_count=69 47 60 70 47 85 54 76 62 48
internal_value=0.00264988 0.0285074 0.00303835 0.0272595 0.0499428 -0.0472269 0.0293986 -0.0612531 -0.076511
internal_weight=618 407 186 116 221 211 136 157 110
internal_count=618 407 186 116 221 211 136 157 110
is_linear=0
shrinkage=0.0478216


Tree=19
num_leaves=10
num_cat=0
split_feature=0 5 2 9 1 10 8 2 1
split_gain=315.981 129.348 93.7605 79.2171 67.8642 47.8477 44.0109 33.9133 19.7666
threshold=71.600000000000009 0.15749999999999997 13.750000000000002 2.1500000000000008 30.450000000000003 0.1500000000000021 0.079500000000000015 17.650000000000006 63.850000000000009
decision_type=2 2 2 2 2 2 2 2 2
left_child=1 2 4 6 -1 7 -4 -2 -9
right_child=5 -3 3 -5 -6 -7 -8 8 -10
leaf_value=0.030021875545433768 -0.024321599384864091 -0.025720973919136057 -0.040257412049444899 0.053503125931057612 0.099970767887699208 -0.006138395039660881 0.021689137946720966 -0.055015156564073277 -0.095891530584151882
leaf_weight=53 47 84 51 86 79 54 54 62 48
leaf_count=53 47 84 51 86 79 54 54 62 48
internal_value=0.00252316 0.0271441 0.0408923 0.0194731 0.0718853 -0.0449684 -0.00839915 -0.0583239 -0.0728522
internal_weight=618 407 323 191 132 211 105 157 110
internal_count=618 407 323 191 132 211 105 157 110
is_linear=0
shrinkage=0.0478216


Tree=20
num_leaves=11
num_cat=0
split_feature=9 2 3 1 3 8 7 7 6 6
split_gain=264.004 156.843 69.3118 55.9091 42.9771 39.4456 36.4269 33.8165 33.1991 25.7113
threshold=0.099999999999997854 15.950000000000001 0.80417553764032002 66.750000000000014 0.30983042691905766 0.048500000000000008 2190.5000000000005 2689.5000000000005 12.65 12.350000000000003
decision_type=2 2 2 2 2 2 2 2 2 2
left_child=1 7 5 4 -3 6 -2 -1 -7 -4
right_child=2 3 9 -5 -6 8 -8 -9 -10 -11
leaf_value=-0.010567301097494028 0.011799303396352254 -0.017681484203666456 0.09226736398265932 -0.098542307629819109 -0.07236377518721622 -0.020622400853204732 0.068680413486156014 0.043034305339450359 0.031192013636626478 0.045033304002861201
leaf_weight=51 51 84 47 49 54 71 52 57 47 60
leaf_count=51 51 84 47 49 54 71 52 57 47 60
internal_value=0.0046647 -0.0281608 0.0341877 -0.0546603 -0.0390789 0.0188913 0.040516 0.0177224 1.5515e-05 0.065781
internal_weight=623 295 328 187 138 221 103 108 118 107
internal_count=623 295 328 187 138 221 103 108 118 107
is_linear=0
shrinkage=0.0478216


Tree=21
num_leaves=11
num_cat=0
split_feature=8 9 0 7 2 12 7 0 6 13
split_gain=241.694 101.821 74.169 72.7646 78.1957 55.2972 43.6316 34.9584 24.1349 5.33406
threshold=0.14950000000000002 0.95000000000000295 87.450000000000017 1702.5000000000002 15.149999999999997 2.4563492063492069 2606.0000000000005 45.850000000000009 12.15 2.4591421103457001
decision_type=2 2 2 2 2 2 2 2 2 2
left_child=1 3 8 -1 -5 6 -3 -8 -2 -6
right_child=2 5 -4 4 9 -7 7 -9 -10 -11
leaf_value=-0.051796411261156333 -0.042567664225785028 0.0043070223694344151 -0.091362036478156647 0.050849142348031014 -0.025922632903584951 0.090151921849177849 0.083185761154131302 0.028500560970384583 0.00032527813315802418 -0.0032580704232003516
leaf_weight=49 66 73 52 75 47 49 47 62 55 48
leaf_count=49 66 73 52 75 47 49 47 62 55 48
internal_value=0.00444162 0.0229101 -0.0435977 -0.00045248 0.0143466 0.045059 0.0329186 0.0520805 -0.0230708 -0.0144711
internal_weight=623 450 173 219 170 231 182 109 121 95
internal_count=623 450 173 219 170 231 182 109 121 95
is_linear=0
shrinkage=0.0478216


Tree=22
num_leaves=9
num_cat=0
split_feature=9 2 1 10 2 1 10 13
split_gain=220.771 134.655 55.5444 51.5177 44.5981 41.3907 30.4485 29.3614
threshold=0.099999999999997854 15.149999999999997 67.350000000000009 4.8500000000000005 14.050000000000001 31.750000000000004 -0.90000000000000202 2.7884967461788737
decision_type=2 2 2 2 2 2 2 2
left_child=1 -1 6 4 5 -2 -3 -6
right_child=3 2 -4 -5 7 -7 -8 -9
leaf_value=0.022586217655277092 0.016164735980329806 -0.013078322551752545 -0.091748422477044012 0.077001422019117208 -0.010491342182445166 0.072621565448983308 -0.055512444648062112 0.030854326121474682
leaf_weight=91 57 81 49 48 93 62 74 68
leaf_count=91 57 81 49 48 93 62 74 68
internal_value=0.00422922 -0.0257885 -0.0473674 0.0312268 0.0233797 0.0455792 -0.0333372 0.0069714
internal_weight=623 295 204 328 280 119 155 161
internal_count=623 295 204 328 280 119 155 161
is_linear=0
shrinkage=0.0478216


Tree=23
num_leaves=11
num_cat=0
split_feature=8 9 7 2 0 12 7 0 6 9
split_gain=203.142 85.6362 67.9418 65.4085 62.428 48.588 39.7404 31.4228 21.2726 5.02436
threshold=0.14950000000000002 0.95000000000000295 1702.5000000000002 15.149999999999997 87.450000000000017 2.4563492063492069 2606.0000000000005 45.850000000000009 12.15 -0.90000000000000202
decision_type=2 2 2 2 2 2 2 2 2 2
left_child=1 2 -1 -4 8 6 -3 -8 -2 -5
right_child=4 5 3 9 -6 -7 7 -9 -10 -11
leaf_value=-0.050080158001848347 -0.039486643686567527 0.0025849185300885788 0.047218067267355272 -0.0014088563885672849 -0.083835610383706627 0.083539884846961732 0.077668768027485582 0.025822656069701334 0.00078255946176739152 -0.023405619172165965
leaf_weight=49 66 73 75 47 52 49 47 62 55 48
leaf_count=49 66 73 75 47 52 49 47 62 55 48
internal_value=0.00402697 0.0209585 -0.00046695 0.0138333 -0.0400146 0.041271 0.0298909 0.0481784 -0.0211824 -0.012523
internal_weight=623 450 219 170 173 231 182 109 121 95
internal_count=623 450 219 170 173 231 182 109 121 95
is_linear=0
shrinkage=0.0478216


Tree=24
num_leaves=10
num_cat=0
split_feature=2 1 5 7 9 13 10 13 1
split_gain=185.043 133.939 71.5555 54.7084 53.3172 47.4019 37.0995 22.8874 18.2176
threshold=15.149999999999997 26.850000000000005 0.046000000000000006 4021.0000000000005 -0.54999999999999705 2.87629711283981 2.2500000000000004 2.5135347543163999 60.050000000000004
decision_type=2 2 2 2 2 2 2 2 2
left_child=3 -2 4 6 8 -6 7 -1 -3
right_child=1 2 -4 -5 5 -7 -8 -9 -10
leaf_value=0.028515892305423486 0.056248367098857638 -0.023199551559382425 -0.077216756678689907 0.082867185153658637 -0.021111432120535976 0.035377788140266909 0.056240757600123155 -0.012839009459315289 -0.058646401533744945
leaf_weight=69 49 70 57 47 82 58 59 55 63
leaf_count=69 49 70 57 47 82 58 59 55 63
internal_value=0.00300707 -0.017528 -0.0284827 0.0368453 -0.0183074 0.00229122 0.0250254 0.010173 -0.0399902
internal_weight=609 379 330 230 273 140 183 124 133
internal_count=609 379 330 230 273 140 183 124 133
is_linear=0
shrinkage=0.0478216


Tree=25
num_leaves=10
num_cat=0
split_feature=0 2 5 3 4 0 2 3 6
split_gain=179.158 75.1564 71.7675 92.9475 63.3313 50.3901 45.5891 28.4084 8.243
threshold=52.650000000000013 15.149999999999997 0.057000000000000002 0.85226249403558707 0.5969655492110445 33.850000000000001 18.500000000000007 1.0000000180025095e-35 10.450000000000001
decision_type=2 2 2 2 2 2 2 2 2
left_child=4 -2 3 6 -1 -6 -3 -7 -8
right_child=1 2 -4 -5 5 7 8 -9 -10
leaf_value=0.078660428374562996 0.022284237593664619 0.0015910268317289034 -0.081341500373772135 0.043143950159603879 0.058120342438395485 0.025882791615226525 -0.031496438889668292 -0.025374994237062552 -0.055269199233299149
leaf_weight=62 89 66 48 47 55 51 53 48 90
leaf_count=62 89 66 48 47 55 51 53 48 90
internal_value=0.00286327 -0.016366 -0.0276814 -0.0176202 0.03785 0.0214198 -0.0312848 0.0010305 -0.0464583
internal_weight=609 393 304 256 216 154 209 99 143
internal_count=609 393 304 256 216 154 209 99 143
is_linear=0
shrinkage=0.0478216


Tree=26
num_leaves=10
num_cat=0
split_feature=0 1 0 2 5 3 2 0 3
split_gain=162.432 109.86 71.8114 68.1401 65.2869 61.7775 54.6774 19.5264 9.94947
threshold=52.650000000000013 31.650000000000002 33.850000000000001 15.149999999999997 0.046000000000000006 0.84313847884979054 18.750000000000007 40.250000000000007 -0.57078386445773377
decision_type=2 2 2 2 2 2 2 2 2
left_child=1 2 -1 -2 5 6 -5 -4 -8
right_child=3 -3 7 4 -6 -7 8 -9 -10
leaf_value=0.057923868564231366 0.021218568891824892 0.090404739407188878 0.01035488873085692 0.0074732884703002005 -0.074041824168903467 0.033346855048674892 -0.032966727396876463 -0.032175784987455498 -0.058989746891172395
leaf_weight=56 89 61 52 68 54 47 72 47 63
leaf_count=56 89 61 52 68 54 47 72 47 63
internal_value=0.00272634 0.0360399 0.0146447 -0.0155834 -0.0263577 -0.0160579 -0.0274964 -0.00983641 -0.0451108
internal_weight=609 216 155 393 304 250 203 99 135
internal_count=609 216 155 393 304 250 203 99 135
is_linear=0
shrinkage=0.0478216


Tree=27
num_leaves=11
num_cat=0
split_feature=0 5 2 2 1 1 0 7 12 10
split_gain=147.735 62.1896 52.6733 47.0534 42.3941 38.9957 37.2614 33.5537 26.1123 10.3879
threshold=62.45000000000001 0.23650000000000002 17.650000000000006 13.199999999999996 30.750000000000004 24.500000000000004 55.350000000000001 4187.0000000000009 -1.660714285714284 0.1500000000000021
decision_type=2 2 2 2 2 2 2 2 2 2
left_child=1 3 7 4 -1 -5 -7 -2 -4 -10
right_child=2 -3 8 5 -6 6 -8 -9 9 -11
leaf_value=0.03000644570542476 -0.023595632069084025 -0.023206254839350855 -0.061408685592301983 0.055297036205258304 0.092597526556848789 -0.021124183187781417 0.033767803885583432 0.031203054962029343 -0.036234762200515053 -0.0092924858847933667
leaf_weight=50 47 50 63 48 49 62 52 56 72 60
leaf_count=50 47 50 63 48 49 62 52 56 72 60
internal_value=0.00259597 0.025652 -0.0214659 0.0350118 0.0609859 0.0191388 0.00391424 0.0061978 -0.036078 -0.0239883
internal_weight=609 311 298 261 99 162 114 103 195 132
internal_count=609 311 298 261 99 162 114 103 195 132
is_linear=0
shrinkage=0.0478216


Tree=28
num_leaves=10
num_cat=0
split_feature=2 1 7 5 3 13 5 2 3
split_gain=151.584 99.6383 67.2452 48.6097 64.1674 28.1395 32.2782 15.8844 10.7365
threshold=15.149999999999997 29.150000000000002 4037.5000000000005 0.046000000000000006 0.88621069759564464 2.2846277155507786 0.030000000000000002 18.750000000000007 -0.48314718476766416
decision_type=2 2 2 2 2 2 2 2 2
left_child=2 -2 5 4 7 -1 -7 -3 -9
right_child=1 3 -4 -5 -6 6 -8 8 -10
leaf_value=0.035627414279953168 0.042807436941033637 -0.015559839783455815 0.078545129785913631 -0.07268841738184359 0.027346631365500678 0.025723930692497801 -0.027092048820002969 -0.03192510081981649 -0.058586335773226958
leaf_weight=82 47 68 47 55 47 51 55 78 62
leaf_count=82 47 68 47 55 47 51 55 78 62
internal_value=-0.00244303 -0.0220762 0.0273827 -0.0319134 -0.0231188 0.0145921 -0.00168055 -0.0345221 -0.0437322
internal_weight=592 357 235 310 255 188 106 208 140
internal_count=592 357 235 310 255 188 106 208 140
is_linear=0
shrinkage=0.0478216


Tree=29
num_leaves=10
num_cat=0
split_feature=2 1 7 9 13 5 11 7 12
split_gain=137.433 90.3365 60.9674 55.711 25.5125 29.2648 20.4736 18.4475 17.6281
threshold=15.149999999999997 29.150000000000002 4037.5000000000005 -0.24999999999999992 2.2846277155507786 0.030000000000000002 0.23571428571428596 5999.0000000000009 1.2857142857142858
decision_type=2 2 2 2 2 2 2 2 2
left_child=2 -2 4 7 -1 -6 -5 -3 -8
right_child=1 3 -4 6 5 -7 8 -9 -10
leaf_value=0.033923653583097929 0.040760316380090658 -0.065952211102135727 0.074788973399238123 0.014437569852276962 0.02449377037008171 -0.025796463365206156 -0.043939015153907239 -0.032994505796149626 -0.0040551244752323884
leaf_weight=82 47 83 47 52 51 55 47 73 55
leaf_count=82 47 83 47 52 51 55 47 73 55
internal_value=-0.0023262 -0.0210205 0.0260732 -0.0303873 0.0138942 -0.00160019 -0.00998319 -0.0505297 -0.022433
internal_weight=592 357 235 310 188 106 154 156 102
internal_count=592 357 235 310 188 106 154 156 102
is_linear=0
shrinkage=0.0478216


Tree=30
num_leaves=9
num_cat=0
split_feature=2 1 7 9 8 2 2 7
split_gain=124.603 81.903 55.2757 50.7398 27.0028 23.3033 23.0433 15.07
threshold=15.149999999999997 29.150000000000002 4037.5000000000005 -0.59999999999999776 0.12850000000000003 9.4000000000000039 12.350000000000003 5999.0000000000009
decision_type=2 2 2 2 2 2 2 2
left_child=2 -2 5 7 -5 -1 -7 -3
right_child=1 3 -4 4 -6 6 -8 -9
leaf_value=0.031370545465612527 0.03881109029804327 -0.063983301671918541 0.071212441793850167 -0.028492699050257392 0.010458851597859316 -0.024569814467805901 0.021134561639185652 -0.033208919721248446
leaf_weight=87 47 77 47 89 75 52 49 69
leaf_count=87 47 77 47 89 75 52 49 69
internal_value=-0.00221495 -0.0200153 0.0248263 -0.0289341 -0.0106795 0.0132298 -0.00239637 -0.0494393
internal_weight=592 357 235 310 164 188 101 146
internal_count=592 357 235 310 164 188 101 146
is_linear=0
shrinkage=0.0478216


Tree=31
num_leaves=10
num_cat=0
split_feature=2 1 7 5 3 13 5 10 2
split_gain=112.97 74.2568 50.1154 43.5897 56.3477 22.9936 26.5838 20.6647 20.1385
threshold=15.149999999999997 29.150000000000002 4037.5000000000005 0.046000000000000006 0.88621069759564464 2.2846277155507786 0.030000000000000002 -2.3499999999999974 22.050000000000001
decision_type=2 2 2 2 2 2 2 2 2
left_child=2 -2 5 4 7 -1 -7 -3 -9
right_child=1 3 -4 -5 -6 6 -8 8 -10
leaf_value=0.031612056448131844 0.036955080669876232 -0.052775797534902656 0.067806946680915706 -0.06616260997766088 0.02806832583449061 0.022757493446435732 -0.025173858952517173 -0.0041307982856681452 -0.040022203182443206
leaf_weight=82 47 63 47 55 47 51 55 81 64
leaf_count=82 47 63 47 55 47 51 55 81 64
internal_value=-0.00210903 -0.0190581 0.0236391 -0.0275504 -0.0192223 0.0125971 -0.00211252 -0.0299082 -0.0199725
internal_weight=592 357 235 310 255 188 106 208 145
internal_count=592 357 235 310 255 188 106 208 145
is_linear=0
shrinkage=0.0478216


Tree=32
num_leaves=10
num_cat=0
split_feature=0 6 2 5 6 10 3 3 4
split_gain=73.5807 70.2138 49.4547 60.0732 101.599 23.9405 17.7948 12.5151 11.7829
threshold=80.250000000000014 7.9500000000000011 9.1500000000000004 0.022000000000000002 14.550000000000002 0.1500000000000021 0.63920241694561786 0.67802080537253961 -0.87810534180523914
decision_type=2 2 2 2 2 2 2 2 2
left_child=1 -1 -3 4 5 -4 -5 -7 -2
right_child=8 2 3 6 -6 7 -8 -9 -10
leaf_value=0.062625243344151593 -0.045695874390267247 0.03688045867536547 -0.033469736855914672 -0.018253937065769443 0.055516806650970814 0.016835149531348629 -0.05867292176395434 -0.015684364212289931 -0.017283643352000277
leaf_weight=48 71 75 73 53 70 59 47 50 63
leaf_count=48 71 75 73 53 70 59 47 50 63
internal_value=-0.00104167 0.00778715 0.00162268 -0.00588963 0.00655531 -0.012276 -0.0372509 0.00191791 -0.0323379
internal_weight=609 475 427 352 252 182 100 109 134
internal_count=609 475 427 352 252 182 100 109 134
is_linear=0
shrinkage=0.0478216


Tree=33
num_leaves=9
num_cat=0
split_feature=2 10 6 10 13 10 1 13
split_gain=65.4957 46.2964 41.3588 48.8229 32.9502 27.1791 23.5321 22.8941
threshold=15.950000000000001 0.1500000000000021 15.65 2.7500000000000004 2.6244273610720299 -1.0499999999999969 60.300000000000004 2.5487622488970754
decision_type=2 2 2 2 2 2 2 2
left_child=2 5 3 7 -3 6 -2 -1
right_child=1 4 -4 -5 -6 -7 -8 -9
leaf_value=0.0066604818878493498 -0.001873587707019951 -0.019129435969927833 0.04991767927135711 0.043216488648325994 0.023336369777334769 -0.060811052790104285 -0.0427560808697156 -0.03331852465650393
leaf_weight=81 74 78 66 57 90 51 57 55
leaf_count=81 74 78 66 57 90 51 57 55
internal_value=-0.000991858 -0.0144827 0.017239 0.00606383 0.00362008 -0.0311929 -0.0196622 -0.00950747
internal_weight=609 350 259 193 168 182 131 136
internal_count=609 350 259 193 168 182 131 136
is_linear=0
shrinkage=0.0478216


Tree=34
num_leaves=10
num_cat=0
split_feature=0 6 2 5 6 13 8 8 13
split_gain=61.3831 64.3026 43.229 54.5552 88.9031 21.666 18.0235 28.0486 14.1972
threshold=80.250000000000014 7.9500000000000011 9.1500000000000004 0.022000000000000002 14.550000000000002 2.6073157150784838 0.062500000000000014 0.14250000000000002 2.2529754626037035
decision_type=2 2 2 2 2 2 2 2 2
left_child=1 -1 -3 4 6 -5 -4 -8 -2
right_child=8 2 3 5 -6 -7 7 -9 -10
leaf_value=0.05959843558221415 -0.013004484038831421 0.034184130102629384 0.011014195665231716 -0.013430130124317213 0.051856664029761253 -0.057949027271921756 -0.040197798348892255 0.0057695044234289325 -0.044191895291309242
leaf_weight=48 63 75 56 50 70 50 75 51 71
leaf_count=48 63 75 56 50 70 50 75 51 71
internal_value=-0.000944426 0.00711948 0.00122019 -0.00580336 0.00605625 -0.0356896 -0.0115593 -0.021592 -0.0295292
internal_weight=609 475 427 352 252 100 182 126 134
internal_count=609 475 427 352 252 100 182 126 134
is_linear=0
shrinkage=0.0478216


Tree=35
num_leaves=10
num_cat=0
split_feature=0 6 5 6 10 11 4 7 13
split_gain=55.6526 58.2995 40.3897 68.6845 32.9847 30.0246 27.0335 23.6994 12.8718
threshold=80.250000000000014 7.9500000000000011 0.24900000000000003 14.550000000000002 0.95000000000000295 0.17857142857142858 0.31595530242620651 3111.0000000000005 2.2529754626037035
decision_type=2 2 2 2 2 2 2 2 2
left_child=1 -1 3 4 5 -3 -5 -6 -2
right_child=8 2 -4 6 7 -7 -8 -9 -10
leaf_value=0.056748340618028734 -0.012382588899697271 -0.0023708291820070042 -0.031771934373229886 0.065312287221822821 0.036676279141286176 -0.049587956726233007 0.018579207671924912 -0.0072244334220175873 -0.0420785666763124
leaf_weight=48 63 67 71 48 49 57 69 66 71
leaf_count=48 63 67 71 48 49 57 69 66 71
internal_value=-0.000899262 0.00677901 0.00116184 0.00773011 -0.00696668 -0.0240755 0.0377518 0.0114811 -0.0281171
internal_weight=609 475 427 356 239 124 117 115 134
internal_count=609 475 427 356 239 124 117 115 134
is_linear=0
shrinkage=0.0478216


Tree=36
num_leaves=9
num_cat=0
split_feature=9 12 0 6 5 2 0 0
split_gain=109.657 75.4117 49.0561 51.1641 43.8465 31.998 28.5059 18.9769
threshold=-1.8500000000000012 2.5785714285714292 71.15000000000002 10.550000000000002 1.0000000180025095e-35 17.650000000000006 47.250000000000007 77.65000000000002
decision_type=2 2 2 2 2 2 2 2
left_child=5 2 3 -2 6 -1 -5 -4
right_child=1 -3 7 4 -6 -7 -8 -9
leaf_value=-0.011357778037849453 0.046426666316381593 0.060870076412629703 -0.044652317939879373 0.044480640359549656 -0.029302361040146181 -0.055378017047747946 -0.0028690470348625582 -0.0053682423744181827
leaf_weight=70 83 62 49 54 68 82 63 66
leaf_count=70 83 62 49 54 68 82 63 66
internal_value=-3.73772e-05 0.011941 0.00402031 0.0152315 0.00123588 -0.0351056 0.0189846 -0.0221067
internal_weight=597 445 383 268 185 152 117 115
internal_count=597 445 383 268 185 152 117 115
is_linear=0
shrinkage=0.0478216


Tree=37
num_leaves=10
num_cat=0
split_feature=9 12 2 5 1 2 3 7 13
split_gain=99.4196 68.3715 40.743 33.4732 30.9593 29.0108 20.2031 17.7908 10.0865
threshold=-1.8500000000000012 2.5785714285714292 24.750000000000007 0.24900000000000003 59.550000000000004 17.650000000000006 0.49812943072827087 3017.0000000000005 2.1222736987569957
decision_type=2 2 2 2 2 2 2 2 2
left_child=5 2 3 4 6 -1 7 8 -2
right_child=1 -3 -4 -5 -6 -7 -8 -9 -10
leaf_value=-0.010814630424254779 0.040809886553271064 0.057959169932458997 -0.037377250206197525 -0.027687365248228242 -0.018788991430687085 -0.052729749860762135 0.041483380012659055 -0.0089477626883553291 0.0099533079326913129
leaf_weight=70 47 62 48 47 49 82 86 56 50
leaf_count=70 47 62 48 47 49 82 86 56 50
internal_value=-3.559e-05 0.0113699 0.00382805 0.00973211 0.0158388 -0.0334268 0.0229382 0.0125141 0.0249045
internal_weight=597 445 383 335 288 152 239 153 97
internal_count=597 445 383 335 288 152 239 153 97
is_linear=0
shrinkage=0.0478216


Tree=38
num_leaves=10
num_cat=0
split_feature=9 12 6 3 5 4 11 13 8
split_gain=90.1382 61.9886 33.7107 32.7923 28.1871 45.693 35.4965 22.3601 12.3982
threshold=-1.8500000000000012 2.5785714285714292 10.450000000000001 -0.21861968191509912 0.17149999999999996 0.24164313636530541 0.17857142857142858 2.465475583424166 0.05050000000000001
decision_type=2 2 2 2 2 2 2 2 2
left_child=7 2 3 -2 5 6 -4 -1 -7
right_child=1 -3 4 -5 -6 8 -8 -9 -10
leaf_value=-0.011711617446264925 -0.0013860591137660025 0.055187467849811878 0.0052617753582516356 0.049294791404002586 -0.037727044871377999 0.041944424416341476 -0.050472134542329475 -0.048551648605382212 0.0094894309793976724
leaf_weight=69 56 62 56 61 51 47 49 83 63
leaf_count=69 56 62 56 61 51 47 49 83 63
internal_value=-3.38884e-05 0.0108262 0.00364499 0.0250373 -0.00576438 0.00181744 -0.0207474 -0.0318282 0.0233566
internal_weight=597 445 383 117 266 215 105 152 110
internal_count=597 445 383 117 266 215 105 152 110
is_linear=0
shrinkage=0.0478216


Tree=39
num_leaves=9
num_cat=0
split_feature=12 0 5 11 13 0 1 7
split_gain=82.1784 57.5907 41.2042 27.4232 25.1982 23.5615 21.5774 19.946
threshold=2.5785714285714292 71.15000000000002 0.24900000000000003 0.37142857142857116 1.6922090015248883 37.550000000000004 31.750000000000004 5939.5000000000009
decision_type=2 2 2 2 2 2 2 2
left_child=1 2 3 -1 -3 -5 -7 -6
right_child=-2 4 -4 5 7 6 -8 -9
leaf_value=0.039143409314504371 0.050293600564925128 0.0035085025858816975 -0.031396835072459245 0.032576984041212467 -0.052382823520342389 -0.02904680597949387 0.0096991963804189466 -0.018781496985015758
leaf_weight=74 66 52 54 51 77 54 84 85
leaf_count=74 66 52 54 51 77 54 84 85
internal_value=-3.22675e-05 -0.00628747 0.00665241 0.0144648 -0.0254554 0.00480228 -0.00546226 -0.0347525
internal_weight=597 531 317 263 214 189 138 162
internal_count=597 531 317 263 214 189 138 162
is_linear=0
shrinkage=0.0478216


Tree=40
num_leaves=10
num_cat=0
split_feature=2 0 1 9 7 9 10 7 13
split_gain=66.8872 45.165 84.2761 41.6217 25.6829 23.4507 31.733 53.3364 9.1081
threshold=15.950000000000001 41.750000000000007 38.250000000000007 4.049999999999998 3554.5000000000005 -3.0499999999999967 1.6500000000000006 4681.5000000000009 2.1934423659607831
decision_type=2 2 2 2 2 2 2 2 2
left_child=1 -1 -3 5 -4 -2 7 -7 -9
right_child=3 2 4 -5 -6 6 -8 8 -10
leaf_value=-0.0097460999041080777 -0.049534367394911585 0.083705776034453894 -0.0046504438107729815 0.025303928338303472 0.038914249753388745 0.028316264870287586 -0.0398000615411018 -0.011494318946547521 -0.041266208682266166
leaf_weight=91 53 51 84 53 49 72 77 47 47
leaf_count=91 53 51 84 53 49 72 77 47 47
internal_value=0.000173812 0.0178118 0.0314411 -0.0137243 0.0113997 -0.0207125 -0.0144263 -0.00265647 -0.0263803
internal_weight=624 275 184 349 133 296 243 166 94
internal_count=624 275 184 349 133 296 243 166 94
is_linear=0
shrinkage=0.0478216


Tree=41
num_leaves=9
num_cat=0
split_feature=2 3 5 10 13 4 13 7
split_gain=60.6429 42.3049 38.2646 58.7468 42.7399 30.5933 29.5504 19.3116
threshold=15.950000000000001 0.8697513045430848 0.071500000000000008 -2.4000000000000017 2.7884967461788737 -0.57077231802681661 2.2846277155507786 5150.5000000000009
decision_type=2 2 2 2 2 2 2 2
left_child=1 5 3 -2 7 -1 -7 -5
right_child=2 -3 -4 4 -6 6 -8 -9
leaf_value=0.037346658232633716 -0.04463332856148531 0.053240247693637055 -0.048907735785576383 0.0041779603267630911 0.031074425157368107 0.015371275572353085 -0.025890193591817063 -0.032832079693777418
leaf_weight=57 69 58 57 76 91 87 73 56
leaf_count=57 69 58 57 76 91 87 73 56
internal_value=0.000165499 0.0169601 -0.013068 -0.0060719 0.00585965 0.00726302 -0.00345425 -0.0115232
internal_weight=624 275 349 292 223 217 160 132
internal_count=624 275 349 292 223 217 160 132
is_linear=0
shrinkage=0.0478216


Tree=42
num_leaves=11
num_cat=0
split_feature=2 3 9 4 13 5 2 13 1 13
split_gain=54.9815 38.3555 36.305 27.7372 26.7916 25.1765 28.8415 30.1345 20.5015 7.95267
threshold=15.950000000000001 0.8697513045430848 4.2500000000000009 -0.57077231802681661 2.2846277155507786 0.071500000000000008 20.150000000000006 2.540478933552667 58.550000000000004 2.3074411475818999
decision_type=2 2 2 2 2 2 2 2 2 2
left_child=1 3 5 -1 -5 6 7 -2 9 -8
right_child=2 -3 -4 4 -6 -7 8 -9 -10 -11
leaf_value=0.035560680283744046 -0.019750307548709541 0.050694212041439347 0.026180888986238181 0.014636196037107439 -0.024652082681498374 -0.049223724507241606 -0.026037869473442794 0.033330266618344914 -0.048393164519474299 0.0014960768889854027
leaf_weight=57 47 58 48 87 73 51 47 51 56 49
leaf_count=57 47 58 48 87 73 51 47 51 56 49
internal_value=0.000157584 0.016149 -0.0124431 0.0069157 -0.00328906 -0.0186024 -0.0123556 0.00787322 -0.025398 -0.011984
internal_weight=624 275 349 217 160 301 250 98 152 96
internal_count=624 275 349 217 160 301 250 98 152 96
is_linear=0
shrinkage=0.0478216


Tree=43
num_leaves=10
num_cat=0
split_feature=2 0 0 9 4 5 6 10 10
split_gain=49.8486 35.5881 53.1034 32.9157 32.7442 22.8261 39.5905 20.5223 15.0808
threshold=15.950000000000001 41.750000000000007 52.650000000000013 4.2500000000000009 -0.57077231802681661 0.071500000000000008 14.250000000000002 -1.7499999999999998 1.7500000000000002
decision_type=2 2 2 2 2 2 2 2 2
left_child=1 -1 -3 5 -4 6 7 -2 -9
right_child=3 2 4 -5 -6 -7 -8 8 -10
leaf_value=-0.0090856142816235462 -0.041746201694519758 0.061826461097612806 0.035222644646469001 0.024928876889055859 -0.015276167264059469 -0.046869764683086901 0.027274781172360853 0.0027228255624882425 -0.03080975050453684
leaf_weight=91 71 66 55 48 63 51 48 82 49
leaf_count=91 71 66 55 48 63 51 48 82 49
internal_value=0.000150048 0.0153767 0.027475 -0.011848 0.00826139 -0.0177128 -0.0117648 -0.0210415 -0.00981987
internal_weight=624 275 184 349 118 301 250 202 131
internal_count=624 275 184 349 118 301 250 202 131
is_linear=0
shrinkage=0.0478216


Tree=44
num_leaves=10
num_cat=0
split_feature=6 6 1 6 7 1 0 13 11
split_gain=53.9061 49.2217 60.3647 44.4696 42.7866 50.2014 38.587 25.7226 17.5218
threshold=7.7500000000000009 12.65 30.650000000000002 10.450000000000001 2478.0000000000005 57.150000000000013 71.40000000000002 2.7430844053125694 0.38571428571428695
decision_type=2 2 2 2 2 2 2 2 2
left_child=-1 2 -2 6 -3 7 -4 -6 -5
right_child=1 4 3 8 5 -7 -8 -9 -10
leaf_value=0.043748086580538248 -0.066360657282548433 -0.020325845328563023 0.043957742508405361 -0.013741014156293039 0.015442329149043098 -0.015763377093860848 -0.013250809853249817 0.057284391538517027 -0.04889698834228056
leaf_weight=57 50 77 52 89 63 57 56 72 51
leaf_count=57 50 77 52 89 63 57 56 72 51
internal_value=-0.000582683 -0.00503922 -0.0184261 -0.00876187 0.00979084 0.0218689 0.014294 0.0377581 -0.0265479
internal_weight=624 567 298 248 269 192 108 135 140
internal_count=624 567 298 248 269 192 108 135 140
is_linear=0
shrinkage=0.0478216


Tree=45
num_leaves=10
num_cat=0
split_feature=6 6 1 6 2 0 3 9 11
split_gain=48.8737 44.6266 54.7292 40.318 35.8217 34.9847 34.2412 20.6903 15.8861
threshold=7.7500000000000009 12.65 30.650000000000002 10.450000000000001 21.849999999999998 71.40000000000002 0.91248814248966259 0.95000000000000295 0.38571428571428695
decision_type=2 2 2 2 2 2 2 2 2
left_child=-1 2 -2 5 6 -4 7 -3 -5
right_child=1 4 3 8 -6 -7 -8 -9 -10
leaf_value=0.041655982223865282 -0.063187181262991318 -0.0065391511268387244 0.041855612030223047 -0.013083896318435722 -0.022233543316168617 -0.012617134595155953 0.054833718626118119 0.028329141690937722 -0.046558654341708347
leaf_weight=57 50 91 52 89 63 56 47 68 51
leaf_count=57 50 91 52 89 63 56 47 68 51
internal_value=-0.000554819 -0.00479824 -0.0175449 -0.00834286 0.00932263 0.0136105 0.0189733 0.00837305 -0.0252783
internal_weight=624 567 298 248 269 108 206 159 140
internal_count=624 567 298 248 269 108 206 159 140
is_linear=0
shrinkage=0.0478216


Tree=46
num_leaves=11
num_cat=0
split_feature=6 6 1 6 0 5 11 3 11 12
split_gain=44.311 40.4604 49.6199 36.5541 31.7186 30.3811 58.9917 19.9919 14.403 6.47023
threshold=7.7500000000000009 12.65 30.650000000000002 10.450000000000001 71.40000000000002 0.25850000000000006 -0.70000000000000173 0.91248814248966259 0.38571428571428695 1.2857142857142858
decision_type=2 2 2 2 2 2 2 2 2 2
left_child=-1 2 -2 4 -4 6 -3 9 -5 -8
right_child=1 5 3 8 -6 -7 7 -9 -10 -11
leaf_value=0.039663924434479698 -0.060165467017619025 -0.029199774152264768 0.039854008008960912 -0.012458203006663986 -0.012013762355181312 -0.025176772155623774 0.028971995353861992 0.052385076143396984 -0.044332143168665107 0.0058569012585865483
leaf_weight=57 50 50 52 89 56 49 58 59 51 53
leaf_count=57 50 50 52 89 56 49 58 59 51 53
internal_value=-0.000528287 -0.00456878 -0.0167059 -0.00794389 0.0129596 0.0088768 0.0164615 0.0298913 -0.0240694 0.0179351
internal_weight=624 567 298 248 108 269 220 170 140 111
internal_count=624 567 298 248 108 269 220 170 140 111
is_linear=0
shrinkage=0.0478216


Tree=47
num_leaves=10
num_cat=0
split_feature=6 6 1 7 4 6 0 0 8
split_gain=40.1743 36.6832 44.9876 37.9004 47.193 33.1415 28.7813 16.7222 14.1551
threshold=7.7500000000000009 12.65 30.650000000000002 2478.0000000000005 -0.40613878790836588 10.450000000000001 70.550000000000011 47.900000000000006 0.10350000000000001
decision_type=2 2 2 2 2 2 2 2 2
left_child=-1 2 -2 -3 -5 6 -4 -6 -7
right_child=1 3 5 4 7 8 -8 -9 -10
leaf_value=0.037767131118018223 -0.057288255522061328 -0.019892598342934213 0.03892850819564523 -0.012564123744136462 0.059331108133221649 -0.001866453897098145 -0.010581390036921885 0.023367606121472127 -0.033902001758623145
leaf_weight=57 50 77 50 67 48 48 58 77 92
leaf_count=57 50 77 50 67 48 48 58 77 92
internal_value=-0.000503023 -0.00435029 -0.015907 0.0084523 0.0198198 -0.007564 0.0123398 0.0371776 -0.0229184
internal_weight=624 567 298 269 192 248 108 125 140
internal_count=624 567 298 269 192 248 108 125 140
is_linear=0
shrinkage=0.0478216


Tree=48
num_leaves=10
num_cat=0
split_feature=9 2 4 3 5 10 3 2 8
split_gain=52.6971 41.1332 38.743 31.7597 23.696 37.3268 32.7105 18.3338 3.89727
threshold=5.3500000000000023 8.3499999999999996 0.50370931781787065 0.022575936829235404 0.059500000000000004 -2.8499999999999974 -0.23537230790205757 17.950000000000006 0.15350000000000003
decision_type=2 2 2 2 2 2 2 2 2
left_child=1 -1 4 -4 5 -3 8 -8 -7
right_child=-2 2 3 -5 -6 6 7 -9 -10
leaf_value=0.030424969484264121 0.047115299950785422 -0.044150553317145853 0.033969797541148865 -0.0094335054720530529 -0.043167636830552476 -0.032095633331472917 0.038669046321158383 -0.0010727892130494498 -0.012620767165412241
leaf_weight=69 50 62 72 83 69 47 47 61 47
leaf_count=69 50 62 72 83 69 47 47 61 47
internal_value=8.62522e-05 -0.00413538 -0.00902199 0.010728 -0.0182149 -0.0116932 -0.00173104 0.0162222 -0.0223582
internal_weight=607 557 488 155 333 264 202 108 94
internal_count=607 557 488 155 333 264 202 108 94
is_linear=0
shrinkage=0.0478216


Tree=49
num_leaves=11
num_cat=0
split_feature=9 0 2 12 1 1 10 8 13 9
split_gain=47.7775 37.7844 28.8974 51.7723 39.2609 74.3441 26.4916 27.1367 21.7786 10.1611
threshold=5.3500000000000023 33.850000000000001 8.3499999999999996 2.1749999999999998 38.250000000000007 31.750000000000004 -2.8499999999999974 0.12250000000000001 2.8191088565021789 -1.5499999999999969
decision_type=2 2 2 2 2 2 2 2 2 2
left_child=1 -1 -3 4 5 -4 -6 -8 9 -9
right_child=-2 2 3 -5 6 -7 7 8 -10 -11
leaf_value=0.033691457160289484 0.04486217019355971 0.024649196123881171 -0.016975150138317283 -0.059563897213048257 -0.041378988863690597 0.06015687098515872 -0.033693315258554041 -0.024570222606828639 0.030471862523867979 0.005640336541737543
leaf_weight=55 50 55 65 47 71 51 64 49 47 53
leaf_count=55 50 55 65 47 71 51 64 49 47 53
internal_value=8.21269e-05 -0.00393762 -0.00806033 -0.012085 -0.00650623 0.0169363 -0.0160814 -0.0076488 0.00353808 -0.00887255
internal_weight=607 557 502 447 400 116 284 213 149 102
internal_count=607 557 502 447 400 116 284 213 149 102
is_linear=0
shrinkage=0.0478216


Tree=50
num_leaves=10
num_cat=0
split_feature=9 2 4 12 5 10 2 8 10
split_gain=43.3172 34.0686 32.2654 52.8463 20.6395 31.477 31.1348 18.1552 5.27664
threshold=5.3500000000000023 8.3499999999999996 0.50370931781787065 1.7607142857142859 0.059500000000000004 -2.8499999999999974 17.650000000000006 0.15350000000000003 0.75000000000000011
decision_type=2 2 2 2 2 2 2 2 2
left_child=1 -1 4 8 5 -3 -7 -8 -4
right_child=-2 2 3 -5 -6 6 7 -9 -10
leaf_value=0.027703496618053092 0.042716787245064433 -0.040304932830963904 0.020990576041453074 -0.024835921195436553 -0.039873723033532808 0.024714935107052995 -0.038007339399253534 -0.0013793327303808548 0.043651269556530127
leaf_weight=69 50 62 47 61 69 69 49 84 47
leaf_count=69 50 62 47 61 69 69 49 84 47
internal_value=7.81993e-05 -0.00374932 -0.00819654 0.00982694 -0.0165859 -0.0104993 -0.00135096 -0.0148739 0.032321
internal_weight=607 557 488 155 333 264 202 133 94
internal_count=607 557 488 155 333 264 202 133 94
is_linear=0
shrinkage=0.0478216


Tree=51
num_leaves=10
num_cat=0
split_feature=0 9 11 3 1 10 3 10 7
split_gain=39.3599 50.4736 32.2185 31.8819 17.9967 17.8522 23.0219 26.0607 25.4468
threshold=59.850000000000009 3.7500000000000004 0.42857142857142944 0.039769539193789956 30.650000000000002 -3.4000000000000017 -0.94139628442229051 -1.2000000000000008 5939.5000000000009
decision_type=2 2 2 2 2 2 2 2 2
left_child=1 2 -1 -4 -5 -2 -7 -8 -9
right_child=5 -3 3 4 -6 6 7 8 -10
leaf_value=0.035922650526332457 -0.034389436211960868 0.046262532063058852 0.018026058740658057 -0.045377578739264214 -0.0057649141455886049 -0.035006213492733515 0.022686732819278597 -0.032438040004703281 0.011030623005967339
leaf_weight=47 63 76 63 51 54 50 79 67 57
leaf_count=47 63 76 63 51 54 50 79 67 57
internal_value=7.44595e-05 0.0127643 0.000922981 -0.00886857 -0.0250054 -0.0116114 -0.00593936 0.00121994 -0.0124564
internal_weight=607 291 215 168 105 316 253 203 124
internal_count=607 291 215 168 105 316 253 203 124
is_linear=0
shrinkage=0.0478216


Tree=52
num_leaves=10
num_cat=0
split_feature=2 9 0 7 11 13 10 10 1
split_gain=78.5536 42.3843 46.9985 30.989 29.8733 27.5036 21.9155 22.0461 12.669
threshold=15.149999999999997 3.0499999999999976 55.600000000000009 4037.5000000000005 -0.70000000000000173 2.6880212961284049 2.2500000000000004 -0.90000000000000202 60.050000000000004
decision_type=2 2 2 2 2 2 2 2 2
left_child=3 2 -2 6 8 -6 7 -1 -4
right_child=1 -3 4 -5 5 -7 -8 -9 -10
leaf_value=0.027124197331465469 -0.058408400926125807 0.02133421699208336 -0.0064213590142174143 0.058053638676894434 -0.014470990062882379 0.036239555603471828 0.037055708367361724 -0.012951245070978994 -0.035975298261719836
leaf_weight=53 58 71 54 47 51 47 67 77 86
leaf_count=53 58 71 54 47 51 47 67 77 86
internal_value=0.00213296 -0.0118484 -0.0198077 0.0231623 -0.0104008 0.00984934 0.0148379 0.00338718 -0.0245759
internal_weight=611 367 296 244 238 98 197 130 140
internal_count=611 367 296 244 238 98 197 130 140
is_linear=0
shrinkage=0.0478216


Tree=53
num_leaves=10
num_cat=0
split_feature=2 5 3 6 10 10 9 12 12
split_gain=71.2201 55.1779 50.0243 29.3735 21.8519 30.5331 21.1203 11.7111 18.6249
threshold=15.149999999999997 0.071500000000000008 0.88621069759564464 15.65 2.2500000000000004 -0.90000000000000202 2.4000000000000026 -0.65714285714285581 -1.6928571428571426
decision_type=2 2 2 2 2 2 2 2 2
left_child=3 2 6 4 5 -1 7 8 -2
right_child=1 -3 -4 -5 -6 -7 -8 -9 -10
leaf_value=0.025938783552302662 -0.026422737921797029 -0.05641546264649034 0.038694063280899381 0.051767836530702965 0.036253198731949453 -0.021368997142929193 0.014684242061957989 -0.033197907819786814 0.010578201331608032
leaf_weight=60 70 53 53 58 61 65 53 82 56
leaf_count=60 70 53 53 58 61 65 53 82 56
internal_value=0.00203096 -0.0112818 -0.00366364 0.0220546 0.0127892 0.00133871 -0.012265 -0.0191319 -0.00997785
internal_weight=611 367 314 244 186 125 261 208 126
internal_count=611 367 314 244 186 125 261 208 126
is_linear=0
shrinkage=0.0478216


Tree=54
num_leaves=11
num_cat=0
split_feature=9 6 5 6 8 3 1 10 1 1
split_gain=60.3567 33.7552 24.2924 49.3783 31.4775 31.0709 24.7394 17.7686 19.1519 3.8883
threshold=5.3500000000000023 7.9500000000000011 0.24900000000000003 15.250000000000002 0.040500000000000008 0.3261394409934788 34.750000000000007 -1.6499999999999984 49.350000000000001 63.650000000000013
decision_type=2 2 2 2 2 2 2 2 2 2
left_child=1 -1 3 4 -3 -5 -6 9 -9 -8
right_child=-2 2 -4 5 6 -7 7 8 -10 -11
leaf_value=0.032380401290183373 0.052836071439404449 0.022744104419736972 -0.031956652218072888 0.00068257579197079877 -0.046899627395132787 0.055383461512135912 -0.016690328841135332 -0.020984310158759116 0.016270318966036493 -0.035584236964158494
leaf_weight=57 49 54 73 47 52 48 53 53 78 47
leaf_count=57 49 54 73 47 52 48 53 53 78 47
internal_value=0.00193383 -0.00250425 -0.00644174 -0.00213018 -0.0107143 0.028321 -0.0170986 -0.0103902 0.00119781 -0.0255705
internal_weight=611 562 505 432 337 95 283 231 131 100
internal_count=611 562 505 432 337 95 283 231 131 100
is_linear=0
shrinkage=0.0478216


Tree=55
num_leaves=10
num_cat=0
split_feature=2 5 3 7 12 3 10 10 2
split_gain=64.0631 49.2762 44.6912 26.9296 18.0093 44.8398 17.7299 18.4201 13.9252
threshold=15.149999999999997 0.071500000000000008 0.88621069759564464 4037.5000000000005 1.2750000000000001 0.14250626876356548 2.2500000000000004 -0.90000000000000202 21.399999999999999
decision_type=2 2 2 2 2 2 2 2 2
left_child=3 2 4 6 5 8 7 -1 -2
right_child=1 -3 -4 -5 -6 -7 -8 -9 -10
leaf_value=0.024470231693212448 -0.0059463775659954875 -0.053436497722623891 0.036450615086385002 0.053358167905832282 -0.038520210494312895 0.033305827731762702 0.033056106053076247 -0.012161615721055442 -0.034184027220778339
leaf_weight=53 93 53 53 47 47 51 67 77 70
leaf_count=53 93 53 53 47 47 51 67 77 70
internal_value=0.00184136 -0.0107847 -0.00358556 0.0208323 -0.0117155 -0.00582849 0.0130723 0.00277288 -0.018073
internal_weight=611 367 314 244 261 214 197 130 163
internal_count=611 367 314 244 261 214 197 130 163
is_linear=0
shrinkage=0.0478216


Tree=56
num_leaves=10
num_cat=0
split_feature=3 13 1 1 2 11 11 2 6
split_gain=41.8942 37.0234 31.0794 26.3489 23.9726 27.8207 23.5311 10.4518 8.94946
threshold=0.77244481603295057 1.499913810042844 42.95000000000001 35.250000000000007 21.550000000000001 1.4642857142857146 -1.4357142857142851 24.550000000000001 12.350000000000003
decision_type=2 2 2 2 2 2 2 2 2
left_child=1 -1 3 -2 5 6 -3 -6 -8
right_child=2 4 -4 -5 7 -7 8 -9 -10
leaf_value=0.023367105721659575 0.027652859520201294 -0.01867836390564017 0.049285540921506804 -0.0204357609298568 -0.049444745058429163 -0.028069878969990126 0.006041760412823817 -0.018353756965918313 0.032303909848322328
leaf_weight=76 57 66 58 48 48 89 73 51 50
leaf_count=76 57 66 58 48 48 89 73 51 50
internal_value=0.00039873 -0.0070822 0.0211893 0.00566946 -0.0132205 -0.00602426 0.00435699 -0.0334282 0.0167175
internal_weight=616 453 163 105 377 278 189 99 123
internal_count=616 453 163 105 377 278 189 99 123
is_linear=0
shrinkage=0.0478216


Tree=57
num_leaves=10
num_cat=0
split_feature=3 12 12 2 8 4 1 3 11
split_gain=38.5135 56.1356 51.4555 24.0886 29.2451 17.1974 13.1955 14.1996 11.4279
threshold=0.43733377705052545 0.77142857142857169 1.553571428571429 18.850000000000001 0.070500000000000021 0.1912658715651234 61.400000000000006 -0.82415615971448097 1.7428571428571435
decision_type=2 2 2 2 2 2 2 2 2
left_child=3 -2 -3 4 8 -4 7 -5 -1
right_child=1 2 5 6 -6 -7 -8 -9 -10
leaf_value=-0.0032795102416185639 0.053390615489337885 -0.031727269653786506 0.039359737933003569 -0.032713064050688703 0.0208876396393359 0.0033730389146642737 -0.044971582585349695 0.0042659055604911799 -0.032936385365722541
leaf_weight=78 64 68 57 48 92 65 49 47 48
leaf_count=78 64 68 57 48 92 65 49 47 48
internal_value=0.000379662 0.0146547 0.00160683 -0.00963654 0.000389485 0.0201865 -0.0248148 -0.0144182 -0.0145774
internal_weight=616 254 190 362 218 122 144 95 126
internal_count=616 254 190 362 218 122 144 95 126
is_linear=0
shrinkage=0.0478216


Tree=58
num_leaves=10
num_cat=0
split_feature=3 13 6 6 5 12 11 12 7
split_gain=35.2449 33.0927 30.4795 27.8572 20.2729 25.3838 55.589 19.9836 6.94407
threshold=0.77244481603295057 1.499913810042844 11.65 14.350000000000003 0.23650000000000002 0.14999999999999999 1.4642857142857146 -0.78571428571428592 6338.5000000000009
decision_type=2 2 2 2 2 2 2 2 2
left_child=1 -1 -2 -4 5 7 -7 8 -3
right_child=2 4 3 -5 -6 6 -8 -9 -10
leaf_value=0.022287445352300567 0.050972936149410564 -0.020631479250305361 -0.021353541185533509 0.026398359869818994 -0.04168807718246724 0.038795869828543057 -0.019014504333232492 -0.047269078480152313 0.0018215578058385677
leaf_weight=76 49 72 49 65 47 67 88 47 56
leaf_count=76 49 72 49 65 47 67 88 47 56
internal_value=0.000361506 -0.00650012 0.0194309 0.00587339 -0.0123035 -0.00811836 0.00597447 -0.0206006 -0.0108082
internal_weight=616 453 163 114 377 330 155 175 128
internal_count=616 453 163 114 377 330 155 175 128
is_linear=0
shrinkage=0.0478216


end of trees

feature_importances:
forecast_diurnal_range=71
forecast_high=66
lag_high_1d=51
day_sin=47
forecast_low=46
forecast_wind=42
forecast_precip=41
roll_high_7d_std=34
lag_high_2d=33
forecast_radiation=30
roll_high_14d_mean=22
forecast_evap=20
roll_high_7d_mean=17
day_cos=13

parameters:
[boosting: gbdt]
[objective: regression]
[metric: l2]
[tree_learner: serial]
[device_type: cpu]
[data_sample_strategy: bagging]
[data: ]
[valid: ]
[num_iterations: 59]
[learning_rate: 0.0478216]
[num_leaves: 31]
[num_threads: 2]
[seed: 42]
[deterministic: 0]
[force_col_wise: 0]
[force_row_wise: 0]
[histogram_pool_size: -1]
[max_depth: -1]
[min_data_in_leaf: 47]
[min_sum_hessian_in_leaf: 0.001]
[bagging_fraction: 0.774056]
[pos_bagging_fraction: 1]
[neg_bagging_fraction: 1]
[bagging_freq: 4]
[bagging_seed: 400]
[bagging_by_query: 0]
[feature_fraction: 0.860066]
[feature_fraction_bynode: 1]
[feature_fraction_seed: 30056]
[extra_trees: 0]
[extra_seed: 12879]
[early_stopping_round: 0]
[early_stopping_min_delta: 0]
[first_metric_only: 0]
[max_delta_step: 0]
[lambda_l1: 7.16405e-05]
[lambda_l2: 1.90362e-06]
[linear_lambda: 0]
[min_gain_to_split: 0]
[drop_rate: 0.1]
[max_drop: 50]
[skip_drop: 0.5]
[xgboost_dart_mode: 0]
[uniform_drop: 0]
[drop_seed: 17869]
[top_rate: 0.2]
[other_rate: 0.1]
[min_data_per_group: 100]
[max_cat_threshold: 32]
[cat_l2: 10]
[cat_smooth: 10]
[max_cat_to_onehot: 4]
[top_k: 20]
[monotone_constraints: ]
[monotone_constraints_method: basic]
[monotone_penalty: 0]
[feature_contri: ]
[forcedsplits_filename: ]
[refit_decay_rate: 0.9]
[cegb_tradeoff: 1]
[cegb_penalty_split: 0]
[cegb_penalty_feature_lazy: ]
[cegb_penalty_feature_coupled: ]
[path_smooth: 0]
[interaction_constraints: ]
[verbosity: -1]
[saved_feature_importance_type: 0]
[use_quantized_grad: 0]
[num_grad_quant_bins: 4]
[quant_train_renew_leaf: 0]
[stochastic_rounding: 1]
[linear_tree: 0]
[max_bin: 255]
[max_bin_by_feature: ]
[min_data_in_bin: 3]
[bin_construct_sample_cnt: 200000]
[data_random_seed: 175]
[is_enable_sparse: 1]
[enable_bundle: 1]
[use_missing: 1]
[zero_as_missing: 0]
[feature_pre_filter: 1]
[pre_partition: 0]
[two_round: 0]
[header: 0]
[label_column: ]
[weight_column: ]
[group_column: ]
[ignore_column: ]
[categorical_feature: ]
[forcedbins_filename: ]
[precise_float_parser: 0]
[parser_config_file: ]
[objective_seed: 16083]
[num_class: 1]
[is_unbalance: 0]
[scale_pos_weight: 1]
[sigmoid: 1]
[boost_from_average: 1]
[reg_sqrt: 0]
[alpha: 0.9]
[fair_c: 1]
[poisson_max_delta_step: 0.7]
[tweedie_variance_power: 1.5]
[lambdarank_truncation_level: 30]
[lambdarank_norm: 1]
[label_gain: ]
[lambdarank_position_bias_regularization: 0]
[eval_at: ]
[multi_error_top_k: 1]
[auc_mu_weights: ]
[num_machines: 1]
[local_listen_port: 12400]
[time_out: 120]
[machine_list_filename: ]
[machines: ]
[gpu_platform_id: -1]
[gpu_device_id: -1]
[gpu_use_dp: 0]
[num_gpu: 1]

end of parameters

pandas_categorical:[]
