tree
version=v4
num_class=1
num_tree_per_iteration=1
label_index=0
max_feature_idx=13
objective=regression
feature_names=forecast_low forecast_high forecast_diurnal_range day_sin day_cos forecast_precip forecast_wind forecast_radiation forecast_evap lag_low_1d lag_low_2d roll_low_7d_mean roll_low_14d_mean roll_low_7d_std
feature_infos=[-20.100000000000001:76.299999999999997] [-9.5999999999999996:94.400000000000006] [1.7000000000000028:45.200000000000003] [-0.99999942202469239:0.99998555065071859] [-0.99997919295908244:0.9999907524084426] [0:3.4450000000000003] [4.2999999999999998:31.699999999999999] [157:8862] [0.0060000000000000001:0.313] [-9.5:16.899999999999999] [-9.5:16.899999999999999] [-3.8142857142857141:5.5285714285714294] [-2.6214285714285714:4.7142857142857144] [0.83751332611999363:6.5435537162993658]
tree_sizes=1085 1144 1219 1224 1059 1225 1140 1139 1150 1067 1148 1309 1232 1312 1317 1151 1145 1228 1234 1159 1243 1132 1149 1208 1148 1235 1233 1073 1151 1239 1324 1232 1225

Tree=0
num_leaves=12
num_cat=0
split_feature=2 3 2 12 4 2 0 2 3 6 13
split_gain=542.368 274.722 170.328 146.107 141.833 99.4471 96.9285 72.3367 39.9627 33.6489 18.7447
threshold=12.499999999999998 0.29342972903661901 24.400000000000009 0.55714285714285749 0.071972700440407558 23.550000000000004 24.200000000000006 7.3500000000000005 -0.074117382312902935 10.450000000000001 1.9848833469916221
decision_type=2 2 2 2 2 2 2 2 2 2 2
left_child=3 2 9 -1 5 -3 -6 -5 -9 -2 -11
right_child=1 4 -4 7 6 -7 -8 8 -10 10 -12
leaf_value=1.5499705274325939 1.9343868587003332 1.7950428255404214 2.053190079424593 1.6428005334053113 1.8114499486144846 1.9765551482578756 1.6517433624360673 1.8299050893217379 1.7187662416963305 1.9068921719403216 1.8357246707483756
leaf_weight=32 58 40 48 34 43 31 45 39 36 33 61
leaf_count=32 58 40 48 34 43 31 45 39 36 33 61
internal_value=1.81929 1.86894 1.92827 1.69288 1.79431 1.8743 1.72978 1.73483 1.77656 1.88882 1.86071
internal_weight=500 359 200 141 159 71 88 109 75 152 94
internal_count=500 359 200 141 159 71 88 109 75 152 94
is_linear=0
shrinkage=1


Tree=1
num_leaves=12
num_cat=0
split_feature=2 3 2 12 4 0 2 2 3 6 3
split_gain=462.995 234.872 155.766 124.725 114.121 91.3239 88.0293 61.7506 34.1144 28.7224 15.2031
threshold=12.499999999999998 0.21022171450811272 24.400000000000009 0.55714285714285749 0.071972700440407558 24.200000000000006 23.850000000000005 7.3500000000000005 -0.074117382312902935 10.450000000000001 -0.42180583328916638
decision_type=2 2 2 2 2 2 2 2 2 2 2
left_child=3 2 9 -1 6 -6 -3 -5 -9 -2 -11
right_child=1 4 -4 7 5 -7 -8 8 -10 10 -12
leaf_value=-0.24316797251245217 0.11200756158247577 -0.012890234085305435 0.23142668179129214 -0.15739907242552018 0.0038668475251417769 -0.14611880871414965 0.15446095530435544 0.015473313784853306 -0.087211711938673483 0.018118568178650166 0.08428581137913832
leaf_weight=32 58 44 46 34 48 46 31 39 36 54 32
leaf_count=32 58 44 46 34 48 46 31 39 36 54 32
internal_value=0.00566754 0.0515411 0.109568 -0.111131 -0.0136965 -0.0695308 0.0562822 -0.0723656 -0.0338156 0.0706399 0.0427397
internal_weight=500 359 190 141 169 94 75 109 75 144 86
internal_count=500 359 190 141 169 94 75 109 75 144 86
is_linear=0
shrinkage=0.076067


Tree=2
num_leaves=13
num_cat=0
split_feature=2 3 2 4 11 2 0 2 4 2 8 3
split_gain=395.238 201.597 123.127 103.724 90.5121 72.8799 70.4431 50.826 33.1257 41.6848 15.109 11.5642
threshold=12.499999999999998 0.29342972903661901 24.400000000000009 0.071972700440407558 1.1214285714285717 23.550000000000004 24.200000000000006 7.3500000000000005 0.64414586362404946 20.450000000000006 0.16850000000000004 -0.19337636264337832
decision_type=2 2 2 2 2 2 2 2 2 2 2 2
left_child=4 2 8 5 -1 -3 -5 -6 9 10 -2 -9
right_child=1 3 -4 6 7 -7 -8 11 -10 -11 -12 -13
leaf_value=-0.18750918148437562 0.04062111550923659 -0.015756629288597366 0.20465287386139572 -0.0018721583849623876 -0.13841733460797195 0.13962996524212484 -0.1380217870753897 0.013723575161243224 0.13506118151335497 0.10393852956990152 -0.028710578609455827 -0.051978723687636175
leaf_weight=48 44 40 48 43 31 31 45 31 31 46 31 31
leaf_count=48 44 40 48 43 31 31 45 31 31 46 31 31
internal_value=0.00523642 0.0476206 0.0984451 -0.0163097 -0.102677 0.0520887 -0.071495 -0.0588918 0.0649048 0.04693 0.0119637 -0.0191275
internal_weight=500 359 200 159 141 71 88 93 152 121 75 62
internal_count=500 359 200 159 141 71 88 93 152 121 75 62
is_linear=0
shrinkage=0.076067


Tree=3
num_leaves=13
num_cat=0
split_feature=2 9 9 7 2 7 3 2 7 11 9 13
split_gain=374.445 168.788 114.638 84.9452 67.0092 60.3966 45.9864 40.3713 38.2012 35.5662 23.156 16.7851
threshold=19.300000000000011 -0.34999999999999915 1.7999999999999992 5013.0000000000009 10.550000000000002 2843.0000000000005 0.10837544681456417 24.650000000000006 2881.0000000000005 1.9071428571428573 3.700000000000002 2.5610172319513205
decision_type=2 2 2 2 2 2 2 2 2 2 2 2
left_child=1 5 3 -2 9 -1 8 10 -6 -3 -4 -8
right_child=2 4 7 -5 6 -7 11 -9 -10 -11 -12 -13
leaf_value=-0.091706811997423629 -0.089110700323487099 -0.14131464074042646 0.13070508228322955 0.080131851754836544 0.11237855479161267 -0.21999193745513301 -0.0012128972510268216 0.16805089677843785 0.0056025725812259338 -0.026087884818503011 0.041015250208277766 -0.076637069210200678
leaf_weight=54 32 31 31 37 33 35 38 61 47 31 36 31
leaf_count=54 32 31 31 37 33 35 38 61 47 31 36 31
internal_value=-0.000802064 -0.0543058 0.0806756 0.00164212 -0.0172493 -0.142158 0.0104025 0.123279 0.0496486 -0.0837027 0.0825149 -0.0350999
internal_weight=497 300 197 69 211 89 149 128 80 62 67 69
internal_count=497 300 197 69 211 89 149 128 80 62 67 69
is_linear=0
shrinkage=0.076067


Tree=4
num_leaves=11
num_cat=0
split_feature=2 6 11 2 9 2 5 12 4 3
split_gain=319.647 227.083 147.471 72.0616 69.2571 64.1417 56.8377 59.2075 50.9008 32.8053
threshold=19.300000000000011 13.350000000000003 1.1214285714285717 25.850000000000005 0.69999999999999973 10.550000000000002 1.0000000180025095e-35 2.22857142857143 -0.08269194106225343 0.54219432480460406
decision_type=2 2 2 2 2 2 2 2 2 2
left_child=2 3 4 9 -1 -4 7 -7 -3 -2
right_child=1 8 5 -5 -6 6 -8 -9 -10 -11
leaf_value=-0.1763822801639732 0.13183964516375665 0.025763311356968951 -0.07861750074959914 0.21220915279798619 -0.045555864184846827 0.1267935735165048 -0.04421494872247328 -0.0012532453749903251 -0.10259691308228228 0.031450186565511934
leaf_weight=61 48 39 60 46 38 37 56 48 33 31
leaf_count=61 48 39 60 46 38 37 56 48 33 31
internal_value=-0.000741066 0.0745389 -0.0501751 0.136521 -0.126167 -0.0127457 0.0152849 0.0544852 -0.0330686 0.0924473
internal_weight=497 197 300 125 99 201 141 85 72 79
internal_count=497 197 300 125 99 201 141 85 72 79
is_linear=0
shrinkage=0.076067


Tree=5
num_leaves=13
num_cat=0
split_feature=2 6 3 11 8 2 5 10 3 2 12 1
split_gain=272.868 193.851 137.697 85.5411 63.1047 61.5156 49.1093 51.6714 28.0043 19.8754 30.6116 17.7846
threshold=19.300000000000011 13.350000000000003 0.46800856592688467 1.3214285714285718 0.12450000000000001 25.850000000000005 1.0000000180025095e-35 2.200000000000002 0.54219432480460406 10.950000000000006 2.22857142857143 35.250000000000007
decision_type=2 2 2 2 2 2 2 2 2 2 2 2
left_child=2 5 6 11 -3 8 9 -8 -2 -1 -11 -4
right_child=1 4 3 -5 -6 -7 7 -9 -10 10 -12 -13
leaf_value=-0.023227736856034763 0.12181115713849047 -0.11017097216253813 -0.2016105084504462 -0.026151497064585884 0.033141312712729798 0.19606730203202238 -0.1185301581033129 0.0078456975406268475 0.029057923644504598 0.099280556486989816 0.0031542323461404929 -0.12633366497697016
leaf_weight=32 48 32 34 43 40 46 36 39 31 36 41 39
leaf_count=32 48 32 34 43 40 46 36 39 31 36 41 39
internal_value=-0.000684686 0.0688691 -0.0463585 -0.111263 -0.0305532 0.126136 -0.00543991 -0.052815 0.0854152 0.0271576 0.0480972 -0.161396
internal_weight=497 197 300 116 72 125 184 75 79 109 77 73
internal_count=497 197 300 116 72 125 184 75 79 109 77 73
is_linear=0
shrinkage=0.076067


Tree=6
num_leaves=12
num_cat=0
split_feature=9 2 1 7 6 10 0 0 2 1 9
split_gain=205.075 131.013 113.065 47.6283 40.0067 35.2064 32.2702 80.5776 25.1852 18.3712 17.9328
threshold=2.200000000000002 13.899999999999997 52.050000000000004 3341.0000000000005 15.750000000000002 1.7999999999999992 12.350000000000003 28.050000000000001 21.250000000000004 73.350000000000009 1.1000000000000008
decision_type=2 2 2 2 2 2 2 2 2 2 2
left_child=2 -2 3 6 8 -4 -1 -8 -3 -10 -7
right_child=1 4 5 -5 -6 10 7 -9 9 -11 -12
leaf_value=-0.11690203361633476 -0.051405637185666528 0.062037699123143719 0.060939877437804962 -0.17268030783896171 0.0064415760751795424 -0.065503972595144094 0.044289112394869545 -0.10882280255985387 0.081859757825998428 0.15511874125502412 0.015025393276423049
leaf_weight=48 55 58 48 31 32 32 37 43 32 52 32
leaf_count=48 55 58 48 31 32 32 37 43 32 52 32
internal_value=-0.00206516 0.0509297 -0.0468469 -0.0880836 0.0832773 0.0116946 -0.0675943 -0.0380085 0.100592 0.127212 -0.0252393
internal_weight=500 229 271 159 174 112 128 80 142 84 64
internal_count=500 229 271 159 174 112 128 80 142 84 64
is_linear=0
shrinkage=0.076067


Tree=7
num_leaves=12
num_cat=0
split_feature=9 1 5 7 13 1 9 0 0 13 6
split_gain=175.063 96.5184 73.7839 40.6582 44.291 40.5517 33.8703 27.7008 26.1853 24.2062 10.7413
threshold=2.200000000000002 52.050000000000004 1.0000000180025095e-35 3341.0000000000005 3.1269943011903929 73.350000000000009 0.54999999999999727 56.850000000000001 30.650000000000002 2.3334013238563078 12.850000000000003
decision_type=2 2 2 2 2 2 2 2 2 2 2
left_child=1 3 5 4 6 8 -1 -7 -2 -3 -4
right_child=2 9 10 -5 -6 7 -8 -9 -10 -11 -12
leaf_value=-0.067923570061428268 0.09730210788449295 0.046168038032270146 0.01686865984623237 -0.15954535904153871 -0.11483263703076206 0.1734355616526225 0.036380586177971214 0.077098004751418786 0.009590580005749463 -0.024557676475308911 -0.0414337270810212
leaf_weight=43 31 56 33 31 54 31 31 39 54 56 41
leaf_count=43 31 56 33 31 54 31 31 39 54 56 41
internal_value=-0.00190807 -0.0432834 0.0470557 -0.0813835 -0.0624527 0.0768895 -0.0242284 0.119764 0.0415803 0.0108051 -0.0154338
internal_weight=500 271 229 159 128 155 74 70 85 112 74
internal_count=500 271 229 159 128 155 74 70 85 112 74
is_linear=0
shrinkage=0.076067


Tree=8
num_leaves=12
num_cat=0
split_feature=2 0 9 3 5 3 11 4 7 2 6
split_gain=151.499 80.5202 71.261 44.2401 36.455 31.9085 29.6233 25.4385 24.9281 29.1645 21.816
threshold=20.300000000000008 32.150000000000013 0.15000000000000038 0.46800856592688467 0.037500000000000006 -0.86976336936302323 2.2428571428571438 -0.048362832084465547 2843.0000000000005 11.450000000000001 13.250000000000002
decision_type=2 2 2 2 2 2 2 2 2 2 2
left_child=2 -2 8 4 6 -3 -4 -5 9 -1 -7
right_child=1 5 3 7 -6 10 -8 -9 -10 -11 -12
leaf_value=-0.10814228904082958 -0.03244084608108054 0.1391549776340838 0.089500814507567208 -0.0058811374413731401 -0.039841116806999803 0.090535213072215348 0.005916791325180107 -0.097195400878242369 -0.13586790971152399 -0.0046187836222957553 0.01501202842404448
leaf_weight=32 46 42 42 31 48 53 59 41 37 31 38
leaf_count=32 46 42 42 31 48 53 59 41 37 31 38
internal_value=-0.00176291 0.0543084 -0.0330302 -0.00892129 0.0147368 0.084312 0.0406751 -0.0578803 -0.0863102 -0.0572032 0.0589987
internal_weight=500 179 321 221 149 133 101 72 100 63 91
internal_count=500 179 321 221 149 133 101 72 100 63 91
is_linear=0
shrinkage=0.076067


Tree=9
num_leaves=11
num_cat=0
split_feature=3 8 0 0 0 13 5 0 13 11
split_gain=158.612 80.7225 116.298 143.242 83.9015 71.9352 71.8191 24.9187 16.7685 14.6033
threshold=-0.58482361983252518 0.13450000000000004 24.200000000000006 31.650000000000002 15.000000000000002 3.0217373064297735 0.10500000000000001 59.500000000000007 2.2569469376335056 2.5785714285714296
decision_type=2 2 2 2 2 2 2 2 2 2
left_child=8 2 4 -4 5 -2 -5 -3 9 -1
right_child=1 7 3 6 -6 -7 -8 -9 -10 -11
leaf_value=0.0041809290042456116 0.015914617207735113 0.058999903948973427 -0.21096559687911087 0.012870817805276035 0.090854653040377223 -0.13327085047060566 -0.13042291871556969 -0.016558418045547727 0.097394083232162171 0.067821202070550368
leaf_weight=34 45 56 47 50 39 32 34 46 53 54
leaf_count=34 45 56 47 50 39 32 34 46 53 54
internal_value=-0.00449537 -0.0320037 -0.0555126 -0.104629 -4.44369e-05 -0.046085 -0.0451294 0.0249245 0.0635923 0.0432334
internal_weight=490 349 247 131 116 77 84 102 141 88
internal_count=490 349 247 131 116 77 84 102 141 88
is_linear=0
shrinkage=0.076067


Tree=10
num_leaves=12
num_cat=0
split_feature=3 8 0 0 0 13 5 12 6 13 1
split_gain=135.4 68.9091 99.2787 122.279 71.6229 61.4079 61.3088 24.1019 15.0105 12.9205 8.78485
threshold=-0.58482361983252518 0.13450000000000004 24.200000000000006 31.650000000000002 15.000000000000002 3.0217373064297735 0.10500000000000001 2.1214285714285714 9.1500000000000004 2.2906605097496455 73.050000000000011
decision_type=2 2 2 2 2 2 2 2 2 2 2
left_child=8 2 4 -4 5 -2 -5 -3 -1 10 -10
right_child=1 7 3 6 -6 -7 -8 -9 9 -11 -12
leaf_value=0.096859998208144449 0.01470406258058659 0.065481256894383527 -0.19491833394010696 0.011891788457342969 0.083943746466614844 -0.12313357653953605 -0.12050226172583849 -0.0091769715717413859 -0.0045951308810129746 0.081451069890038169 0.050907572054719741
leaf_weight=42 45 44 47 50 39 32 34 58 33 33 33
leaf_count=42 45 44 47 50 39 32 34 58 33 33 33
internal_value=-0.00415342 -0.0295693 -0.05129 -0.0966703 -4.10402e-05 -0.0425795 -0.0416966 0.0230286 0.0587551 0.0425885 0.0231562
internal_weight=490 349 247 131 116 77 84 102 141 99 66
internal_count=490 349 247 131 116 77 84 102 141 99 66
is_linear=0
shrinkage=0.076067


Tree=11
num_leaves=14
num_cat=0
split_feature=0 0 5 12 0 7 11 12 11 13 13 11 13
split_gain=89.7414 106.451 59.6166 59.4567 63.3644 44.1649 18.1877 24.0915 18.038 16.4044 28.6607 7.37025 6.50355
threshold=32.050000000000004 25.200000000000006 1.0000000180025095e-35 1.6892857142857143 12.050000000000002 2881.0000000000005 2.6000000000000001 2.22857142857143 3.2857142857142869 1.8746427542835684 2.4304592994471834 1.0857142857142854 2.2811859309280611
decision_type=2 2 2 2 2 2 2 2 2 2 2 2 2
left_child=1 3 6 4 -1 -3 7 11 -8 -4 -11 -2 -10
right_child=2 5 9 -5 -6 -7 8 -9 12 10 -12 -13 -14
leaf_value=-0.029786031915071755 0.020528016444226492 -0.063726331958024782 0.021554093611405561 -0.084011987053005568 0.10268342670192301 -0.19016993458696566 0.11662378580447366 -0.029654221886665288 0.021663315248084396 -0.091697287987727541 0.0029806969912390541 0.069428034243090908 0.070937770366995501
leaf_weight=45 31 33 31 37 39 31 32 33 31 37 37 42 31
leaf_count=45 31 33 31 37 39 31 32 33 31 37 37 42 31
internal_value=-0.00383748 -0.0456357 0.0215155 -0.0036708 0.0317178 -0.124974 0.045883 0.024281 0.070242 -0.0248983 -0.0443585 0.048663 0.0463015
internal_weight=490 185 305 121 84 64 200 106 94 105 74 73 62
internal_count=490 185 305 121 84 64 200 106 94 105 74 73 62
is_linear=0
shrinkage=0.076067


Tree=12
num_leaves=13
num_cat=0
split_feature=9 2 6 11 9 9 2 8 8 9 0 8
split_gain=119.882 66.3249 91.8537 64.9048 36.1807 34.4543 32.9431 32.1147 31.1863 18.9068 18.0262 4.89337
threshold=0.69999999999999973 16.450000000000006 13.250000000000002 1.0857142857142854 2.8999999999999999 1.4500000000000031 13.250000000000002 0.10150000000000002 0.076500000000000012 4.2999999999999998 45.550000000000004 0.054500000000000007
decision_type=2 2 2 2 2 2 2 2 2 2 2 2
left_child=3 5 4 6 -3 -2 -1 -4 -5 11 -6 -7
right_child=1 2 7 8 10 9 -8 -9 -10 -11 -12 -13
leaf_value=-0.15096310873982524 0.052932599195821647 0.046598101309828416 -0.068430336198793018 -0.050894168741446817 0.17196991104739801 -0.077615179786800464 -0.059517709290179979 0.02628616255527734 0.040817626572076583 0.006999439763240984 0.092310022169147882 -0.038955126593817745
leaf_weight=40 31 56 34 45 31 40 53 53 41 37 35 36
leaf_count=40 31 56 34 45 31 40 53 53 41 37 35 36
internal_value=-0.00409547 0.0216177 0.0489864 -0.0548035 0.0915707 -0.0181049 -0.0988502 -0.0107295 -0.00717087 -0.0375935 0.129728 -0.0593034
internal_weight=532 353 209 179 122 144 93 87 86 113 66 76
internal_count=532 353 209 179 122 144 93 87 86 113 66 76
is_linear=0
shrinkage=0.076067


Tree=13
num_leaves=14
num_cat=0
split_feature=3 4 2 5 6 0 2 1 0 2 3 7 0
split_gain=111.004 113.555 74.0819 69.0925 34.3808 31.8514 32.1361 29.6187 24.8752 19.8773 19.2327 16.3603 8.15608
threshold=-0.10837695015263894 0.071972700440407558 11.450000000000001 0.22349999999999998 13.950000000000001 18.250000000000004 25.150000000000009 60.20000000000001 35.900000000000006 18.100000000000009 0.71503381463111937 6572.5000000000009 57.95000000000001
decision_type=2 2 2 2 2 2 2 2 2 2 2 2 2
left_child=5 3 -3 7 10 -1 8 -2 -7 12 -4 -9 -10
right_child=1 2 4 -5 -6 6 -8 11 9 -11 -12 -13 -14
leaf_value=-0.03479208253182333 0.10884336296654325 -0.15912127332697129 -0.056758001591441627 -0.082768892136867681 -0.094478590887088751 0.086229384893055275 0.11662610715039001 -0.020792609509301813 0.015093856397645065 0.049703786163090562 0.021517733614068578 0.050353364538291805 -0.039214929549133616
leaf_weight=31 31 45 32 31 49 40 33 32 32 57 42 45 32
leaf_count=31 31 45 32 31 49 40 33 32 32 57 42 45 32
internal_value=-0.00378394 -0.0335301 -0.0756108 0.0173299 -0.0450571 0.036803 0.0482436 0.0460625 0.0342267 0.0170351 -0.0123312 0.020786 -0.0120603
internal_weight=532 307 168 139 123 225 194 108 161 121 74 77 64
internal_count=532 307 168 139 123 225 194 108 161 121 74 77 64
is_linear=0
shrinkage=0.076067


Tree=14
num_leaves=14
num_cat=0
split_feature=3 4 5 2 2 6 8 13 7 3 3 13 0
split_gain=94.8207 100.287 59.4633 45.5133 41.7696 39.2484 25.3243 19.4073 17.6438 18.6415 14.681 9.98262 3.0574
threshold=-0.23537230790205757 0.071972700440407558 0.22349999999999998 11.450000000000001 18.250000000000007 13.950000000000001 0.10950000000000001 2.6961609882675774 3046.5000000000005 -0.63921128368950708 0.79383249484937135 2.1244017450404566 58.100000000000009
decision_type=2 2 2 2 2 2 2 2 2 2 2 2 2
left_child=4 2 6 -3 8 10 -2 12 9 -1 -5 -8 -6
right_child=1 3 -4 5 7 -7 11 -9 -10 -11 -12 -13 -14
leaf_value=0.066415633545850825 0.10094279308314782 -0.12967298957135032 -0.076473065447521416 -0.037045661646724279 0.066705799143689001 -0.094836990478281299 0.051541594847995545 0.12373111890235629 -0.035698669950635947 -0.011544893948143649 0.030044946331224582 -0.00077455878321061047 0.033183600299528576
leaf_weight=36 31 49 31 46 32 52 36 31 39 35 32 51 31
leaf_count=36 31 49 31 46 32 52 36 31 39 35 32 51 31
internal_value=-0.00349611 -0.0288223 0.0172791 -0.0671973 0.0372243 -0.0436479 0.0419094 0.0744585 0.00540555 0.0279844 -0.009521 0.0208735 0.0502117
internal_weight=532 328 149 179 204 130 118 94 110 71 78 87 63
internal_count=532 328 149 179 204 130 118 94 110 71 78 87 63
is_linear=0
shrinkage=0.076067


Tree=15
num_leaves=12
num_cat=0
split_feature=2 8 9 9 3 3 1 10 7 7 9
split_gain=84.049 46.7871 42.3925 48.0651 32.6899 23.3032 18.6237 23.2126 17.9054 27.2627 8.44205
threshold=21.350000000000005 0.015500000000000002 3.1500000000000008 4.700000000000002 0.22700754078277599 0.69056404122701587 47.350000000000001 1.9500000000000031 1594.0000000000002 3046.5000000000005 2.7500000000000004
decision_type=2 2 2 2 2 2 2 2 2 2 2
left_child=1 -1 5 -4 8 -2 -6 -8 -3 -10 -11
right_child=2 4 3 -5 6 -7 7 -9 9 10 -12
leaf_value=0.047171988658974047 0.052512036386301808 -0.054734166752458083 0.15949123148962424 0.034996762209734709 -0.088003109369643853 -0.020260005028356034 0.014707240692420308 -0.073540423069441196 0.056576771745909825 -0.043385227759634042 0.0097948353733358657
leaf_weight=56 53 32 34 38 60 49 34 35 44 39 31
leaf_count=56 53 32 34 38 60 49 34 35 44 39 31
internal_value=0.00629732 -0.0162024 0.0490985 0.0937872 -0.0291079 0.0175528 -0.0570087 -0.0300561 -0.00445547 0.00965793 -0.0198339
internal_weight=505 331 174 72 275 102 129 69 146 114 70
internal_count=505 331 174 72 275 102 129 69 146 114 70
is_linear=0
shrinkage=0.076067


Tree=16
num_leaves=12
num_cat=0
split_feature=6 2 9 1 2 10 13 2 2 7 13
split_gain=81.9849 94.1964 40.3814 41.7076 64.7842 32.6051 25.8321 17.5444 13.8268 22.1284 5.42832
threshold=17.550000000000004 24.650000000000006 0.39999999999999952 43.500000000000007 10.950000000000006 4.200000000000002 2.485098296281842 28.450000000000006 21.250000000000004 3401.5000000000005 3.3627153275705695
decision_type=2 2 2 2 2 2 2 2 2 2 2
left_child=1 2 6 4 -4 8 -1 -3 9 -5 -8
right_child=-2 7 3 5 -6 -7 10 -9 -10 -11 -12
leaf_value=0.0055038264726123024 -0.078448311834321924 0.058691643574605504 -0.0065264152141591503 0.040481863431466196 0.13880871290051083 -0.057756055480846259 -0.090501497650866694 0.13014035121265288 0.054535836090950175 -0.033482205071073287 -0.047073083118999701
leaf_weight=49 59 43 35 44 36 45 31 37 40 50 36
leaf_count=49 59 43 35 44 36 45 31 37 40 50 36
internal_value=0.00581831 0.0169659 0.000622024 0.017833 0.067165 -0.00173448 -0.0364704 0.0917379 0.0170788 0.00113909 -0.067168
internal_weight=505 446 366 250 71 179 116 80 134 94 67
internal_count=505 446 366 250 71 179 116 80 134 94 67
is_linear=0
shrinkage=0.076067


Tree=17
num_leaves=13
num_cat=0
split_feature=6 2 3 9 6 6 12 10 7 11 4 9
split_gain=69.9867 80.4112 36.6018 24.9589 22.9715 25.0343 22.9344 19.4624 16.3175 11.2498 10.1761 7.30054
threshold=17.550000000000004 24.650000000000006 0.3261394409934788 -0.29999999999999843 13.750000000000002 9.3500000000000032 2.3821428571428576 3.8500000000000001 5538.5000000000009 2.0785714285714287 0.22491561436810897 3.0500000000000003
decision_type=2 2 2 2 2 2 2 2 2 2 2 2
left_child=1 2 3 -1 5 -4 9 11 -3 -5 -7 -8
right_child=-2 8 4 6 -6 10 7 -9 -10 -11 -12 -13
leaf_value=-0.033915658892091236 -0.07248105971570909 0.056707496403723676 0.0021261820699381385 0.036082013451796638 0.015280427085757586 -0.048771650345574263 0.0065405786958444229 -0.040450137287894296 0.12683522207765263 0.092703878009210025 -0.10992582084614697 0.056411005001149858
leaf_weight=41 59 48 34 45 45 32 35 33 32 37 31 33
leaf_count=41 59 48 34 45 45 32 35 33 32 37 31 33
internal_value=0.00537574 0.0156753 0.0005747 0.0197273 -0.0296377 -0.0504761 0.0317459 0.00748159 0.0847598 0.0616318 -0.0788647 0.0307431
internal_weight=505 446 366 224 142 97 183 101 80 82 63 68
internal_count=505 446 366 224 142 97 183 101 80 82 63 68
is_linear=0
shrinkage=0.076067


Tree=18
num_leaves=13
num_cat=0
split_feature=2 0 0 12 3 10 3 2 3 10 11 9
split_gain=118.229 38.1892 53.085 29.5844 32.618 65.6924 18.5135 19.6 17.87 17.8114 10.9131 5.65496
threshold=19.650000000000002 12.350000000000003 21.150000000000002 0.80357142857142883 -0.23537230790205757 1.9500000000000031 -0.46801505794253101 16.250000000000004 -0.78326540922535159 0.39999999999999952 2.6571428571428579 1.4500000000000031
decision_type=2 2 2 2 2 2 2 2 2 2 2 2
left_child=1 -1 -3 -2 10 -6 8 9 -4 -8 -5 -11
right_child=3 2 6 4 5 -7 7 -9 -10 11 -12 -13
leaf_value=-0.092884316323846722 0.10948201283672673 0.072705089330480033 -0.036316585613705162 0.027957795448751509 0.073669852325451396 -0.068560445986735344 0.013255177682871638 -0.08876117627107033 0.037555408185843298 -0.07491738725982991 0.083829306399486644 -0.031024019034468605
leaf_weight=48 34 32 40 32 34 42 37 46 36 33 55 35
leaf_count=48 34 32 40 32 34 42 37 46 36 33 55 35
internal_value=-0.00105216 -0.0305648 -0.0190149 0.0449394 0.031476 -0.00493071 -0.0319449 -0.0473564 -0.00132427 -0.0292164 0.0632796 -0.0523261
internal_weight=504 307 259 197 163 76 227 151 76 105 87 68
internal_count=504 307 259 197 163 76 227 151 76 105 87 68
is_linear=0
shrinkage=0.076067


Tree=19
num_leaves=12
num_cat=0
split_feature=2 0 0 5 5 13 9 6 13 10 8
split_gain=100.927 32.6004 45.3163 37.0598 32.3544 31.6124 34.9877 21.4026 17.6936 17.305 11.4704
threshold=19.650000000000002 12.350000000000003 21.150000000000002 0.22349999999999998 1.0000000180025095e-35 2.8633144907257138 1.7999999999999992 14.750000000000002 1.9190769626598285 2.8500000000000001 0.080000000000000016
decision_type=2 2 2 2 2 2 2 2 2 2 2
left_child=1 -1 -3 7 5 6 -2 8 -4 -8 -10
right_child=4 2 3 -5 -6 -7 9 -9 10 -11 -12
leaf_value=-0.085818997791109644 -0.019695878043790353 0.067174759025896549 0.016660881995742328 -0.090481583423480727 -0.028477735661195259 0.11207513955666505 0.10352232341638541 0.031452112008341741 -0.024492712823728141 0.032564325907268696 -0.077080944990025782
leaf_weight=48 43 32 36 46 32 42 37 45 60 43 40
leaf_count=48 43 32 36 46 32 42 37 45 60 43 40
internal_value=-0.000972117 -0.0282399 -0.0175685 -0.029515 0.0415211 0.0550969 0.0356401 -0.0140203 -0.0290666 0.0653834 -0.0455287
internal_weight=504 307 259 227 197 165 123 181 136 80 100
internal_count=504 307 259 227 197 165 123 181 136 80 100
is_linear=0
shrinkage=0.076067


Tree=20
num_leaves=13
num_cat=0
split_feature=2 5 10 3 10 1 5 10 10 4 1 2
split_gain=86.1569 27.6195 27.4334 26.0123 24.9569 27.1018 33.2968 27.0056 22.2186 20.017 27.7663 17.7932
threshold=19.650000000000002 1.0000000180025095e-35 3.8500000000000001 0.79383249484937135 3.4500000000000033 29.850000000000005 0.22899999999999998 2.2500000000000004 5.2500000000000009 -0.11692317777808839 40.850000000000009 23.100000000000001
decision_type=2 2 2 2 2 2 2 2 2 2 2 2
left_child=4 2 3 11 5 -1 7 9 -6 -7 -11 -2
right_child=1 -3 -4 -5 8 6 -8 -9 -10 10 -12 -13
leaf_value=-0.089528362288167504 0.006446706700579243 -0.026311571397721396 0.0024806458848200381 0.13051164007460161 0.037702361064689105 0.056138064810772083 -0.091617509080330409 -0.069661477002239319 -0.042823701980359397 0.039592116328691411 -0.057414651897781645 0.077214587039047669
leaf_weight=49 34 32 48 31 55 36 35 32 31 31 38 52
leaf_count=49 34 32 48 31 55 36 35 32 31 31 38 52
internal_value=-0.000898163 0.0383628 0.0509059 0.0707723 -0.0260918 -0.0396211 -0.0254028 -0.00848609 0.00867515 0.010158 -0.0138316 0.0492372
internal_weight=504 197 165 117 307 221 172 137 86 105 69 86
internal_count=504 197 165 117 307 221 172 137 86 105 69 86
is_linear=0
shrinkage=0.076067


Tree=21
num_leaves=12
num_cat=0
split_feature=2 3 6 8 0 13 9 13 8 2 7
split_gain=59.6907 48.315 34.4084 33.0094 39.6707 37.5743 27.9714 48.5463 15.369 8.46062 12.9029
threshold=10.15 0.056951373111866661 13.050000000000002 0.13200000000000003 24.200000000000006 3.3627153275705695 4.7500000000000009 2.8879880906477395 0.16450000000000004 20.300000000000008 3046.5000000000005
decision_type=2 2 2 2 2 2 2 2 2 2 2
left_child=2 6 -1 4 -3 -6 7 9 -5 10 -2
right_child=1 3 -4 8 5 -7 -8 -9 -10 -11 -12
leaf_value=-0.1043113630055357 0.042966858153313366 0.01301492231693843 -0.0024804001168707503 0.067832304320310885 -0.10925120555562624 -0.011866086822907509 -0.025959405837461189 0.13129145329319208 -0.0039220299893635907 0.050539873742939986 -0.025890101627492567
leaf_weight=48 32 60 32 31 52 41 33 34 39 52 31
leaf_count=48 32 60 32 31 52 41 33 34 39 52 31
internal_value=-0.00353709 0.00832322 -0.0635797 -0.0154119 -0.0352074 -0.0663187 0.0374054 0.0514394 0.027855 0.02783 0.00908461
internal_weight=485 405 80 223 153 93 182 149 70 115 63
internal_count=485 405 80 223 153 93 182 149 70 115 63
is_linear=0
shrinkage=0.076067


Tree=22
num_leaves=12
num_cat=0
split_feature=9 4 9 10 9 6 10 9 8 4 5
split_gain=45.6285 31.21 26.5746 33.2197 40.2082 55.9817 33.8828 21.3331 20.5932 17.8506 7.3831
threshold=0.65000000000000047 0.27487873330147777 1.1000000000000008 4.549999999999998 2.2500000000000004 11.950000000000001 2.2500000000000004 3.6500000000000008 0.063500000000000015 0.86004965528756494 1.0000000180025095e-35
decision_type=2 2 2 2 2 2 2 2 2 2 2
left_child=1 10 -2 4 8 7 -7 -6 -4 -3 -1
right_child=2 9 3 -5 5 6 -8 -9 -10 -11 -12
leaf_value=-0.021645319441145595 0.078594046787608604 -0.09508511643568221 -0.098083473179179315 0.055708500335227729 0.1065464337981098 0.017196173208218705 -0.076724987404209036 0.026024709647251329 -0.015532826035437776 -0.024467252797170838 0.028679614509781685
leaf_weight=37 32 53 34 61 33 46 43 45 36 34 31
leaf_count=37 32 53 34 61 33 46 43 45 36 34 31
internal_value=-0.00326803 -0.0373115 0.0127221 0.00564832 -0.00723641 0.0130483 -0.0281815 0.0600926 -0.0556298 -0.067488 0.00129667
internal_weight=485 155 330 298 237 167 89 78 70 87 68
internal_count=485 155 330 298 237 167 89 78 70 87 68
is_linear=0
shrinkage=0.076067


Tree=23
num_leaves=13
num_cat=0
split_feature=2 9 0 11 13 6 7 13 2 10 10 1
split_gain=49.4363 33.8378 41.9472 30.4356 21.8778 21.528 18.4197 15.5355 12.0479 21.9114 8.65106 6.7618
threshold=10.15 0.39999999999999952 26.900000000000002 1.8928571428571426 2.3907062069939546 13.15 5266.0000000000009 2.9607331355481574 24.150000000000002 1.2500000000000002 2.7500000000000004 76.200000000000003
decision_type=2 2 2 2 2 2 2 2 2 2 2 2
left_child=3 4 -3 -1 -2 8 10 -6 9 -4 -7 -11
right_child=1 2 5 -5 7 6 -8 -9 -10 11 -12 -13
leaf_value=-0.10228934109689451 0.027769888315831513 0.082856537110696293 0.065585962464227543 -0.0083348138283825951 -0.087702077209785512 -0.072768490086453086 0.022366954818121773 -0.020972975123970231 0.062862026876505675 -0.037053233551144718 -0.015938834772861937 0.012396046679886781
leaf_weight=42 31 53 31 38 33 31 39 52 40 32 31 32
leaf_count=42 31 53 31 38 33 31 39 52 40 32 31 32
internal_value=-0.00301944 0.00777413 0.0217041 -0.0576617 -0.0269305 0.00797044 -0.0185906 -0.0468804 0.0278422 0.0130964 -0.0443546 -0.0123284
internal_weight=485 405 289 80 116 236 101 85 135 95 62 64
internal_count=485 405 289 80 116 236 101 85 135 95 62 64
is_linear=0
shrinkage=0.076067


Tree=24
num_leaves=12
num_cat=0
split_feature=2 6 1 8 12 13 6 1 8 2 7
split_gain=55.1989 69.1214 51.9821 31.0303 30.8168 26.5725 29.2294 20.4193 19.6946 16.5607 15.976
threshold=14.600000000000007 13.050000000000002 45.750000000000007 0.12450000000000001 1.3642857142857145 1.7181709342935043 13.350000000000003 44.850000000000001 0.090500000000000011 9.9500000000000011 5936.5000000000009
decision_type=2 2 2 2 2 2 2 2 2 2 2
left_child=5 2 -2 4 -3 -1 9 -8 -4 -7 -10
right_child=1 3 8 -5 -6 6 7 -9 10 -11 -12
leaf_value=0.033384788585461914 0.14093774732991363 0.0052649180857140612 -0.018530510122107383 0.024558316692748466 -0.090374871057433789 -0.10817535719579527 -0.040699727129098473 0.042488866563626881 0.078553522967766021 -0.042110582770042017 0.022542180005783331
leaf_weight=34 33 35 31 60 44 37 38 31 57 54 61
leaf_count=34 33 35 31 60 44 37 38 31 57 54 61
internal_value=0.00434882 0.0237089 0.0545565 -0.0166814 -0.0480029 -0.0276849 -0.0406625 -0.00332477 0.0354243 -0.068973 0.049599
internal_weight=515 321 182 139 79 194 160 69 149 91 118
internal_count=515 321 182 139 79 194 160 69 149 91 118
is_linear=0
shrinkage=0.076067


Tree=25
num_leaves=13
num_cat=0
split_feature=2 6 11 9 11 13 12 3 8 0 6 10
split_gain=47.1278 57.7588 46.5919 36.2412 30.0179 29.8614 18.9277 61.4605 27.4058 26.151 15.7249 13.7296
threshold=19.850000000000005 13.250000000000002 1.8285714285714298 4.4000000000000004 1.7214285714285713 3.6818669682154122 1.2107142857142859 0.63920241694561786 0.022500000000000003 59.850000000000001 9.8500000000000032 1.3499999999999999
decision_type=2 2 2 2 2 2 2 2 2 2 2 2
left_child=3 4 -3 5 -2 6 7 -1 -8 11 -6 -10
right_child=1 2 -4 -5 10 -7 8 -9 9 -11 -12 -13
leaf_value=0.087927518412020858 0.12519821094366607 -0.088432863484784005 0.029813429666131448 0.049427162157180897 0.012233808770154245 -0.086807812038163054 -0.088935960479740422 -0.045088891685609214 0.049408038759970727 -0.071639494346464286 0.082965959486992896 -0.013114167937450613
leaf_weight=37 37 31 51 45 44 38 35 44 31 32 31 59
leaf_count=37 37 31 51 45 44 38 35 44 31 32 31 59
internal_value=0.00401803 0.0336174 -0.0148896 -0.0138707 0.0691315 -0.0241911 -0.0141932 0.0156717 -0.0296013 -0.0125784 0.0414706 0.00842126
internal_weight=515 194 82 321 112 276 238 81 157 122 75 90
internal_count=515 194 82 321 112 276 238 81 157 122 75 90
is_linear=0
shrinkage=0.076067


Tree=26
num_leaves=13
num_cat=0
split_feature=2 6 1 3 9 13 13 6 0 6 2 3
split_gain=41.5503 53.0198 43.0521 23.3346 33.8844 27.4006 22.1105 25.1821 16.0919 14.8892 13.2142 11.578
threshold=14.600000000000007 12.550000000000002 46.550000000000004 0.76140650896573492 1.9500000000000031 2.3684429122874735 1.7181709342935043 13.350000000000003 31.650000000000002 10.450000000000001 9.9500000000000011 -0.49813634056773481
decision_type=2 2 2 2 2 2 2 2 2 2 2 2
left_child=6 2 -2 4 -3 -6 -1 10 -9 11 -8 -4
right_child=1 3 9 -5 5 -7 7 8 -10 -11 -12 -13
leaf_value=0.031626576315330029 0.13122098212797689 -0.051324950051559036 0.042261535436869307 -0.053021116570338908 -0.0047359306112390639 0.092002531447831867 -0.097213857287256067 -0.040762007213092623 0.032900135042445017 0.070748889170657706 -0.038200253553061274 -0.010851311590165783
leaf_weight=34 31 35 47 52 36 32 37 32 37 40 54 48
leaf_count=34 31 35 47 52 36 32 37 32 37 40 54 48
internal_value=0.0037124 0.0205093 0.0503819 -0.0114833 0.00948729 0.0407883 -0.0240803 -0.0359182 -0.00126177 0.0318181 -0.0621957 0.0154255
internal_weight=515 321 166 155 103 68 194 160 69 135 91 95
internal_count=515 321 166 155 103 68 194 160 69 135 91 95
is_linear=0
shrinkage=0.076067


Tree=27
num_leaves=11
num_cat=0
split_feature=3 6 2 3 4 8 2 8 0 3
split_gain=32.8747 33.9453 32.0998 34.6667 28.7933 37.5019 32.5645 23.2345 22.0292 6.37581
threshold=0.039769539193789956 9.0500000000000025 9.6500000000000004 -0.43733984355855576 0.071972700440407558 0.092500000000000013 19.300000000000011 0.16850000000000004 24.200000000000006 -0.84315017450793706
decision_type=2 2 2 2 2 2 2 2 2 2
left_child=2 -2 -1 7 5 -3 -7 9 -6 -4
right_child=1 4 3 -5 8 6 -8 -9 -10 -11
leaf_value=-0.045133081739871996 0.042176210564469054 0.066633911905114723 0.021894271124444649 0.08943174941906365 -0.020850808287026696 -0.088356600030745289 0.013917120904345664 -0.027621909370296939 -0.08995646347655703 0.060840631883387487
leaf_weight=31 53 35 56 55 56 31 43 44 51 43
leaf_count=31 53 35 56 55 56 31 43 44 51 43
internal_value=0.00565859 -0.0123738 0.0268408 0.0381097 -0.0257589 0.00175744 -0.0289275 0.0183699 -0.0537896 0.0388109
internal_weight=498 269 229 198 216 109 74 143 107 99
internal_count=498 269 229 198 216 109 74 143 107 99
is_linear=0
shrinkage=0.076067


Tree=28
num_leaves=12
num_cat=0
split_feature=3 6 11 2 12 3 0 6 7 2 3
split_gain=28.0636 28.9776 32.6317 27.4022 31.7127 26.769 24.0346 19.1571 17.9414 40.0238 25.7699
threshold=0.039769539193789956 9.0500000000000025 -0.14999999999999961 9.6500000000000004 3.3964285714285718 -0.35041564478062465 61.650000000000013 11.350000000000003 4789.0000000000009 20.800000000000004 0.90162119223771342
decision_type=2 2 2 2 2 2 2 2 2 2 2
left_child=3 -2 -3 -1 5 6 7 -5 10 -10 -4
right_child=1 2 8 4 -6 -7 -8 -9 9 -11 -12
leaf_value=-0.041700027415015564 0.038968038475708372 -0.076978840877777371 -0.016480181010260414 0.090855891400650826 -0.02258638696971528 0.10145386661582671 -0.024272404436524588 0.015932591744811767 -0.097419408601734647 0.019345788180717118 0.064675288172939202
leaf_weight=31 53 51 61 40 43 44 32 39 33 35 36
leaf_count=31 53 51 61 40 43 44 32 39 33 35 36
internal_value=0.00522816 -0.0114325 -0.0237996 0.0247991 0.0352108 0.0512451 0.0313417 0.0538692 -0.0073619 -0.0373198 0.0136394
internal_weight=498 269 216 229 198 155 111 79 165 68 97
internal_count=498 269 216 229 198 155 111 79 165 68 97
is_linear=0
shrinkage=0.076067


Tree=29
num_leaves=13
num_cat=0
split_feature=10 10 11 9 12 9 13 6 6 13 12 12
split_gain=30.2452 40.0845 28.767 24.2247 22.9913 17.6516 27.0271 19.4516 31.7181 17.0049 16.1986 8.56926
threshold=-1.4500000000000026 -0.45000000000000279 0.8857142857142849 5.5500000000000016 0.58214285714285741 3.3999999999999999 1.8746427542835684 14.450000000000001 8.8500000000000032 2.2296166139648483 0.29642857142857154 2.3607142857142867
decision_type=2 2 2 2 2 2 2 2 2 2 2 2
left_child=10 -2 4 5 -3 6 11 8 -8 -7 -1 -4
right_child=1 2 3 -5 -6 9 7 -9 -10 -11 -12 -13
leaf_value=-0.08346881192153692 0.074010589191168763 0.0017161383222518462 0.087717264229647207 0.074941094460897348 -0.085506751412720558 -0.055098181793273145 0.039704807222072945 0.04139436485867453 -0.052868787960383801 0.016790638813485668 -0.0068932249047245365 0.03159949457048121
leaf_weight=31 53 36 31 33 34 45 33 43 61 33 33 32
leaf_count=31 53 36 31 33 34 45 33 43 61 33 33 32
internal_value=0.00483048 0.0120293 0.00340698 0.0133234 -0.0406494 0.00600876 0.0179789 -0.000983308 -0.0203693 -0.0246835 -0.0439854 0.0592141
internal_weight=498 434 381 311 70 278 200 137 94 78 64 63
internal_count=498 434 381 311 70 278 200 137 94 78 64 63
is_linear=0
shrinkage=0.076067


Tree=30
num_leaves=14
num_cat=0
split_feature=9 6 0 7 9 12 5 6 2 5 1 7 10
split_gain=39.9126 66.9387 46.7672 32.2736 18.7362 16.1468 22.8214 16.3943 16.9914 13.2974 11.6281 11.1568 6.61228
threshold=0.65000000000000047 7.5500000000000007 32.150000000000013 2576.0000000000005 -0.80000000000000016 0.25714285714285701 1.0000000180025095e-35 14.750000000000002 24.650000000000006 0.33350000000000002 53.45000000000001 2989.0000000000005 2.3999999999999999
decision_type=2 2 2 2 2 2 2 2 2 2 2 2 2
left_child=2 -2 3 -1 -4 -3 7 8 11 10 -8 -7 -13
right_child=1 5 4 -5 -6 6 9 -9 -10 -11 -12 12 -14
leaf_value=-0.031674197546750986 0.11587156663651178 -0.049197226025079692 0.057248971904220007 -0.12389881839920107 -0.019957816845462349 0.031952160391172338 -0.0045795866225235076 0.064412911571295708 0.060678015279710007 0.020828123170086407 -0.066099577957803385 0.0046572668734940282 -0.041606520659573161
leaf_weight=54 33 32 31 37 44 35 32 44 31 31 40 33 39
leaf_count=54 33 32 31 37 44 35 32 44 31 31 40 33 39
internal_value=-0.00180021 0.0127693 -0.0325191 -0.0691731 0.0119543 0.00203594 0.00778863 0.0239817 0.0110901 -0.0208241 -0.038758 -0.0032766 -0.0204022
internal_weight=516 350 166 91 75 317 285 182 138 103 72 107 72
internal_count=516 350 166 91 75 317 285 182 138 103 72 107 72
is_linear=0
shrinkage=0.076067


Tree=31
num_leaves=13
num_cat=0
split_feature=0 0 13 12 0 0 5 6 13 1 13 0
split_gain=24.5479 46.752 20.7808 20.2371 17.7955 26.4864 18.0672 20.225 17.2464 8.52151 8.3601 18.416
threshold=2.1500000000000004 13.600000000000001 3.4065059314538551 1.0321428571428573 20.150000000000002 32.050000000000004 1.0000000180025095e-35 14.750000000000002 1.7803824548893377 78.15000000000002 2.5736586266032844 50.95000000000001
decision_type=2 2 2 2 2 2 2 2 2 2 2 2
left_child=-1 -2 4 -4 -3 -6 7 8 -7 -8 11 -10
right_child=1 2 3 -5 5 6 9 -9 10 -11 -12 -13
leaf_value=0.056359805428378949 -0.08975645622602417 0.059399415113499276 -0.00068709858903714092 -0.080714410942598694 -0.048058901985069687 -0.035002653433140948 0.0015456872848033437 0.070371341576459009 -0.030977509170699996 -0.04597752531108 0.059800678372668746 0.044861665839775876
leaf_weight=39 36 35 41 33 51 35 61 44 32 34 31 44
leaf_count=39 36 35 41 33 51 35 61 44 32 34 31 44
internal_value=-0.00166327 -0.00640743 0.000396671 -0.0363757 0.00781139 0.0023727 0.011526 0.0253106 0.0113476 -0.0154626 0.0265093 0.0129291
internal_weight=516 477 441 74 367 332 281 186 142 95 107 76
internal_count=516 477 441 74 367 332 281 186 142 95 107 76
is_linear=0
shrinkage=0.076067


Tree=32
num_leaves=13
num_cat=0
split_feature=9 6 0 7 9 11 5 9 9 10 9 8
split_gain=33.2197 55.6146 38.4378 26.7695 15.3526 15.11 20.3012 19.0776 15.2608 16.1674 22.3353 2.27264
threshold=0.54999999999999727 7.5500000000000007 32.150000000000013 2576.0000000000005 -0.80000000000000016 0.24999999999999969 1.0000000180025095e-35 2.600000000000001 1.55 4.7500000000000009 3.3499999999999983 0.14150000000000001
decision_type=2 2 2 2 2 2 2 2 2 2 2 2
left_child=2 -2 3 -1 -4 -3 8 -8 -7 10 11 -10
right_child=1 5 4 -5 -6 6 7 -9 9 -11 -12 -13
leaf_value=-0.028635401151890887 0.10240744752979643 -0.046511689319829463 0.052294635809856868 -0.11262849636094456 -0.020274863161179602 0.068977808730215112 -0.060290868700823855 0.006805205079657403 0.0069531114607705004 -0.037109411411049668 0.057492540868735668 -0.022173229772626261
leaf_weight=54 35 34 31 37 37 33 41 61 31 31 60 31
leaf_count=54 35 34 31 37 37 33 41 61 31 31 60 31
internal_value=-0.00153676 0.0113437 -0.0304571 -0.0627874 0.0128082 0.00144521 0.00710697 -0.0201648 0.0220626 0.0119432 0.0244077 -0.0076098
internal_weight=516 357 159 91 68 322 288 102 186 153 122 62
internal_count=516 357 159 91 68 322 288 102 186 153 122 62
is_linear=0
shrinkage=0.076067


end of trees

feature_importances:
forecast_diurnal_range=58
forecast_low=40
lag_low_1d=38
day_sin=37
forecast_wind=35
roll_low_7d_std=30
lag_low_2d=21
forecast_radiation=20
forecast_evap=19
forecast_precip=18
roll_low_7d_mean=18
forecast_high=17
roll_low_14d_mean=17
day_cos=13

parameters:
[boosting: gbdt]
[objective: regression]
[metric: l2]
[tree_learner: serial]
[device_type: cpu]
[data_sample_strategy: bagging]
[data: ]
[valid: ]
[num_iterations: 33]
[learning_rate: 0.076067]
[num_leaves: 33]
[num_threads: 2]
[seed: 42]
[deterministic: 0]
[force_col_wise: 0]
[force_row_wise: 0]
[histogram_pool_size: -1]
[max_depth: -1]
[min_data_in_leaf: 31]
[min_sum_hessian_in_leaf: 0.001]
[bagging_fraction: 0.643881]
[pos_bagging_fraction: 1]
[neg_bagging_fraction: 1]
[bagging_freq: 3]
[bagging_seed: 400]
[bagging_by_query: 0]
[feature_fraction: 0.821227]
[feature_fraction_bynode: 1]
[feature_fraction_seed: 30056]
[extra_trees: 0]
[extra_seed: 12879]
[early_stopping_round: 0]
[early_stopping_min_delta: 0]
[first_metric_only: 0]
[max_delta_step: 0]
[lambda_l1: 0.00028811]
[lambda_l2: 0.000776294]
[linear_lambda: 0]
[min_gain_to_split: 0]
[drop_rate: 0.1]
[max_drop: 50]
[skip_drop: 0.5]
[xgboost_dart_mode: 0]
[uniform_drop: 0]
[drop_seed: 17869]
[top_rate: 0.2]
[other_rate: 0.1]
[min_data_per_group: 100]
[max_cat_threshold: 32]
[cat_l2: 10]
[cat_smooth: 10]
[max_cat_to_onehot: 4]
[top_k: 20]
[monotone_constraints: ]
[monotone_constraints_method: basic]
[monotone_penalty: 0]
[feature_contri: ]
[forcedsplits_filename: ]
[refit_decay_rate: 0.9]
[cegb_tradeoff: 1]
[cegb_penalty_split: 0]
[cegb_penalty_feature_lazy: ]
[cegb_penalty_feature_coupled: ]
[path_smooth: 0]
[interaction_constraints: ]
[verbosity: -1]
[saved_feature_importance_type: 0]
[use_quantized_grad: 0]
[num_grad_quant_bins: 4]
[quant_train_renew_leaf: 0]
[stochastic_rounding: 1]
[linear_tree: 0]
[max_bin: 255]
[max_bin_by_feature: ]
[min_data_in_bin: 3]
[bin_construct_sample_cnt: 200000]
[data_random_seed: 175]
[is_enable_sparse: 1]
[enable_bundle: 1]
[use_missing: 1]
[zero_as_missing: 0]
[feature_pre_filter: 1]
[pre_partition: 0]
[two_round: 0]
[header: 0]
[label_column: ]
[weight_column: ]
[group_column: ]
[ignore_column: ]
[categorical_feature: ]
[forcedbins_filename: ]
[precise_float_parser: 0]
[parser_config_file: ]
[objective_seed: 16083]
[num_class: 1]
[is_unbalance: 0]
[scale_pos_weight: 1]
[sigmoid: 1]
[boost_from_average: 1]
[reg_sqrt: 0]
[alpha: 0.9]
[fair_c: 1]
[poisson_max_delta_step: 0.7]
[tweedie_variance_power: 1.5]
[lambdarank_truncation_level: 30]
[lambdarank_norm: 1]
[label_gain: ]
[lambdarank_position_bias_regularization: 0]
[eval_at: ]
[multi_error_top_k: 1]
[auc_mu_weights: ]
[num_machines: 1]
[local_listen_port: 12400]
[time_out: 120]
[machine_list_filename: ]
[machines: ]
[gpu_platform_id: -1]
[gpu_device_id: -1]
[gpu_use_dp: 0]
[num_gpu: 1]

end of parameters

pandas_categorical:[]
