tree
version=v4
num_class=1
num_tree_per_iteration=1
label_index=0
max_feature_idx=13
objective=regression
feature_names=forecast_high forecast_low forecast_diurnal_range day_sin day_cos forecast_precip forecast_wind forecast_radiation forecast_evap lag_high_1d lag_high_2d roll_high_7d_mean roll_high_14d_mean roll_high_7d_std
feature_infos=[13.5:100.5] [-7:77.599999999999994] [2.5:39.700000000000003] [-0.99999942202469239:0.99998555065071859] [-0.99997919295908244:0.9999907524084426] [0:4.3710000000000004] [4:25.800000000000001] [255:8659] [0.0080000000000000002:0.31] [-10.1:14] [-10.1:14] [-2.9285714285714284:6.0857142857142881] [-2.4071428571428561:5.5499999999999998] [0.44668088108151938:7.3078561770714892]
tree_sizes=776 897 901 820 986 983 821 883 894 830 963 904 821 902 908 965 908 911 744 907 908 904 902 828 990 894 905 890 892 902 824 903 914 822 814 831 828 818 981 908 826 992 826 910 890 910 886 825 886 912 912 810 814 913 915 996 749

Tree=0
num_leaves=8
num_cat=0
split_feature=0 2 5 6 10 1 0
split_gain=378.852 199.741 209.793 137.035 61.3754 43.774 63.0703
threshold=88.550000000000011 17.400000000000006 0.022000000000000002 11.950000000000001 3.6500000000000026 37.95000000000001 76.250000000000014
decision_type=2 2 2 2 2 2 2
left_child=1 2 3 -1 5 -3 -7
right_child=-2 4 -4 -5 -6 6 -8
leaf_value=1.0810124796422196 0.86237317594707019 0.94770452965528484 1.0201667350971364 1.207921349289621 1.0789221810169172 1.0730594177257093 0.9782911911494353
leaf_weight=74 48 58 92 76 47 51 74
leaf_count=74 48 58 92 76 47 51 74
internal_value=1.03806 1.05603 1.09774 1.14566 1.01238 0.995008 1.01738
internal_weight=520 472 242 150 230 183 125
internal_count=520 472 242 150 230 183 125
is_linear=0
shrinkage=1


Tree=1
num_leaves=9
num_cat=0
split_feature=0 9 2 5 6 9 3 2
split_gain=356.842 193.021 162.33 168.186 122.119 42.7293 39.5385 18.2192
threshold=83.750000000000014 4.2500000000000009 19.650000000000006 0.022000000000000002 11.750000000000002 0.24999999999999997 0.54219432480460406 22.250000000000007
decision_type=2 2 2 2 2 2 2 2
left_child=1 2 3 4 -1 -4 -5 -2
right_child=7 -3 5 6 -6 -7 -8 -9
leaf_value=0.022690423492415276 -0.086547169860701545 0.1257853194666326 -0.10714509565194144 0.0089004990037201814 0.14581344554266126 -0.026953478060694612 -0.075447310427778469 -0.14780614707800449
leaf_weight=76 48 65 47 47 66 80 47 49
leaf_count=76 48 65 47 47 66 80 47 49
internal_value=-0.00417592 0.0215056 0.00268843 0.0350547 0.0802861 -0.0570438 -0.0327153 -0.118033
internal_weight=525 428 363 236 142 127 94 97
internal_count=525 428 363 236 142 127 94 97
is_linear=0
shrinkage=0.0656973


Tree=2
num_leaves=9
num_cat=0
split_feature=0 5 0 1 8 0 8 8
split_gain=326.001 145.707 203.124 112.81 101.45 45.4161 37.9665 35.9907
threshold=81.850000000000009 0.022000000000000002 61.45000000000001 32.150000000000013 0.14450000000000002 39.850000000000001 0.037500000000000006 0.19850000000000004
decision_type=2 2 2 2 2 2 2 2
left_child=1 2 3 5 -4 -1 -3 -2
right_child=7 6 4 -5 -6 -7 -8 -9
leaf_value=0.096894097103038132 -0.053893765833641673 -0.07724690451728182 -0.075081344622150784 0.16995103533651215 0.048211462964592736 0.011069922643944607 -0.0013489383284064928 -0.13016523530532789
leaf_weight=58 49 52 60 60 55 52 66 68
leaf_count=58 49 52 60 60 55 52 66 68
internal_value=-0.00203576 0.0258894 0.0513832 0.097044 -0.015659 0.0567996 -0.0352401 -0.0986709
internal_weight=520 403 285 170 115 110 118 117
internal_count=520 403 285 170 115 110 118 117
is_linear=0
shrinkage=0.0656973


Tree=3
num_leaves=8
num_cat=0
split_feature=2 7 13 9 3 0 7
split_gain=273.134 153.47 155.663 136.747 120.455 53.0007 45.443
threshold=18.550000000000001 2943.0000000000005 2.550908342122332 3.6500000000000026 -0.005375728450543499 86.550000000000011 4504.0000000000009
decision_type=2 2 2 2 2 2 2
left_child=1 4 -3 5 -1 6 -2
right_child=3 2 -4 -5 -6 -7 -8
leaf_value=0.04832835442035268 -0.099907402150945235 0.0043124949003365614 0.15083313893929101 0.040081340583846235 -0.07268156217254941 -0.13885516211144355 -0.025537302054399528
leaf_weight=74 69 55 75 49 68 53 78
leaf_count=74 69 55 75 49 68 53 78
internal_value=-0.00776348 0.0376327 0.0892472 -0.0575635 -0.00925062 -0.0817488 -0.0608026
internal_weight=521 272 130 249 142 200 147
internal_count=521 272 130 249 142 200 147
is_linear=0
shrinkage=0.0656973


Tree=4
num_leaves=10
num_cat=0
split_feature=0 2 7 9 6 3 7 11 3
split_gain=230.023 141.652 153.671 118.648 102.382 82.7868 24.2232 21.9475 13.7988
threshold=83.750000000000014 19.550000000000004 2308.5000000000005 1.0000000180025095e-35 15.050000000000002 -0.005375728450543499 3282.5000000000005 1.1499999999999997 -0.28519255817492867
decision_type=2 2 2 2 2 2 2 2 2
left_child=1 2 5 -3 6 -1 -4 -5 -2
right_child=8 3 4 7 -6 -7 -8 -9 -10
leaf_value=0.049170635192487849 -0.11411747921229813 -0.10490955018912597 0.022599484925853692 0.047898749025083329 0.1616947637334761 -0.072041789313885912 0.082368555415061551 -0.0081558196181808675 -0.060305231488812013
leaf_weight=47 48 52 58 48 58 50 66 78 47
leaf_count=47 48 52 58 48 58 50 66 78 47
internal_value=0.00485066 0.0242767 0.0535457 -0.0213051 0.0891775 -0.0127692 0.0548351 0.012782 -0.0880468
internal_weight=552 457 279 178 182 97 124 126 95
internal_count=552 457 279 178 182 97 124 126 95
is_linear=0
shrinkage=0.0656973


Tree=5
num_leaves=10
num_cat=0
split_feature=2 5 3 1 7 2 1 12 12
split_gain=258.522 221.027 133.073 124.448 57.6981 53.6885 33.8558 33.2112 26.4182
threshold=17.400000000000006 0.022000000000000002 0.39036257410962039 64.000000000000014 3007.0000000000005 26.450000000000006 50.650000000000013 1.3464285714285726 0.97857142857142931
decision_type=2 2 2 2 2 2 2 2 2
left_child=1 2 7 4 -2 8 -3 -1 -6
right_child=3 6 -4 -5 5 -7 -8 -9 -10
leaf_value=0.019025198958084015 -0.075778017048337865 -0.057075021302841401 0.18588628706031893 -0.12948020212277639 -0.0062812993460496626 -0.044677519044374267 0.019400192043087114 0.098389294409750916 0.056123908256359469
leaf_weight=47 48 47 60 47 47 61 52 48 72
leaf_count=47 48 47 60 47 47 61 52 48 72
internal_value=0.0119874 0.0598474 0.108871 -0.0320271 -0.011708 0.00508584 -0.0163763 0.0596772 0.0310356
internal_weight=529 254 155 275 228 180 99 95 119
internal_count=529 254 155 275 228 180 99 95 119
is_linear=0
shrinkage=0.0656973


Tree=6
num_leaves=8
num_cat=0
split_feature=0 7 2 2 6 9 2
split_gain=227.561 164.951 172.191 105.034 68.2748 50.4445 21.7324
threshold=83.350000000000009 2318.0000000000005 17.500000000000007 13.150000000000004 10.450000000000001 3.7500000000000004 23.850000000000005
decision_type=2 2 2 2 2 2 2
left_child=1 3 4 -1 -3 6 -4
right_child=-2 2 5 -5 -6 -7 -8
leaf_value=0.0010344699009011797 -0.097634183701309593 0.033561367578596436 -4.5499407514961445e-05 -0.1222054312811911 0.12989564219062777 0.053108913690288542 -0.056371888436824856
leaf_weight=72 93 52 68 50 89 49 55
leaf_count=72 93 52 68 50 89 49 55
internal_value=-0.00427768 0.0155607 0.0409096 -0.0490437 0.0947402 -0.00291402 -0.0256586
internal_weight=528 435 313 122 141 172 123
internal_count=528 435 313 122 141 172 123
is_linear=0
shrinkage=0.0656973


Tree=7
num_leaves=9
num_cat=0
split_feature=0 7 9 6 3 6 9 7
split_gain=190.9 143.381 110.182 71.6885 55.3845 56.1351 36.0455 26.2497
threshold=79.700000000000003 1357.5000000000002 4.6500000000000012 13.250000000000002 0.074116354202380164 10.15 0.24999999999999997 3430.0000000000005
decision_type=2 2 2 2 2 2 2 2
left_child=1 -1 3 4 -3 -6 -2 -5
right_child=6 2 -4 7 5 -7 -8 -9
leaf_value=-0.076762872088594392 -0.095088840606655498 0.041071279001264005 0.12761914700131763 0.03737446601251309 0.015063410683573423 -0.084228231066665896 -0.023520730181945757 0.1059689276661067
leaf_weight=49 73 81 56 55 50 47 56 48
leaf_count=49 73 81 56 55 50 47 56 48
internal_value=0.00464071 0.0278589 0.0432266 0.0262215 0.000680996 -0.0325061 -0.0644272 0.0698501
internal_weight=515 386 337 281 178 97 129 103
internal_count=515 386 337 281 178 97 129 103
is_linear=0
shrinkage=0.0656973


Tree=8
num_leaves=9
num_cat=0
split_feature=2 5 9 0 0 4 2 6
split_gain=192.74 149.021 126.302 91.5589 84.6342 58.1965 29.3659 17.3941
threshold=20.100000000000009 0.022000000000000002 2.1500000000000026 61.750000000000007 62.95000000000001 0.49626980634301182 14.200000000000005 9.6500000000000004
decision_type=2 2 2 2 2 2 2 2
left_child=1 4 7 -3 5 -1 -7 -2
right_child=2 3 -4 -5 -6 6 -8 -9
leaf_value=0.15324203851639923 -0.050388942397336343 -0.088114297935816058 0.024016082842136004 0.028818048701672191 0.0040904488002845565 0.09949786696427991 0.024931652054630923 -0.1022657038103036
leaf_weight=49 48 55 69 60 67 49 47 89
leaf_count=49 48 55 69 60 67 49 47 89
internal_value=0.00179102 0.0332424 -0.0478796 -0.0266499 0.0659787 0.0942135 0.063538 -0.0844728
internal_weight=533 327 206 115 212 145 96 137
internal_count=533 327 206 115 212 145 96 137
is_linear=0
shrinkage=0.0656973


Tree=9
num_leaves=8
num_cat=0
split_feature=9 12 6 5 6 9 3
split_gain=153.858 67.9841 71.558 73.111 45.5095 39.9109 38.9762
threshold=4.6500000000000012 0.61428571428571477 13.350000000000003 1.0000000180025095e-35 10.250000000000002 0.75000000000000011 -0.61237985104942771
decision_type=2 2 2 2 2 2 2
left_child=1 6 4 -4 5 -3 -1
right_child=-2 2 3 -5 -6 -7 -8
leaf_value=-0.016192424244823034 0.090031998490102835 -0.041179886637153607 0.088516453784794405 -0.014847519478392837 -0.064744129035679679 0.040311308798353263 -0.081376743035227392
leaf_weight=73 63 49 62 55 77 55 93
leaf_count=73 63 49 62 55 77 55 93
internal_value=-0.00615771 -0.019331 -0.00038451 0.0394782 -0.0264419 0.00141199 -0.0530274
internal_weight=527 464 298 117 181 104 166
internal_count=527 464 298 117 181 104 166
is_linear=0
shrinkage=0.0656973


Tree=10
num_leaves=10
num_cat=0
split_feature=0 1 0 7 7 3 6 6 3
split_gain=128.489 101.855 72.359 70.5633 53.7465 136.132 51.2434 61.5925 56.2181
threshold=51.350000000000001 31.650000000000002 88.550000000000011 2910.5000000000005 3007.0000000000005 0.14250626876356548 12.250000000000002 10.15 -0.71504373327588355
decision_type=2 2 2 2 2 2 2 2 2
left_child=1 3 4 -1 5 -2 7 8 -6
right_child=2 -3 -4 -5 6 -7 -8 -9 -10
leaf_value=-0.035519439603647847 0.027903997442777703 0.13035221064699151 -0.09681902109361841 0.072766931079796218 -0.037784839393045978 -0.12787769653353792 0.048482212271348642 -0.072744953927989783 0.059755578891543627
leaf_weight=56 47 48 47 48 47 49 84 53 55
leaf_count=56 47 48 47 48 47 49 84 53 55
internal_value=0 0.0510568 -0.0203595 0.0139545 -0.00947572 -0.0510631 0.00700934 -0.0151278 0.0142962
internal_weight=534 152 382 104 335 96 239 155 102
internal_count=534 152 382 104 335 96 239 155 102
is_linear=0
shrinkage=0.0656973


Tree=11
num_leaves=9
num_cat=0
split_feature=9 7 0 10 0 12 0 1
split_gain=167.461 66.1661 115.689 50.3064 37.1257 29.5543 25.0141 22.7587
threshold=3.5499999999999976 2616.0000000000005 71.950000000000017 1.6500000000000024 84.750000000000014 1.1535714285714282 51.350000000000001 60.650000000000013
decision_type=2 2 2 2 2 2 2 2
left_child=1 5 3 -3 7 -1 -2 -4
right_child=6 2 4 -5 -6 -7 -8 -9
leaf_value=-0.020598075850243442 0.10726693953344031 0.080976111757008598 -0.037341739537225319 -0.002509955448731786 -0.068299046515888487 -0.089086972468528508 0.039251316908708804 0.02336765850422599
leaf_weight=47 49 70 60 54 89 73 51 47
leaf_count=47 49 70 60 54 89 73 51 47
internal_value=-0.0035215 -0.0210555 -0.00527515 0.0441962 -0.036841 -0.0626993 0.0731036 -0.0101847
internal_weight=540 440 320 124 196 120 100 107
internal_count=540 440 320 124 196 120 100 107
is_linear=0
shrinkage=0.0656973


Tree=12
num_leaves=8
num_cat=0
split_feature=9 2 9 4 0 1 11
split_gain=151.646 121.394 85.1898 62.766 65.3022 25.4367 21.1014
threshold=4.049999999999998 14.299999999999999 0.4500000000000029 0.5403928698825039 71.950000000000017 64.000000000000014 0.77142857142857235
decision_type=2 2 2 2 2 2 2
left_child=1 2 -1 4 -3 6 -6
right_child=-2 3 -4 -5 5 -7 -8
leaf_value=-0.0041107073874308191 0.085762194803026659 0.033704439884973694 0.10011142463360506 -0.087854084013406636 0.007966591839627838 -0.07158024751547104 -0.050190094723601329
leaf_weight=74 86 77 61 68 57 65 49
leaf_count=74 86 77 61 68 57 65 49
internal_value=0.00575218 -0.0093884 0.0425937 -0.0317619 -0.0161703 -0.0389353 -0.0184223
internal_weight=537 451 135 316 248 171 106
internal_count=537 451 135 316 248 171 106
is_linear=0
shrinkage=0.0656973


Tree=13
num_leaves=9
num_cat=0
split_feature=9 7 3 2 0 0 9 2
split_gain=103.576 78.7045 173.47 112.411 40.6316 24.1963 22.9156 22.8872
threshold=4.2500000000000009 3268.0000000000005 0.24372619187392147 18.050000000000001 84.750000000000014 51.050000000000004 0.24999999999999997 24.150000000000006
decision_type=2 2 2 2 2 2 2 2
left_child=1 2 5 6 7 -1 -3 -5
right_child=-2 3 -4 4 -6 -7 -8 -9
leaf_value=0.029308012335876495 0.058676741341771532 0.022233123167128919 -0.13044582278454725 0.015680606157815396 -0.079003170873903336 -0.034033390280095728 0.088284474037323951 -0.041701669763383513
leaf_weight=53 75 49 80 63 57 51 47 56
leaf_count=53 75 49 80 63 57 51 47 56
internal_value=-0.0126632 -0.0245118 -0.0577068 -0.00186354 -0.033242 -0.00124921 0.0551172 -0.010882
internal_weight=531 456 184 272 176 104 96 119
internal_count=531 456 184 272 176 104 96 119
is_linear=0
shrinkage=0.0656973


Tree=14
num_leaves=9
num_cat=0
split_feature=9 2 7 4 2 9 9 13
split_gain=138.402 105.969 118.438 94.1426 64.0995 49.5386 19.7727 14.7221
threshold=4.049999999999998 18.350000000000005 3612.0000000000005 0.21652257995689159 12.350000000000005 0.24999999999999997 1.7500000000000002 2.4808792307146943
decision_type=2 2 2 2 2 2 2 2
left_child=1 2 3 -1 -5 7 -7 -3
right_child=-2 5 -4 4 -6 6 -8 -9
leaf_value=-0.082147873552619516 0.095402596243308463 -0.099394370742262109 0.087598186987327034 0.068585610192272675 -0.032308020791176291 0.017627670037133076 -0.035423265381469768 -0.047991196306204402
leaf_weight=52 65 48 82 63 47 58 62 61
leaf_count=52 65 48 82 63 47 58 62 61
internal_value=0.00546059 -0.0067884 0.0232021 -0.00906959 0.0249996 -0.0389724 -0.00934481 -0.0711087
internal_weight=538 473 244 162 110 229 120 109
internal_count=538 473 244 162 110 229 120 109
is_linear=0
shrinkage=0.0656973


Tree=15
num_leaves=10
num_cat=0
split_feature=2 12 7 9 3 3 3 2 9
split_gain=108.298 63.6005 69.1511 52.489 39.1093 32.8298 35.0656 31.1397 14.9352
threshold=17.400000000000006 0.26071428571428529 3674.0000000000005 3.7500000000000004 -0.19337636264337832 0.84313847884979054 -0.51297808981038739 10.550000000000002 0.24999999999999997
decision_type=2 2 2 2 2 2 2 2 2
left_child=1 -1 4 5 -3 6 -2 -6 -8
right_child=3 2 -4 -5 7 -7 8 -9 -10
leaf_value=-0.02876366273505615 -0.022765444319291585 0.071694834206475613 0.112672044719567 0.031155788222125322 0.037591134697212369 0.0051151506600440929 -0.10751299035958273 -0.0380335978227061 -0.05296137399922754
leaf_weight=58 89 50 54 53 47 51 49 47 49
leaf_count=58 89 50 54 53 47 51 49 47 49
internal_value=0 0.0311717 0.0489934 -0.0274132 0.0247496 -0.0406763 -0.0534454 0 -0.0807725
internal_weight=547 256 198 291 144 238 187 94 98
internal_count=547 256 198 291 144 238 187 94 98
is_linear=0
shrinkage=0.0656973


Tree=16
num_leaves=9
num_cat=0
split_feature=9 2 1 7 9 10 5 1
split_gain=97.304 77.528 54.2391 40.3511 37.0823 31.8657 35.3478 19.165
threshold=4.6500000000000012 18.950000000000006 64.600000000000009 4429.0000000000009 -0.40000000000000208 3.2500000000000004 0.062000000000000006 31.650000000000002
decision_type=2 2 2 2 2 2 2 2
left_child=1 2 5 -3 -5 6 7 -1
right_child=-2 3 -4 4 -6 -7 -8 -9
leaf_value=0.031377118406832154 0.079806421357813573 -0.077195199266823028 -0.043742874989633994 -0.058413672968441667 0.0093726102687496232 -0.013739299402245251 -0.0005137121864376426 0.088850231569518559
leaf_weight=47 60 75 54 57 87 53 50 64
leaf_count=47 60 75 54 57 87 53 50 64
internal_value=0.000776633 -0.00885238 0.0147024 -0.0379169 -0.0170952 0.0296954 0.0443196 0.0649874
internal_weight=547 487 268 219 144 214 161 111
internal_count=547 487 268 219 144 214 161 111
is_linear=0
shrinkage=0.0656973


Tree=17
num_leaves=9
num_cat=0
split_feature=9 7 2 13 12 11 8 8
split_gain=99.6186 76.4131 118.534 48.9207 46.6447 44.3186 37.3116 21.1927
threshold=4.6500000000000012 1642.0000000000002 14.799999999999999 2.6875373036063226 0.66785714285714204 1.1499999999999997 0.16550000000000004 0.11850000000000001
decision_type=2 2 2 2 2 2 2 2
left_child=1 -1 3 -3 6 -6 -4 -7
right_child=-2 2 4 -5 5 7 -8 -9
leaf_value=-0.080622045609282142 0.074163262891672396 0.016323300968752834 -0.10053718541699523 0.10423323333795238 0.042780738376842681 -0.051597452555153592 -0.025332493331916447 0.002166224120187544
leaf_weight=61 66 64 47 50 63 63 79 60
leaf_count=61 66 64 47 50 63 63 79 60
internal_value=-0.00147177 -0.0118298 -0.00185615 0.0553405 -0.0229231 -0.00172344 -0.0538014 -0.0249448
internal_weight=553 487 426 114 312 186 126 123
internal_count=553 487 426 114 312 186 126 123
is_linear=0
shrinkage=0.0656973


Tree=18
num_leaves=7
num_cat=0
split_feature=9 8 0 8 2 0
split_gain=85.9278 73.936 113.444 60.1038 37.6724 31.7063
threshold=1.5999999999999981 0.037500000000000006 71.65000000000002 0.047500000000000007 17.150000000000006 85.15000000000002
decision_type=2 2 2 2 2 2
left_child=1 -1 -3 -2 -5 -4
right_child=3 2 5 4 -6 -7
leaf_value=-0.088869420486697631 0.083015307969327476 0.051329828055757976 -0.015029036846102722 0.045741737033225038 -0.020665167734841148 -0.075505447562688691
leaf_weight=60 66 90 91 64 86 67
leaf_count=60 66 90 91 64 86 67
internal_value=-0.000972731 -0.0233489 -0.00728558 0.0306911 0.00731871 -0.0410061
internal_weight=524 308 248 216 150 158
internal_count=524 308 248 216 150 158
is_linear=0
shrinkage=0.0656973


Tree=19
num_leaves=9
num_cat=0
split_feature=6 0 8 9 8 10 1 0
split_gain=75.8291 60.771 64.7254 49.3849 38.6452 27.4074 20.2547 8.97836
threshold=13.350000000000003 69.550000000000011 0.063500000000000015 0.24999999999999997 0.047500000000000007 2.4000000000000026 47.750000000000007 83.350000000000009
decision_type=2 2 2 2 2 2 2 2
left_child=3 2 -2 6 -5 -6 -1 -8
right_child=1 -3 -4 4 5 -7 7 -9
leaf_value=-0.08820533576857717 0.013390020733260568 -0.023990843619173911 0.1155284284426243 0.040659653974739501 -0.043993597021080764 0.012646828551805468 -0.013186657392841422 -0.053759517401124612
leaf_weight=47 62 57 49 63 89 61 50 53
leaf_count=47 62 57 49 63 89 61 50 53
internal_value=-0.00586263 0.0304976 0.0589508 -0.022835 -0.00224176 -0.0206101 -0.0517277 -0.0345733
internal_weight=531 168 111 363 213 150 150 103
internal_count=531 168 111 363 213 150 150 103
is_linear=0
shrinkage=0.0656973


Tree=20
num_leaves=9
num_cat=0
split_feature=2 3 9 8 2 6 13 9
split_gain=123.011 59.014 47.2425 60.2662 31.2371 28.4582 24.3616 22.6157
threshold=18.950000000000006 0.77244481603295057 3.6500000000000026 0.10150000000000002 10.300000000000002 13.350000000000003 2.5583654749145643 0.24999999999999997
decision_type=2 2 2 2 2 2 2 2
left_child=1 4 3 -2 -1 6 -6 -5
right_child=2 -3 -4 7 5 -7 -8 -9
leaf_value=0.050586499627539742 -0.11619756919813511 0.07965106643092601 0.021630809090756067 -0.053779352512562044 -0.049280070901402989 0.037869915021576654 0.011360075873101522 -0.00091794192813211351
leaf_weight=60 47 70 47 78 65 47 49 67
leaf_count=60 47 70 47 78 65 47 49 67
internal_value=-0.00160739 0.0269725 -0.0366251 -0.0511588 0.0100497 -0.00473139 -0.0227553 -0.0297155
internal_weight=530 291 239 192 221 161 114 145
internal_count=530 291 239 192 221 161 114 145
is_linear=0
shrinkage=0.0656973


Tree=21
num_leaves=9
num_cat=0
split_feature=2 9 12 7 7 7 13 12
split_gain=85.2616 84.3575 42.0255 30.2595 27.563 25.6328 28.5738 15.1472
threshold=19.550000000000004 3.6500000000000026 0.93571428571428561 2943.0000000000005 4429.0000000000009 2616.0000000000005 2.7439976909012689 0.13214285714285776
decision_type=2 2 2 2 2 2 2 2
left_child=2 4 3 -1 -2 -4 -7 -6
right_child=1 -3 5 -5 7 6 -8 -9
leaf_value=-0.040536230157446243 -0.08384943326855239 0.05029551206555373 0.020463356352713888 0.025762698045226972 -0.00017849342216585997 0.034794712635680486 0.10789047504884859 -0.048316128750935203
leaf_weight=52 59 49 88 69 52 51 47 68
leaf_count=52 59 49 88 69 52 51 47 68
internal_value=0.00474483 -0.0255696 0.0274294 -0.00229585 -0.0466303 0.0470488 0.0703862 -0.0278937
internal_weight=535 228 307 121 179 186 98 120
internal_count=535 228 307 121 179 186 98 120
is_linear=0
shrinkage=0.0656973


Tree=22
num_leaves=9
num_cat=0
split_feature=12 11 1 1 4 6 9 1
split_gain=46.5673 59.846 36.7611 42.0826 30.1525 29.685 27.0765 24.5027
threshold=0.69285714285714273 2.2500000000000004 51.550000000000004 31.350000000000005 0.70747208174348741 9.3500000000000032 0.79999999999999905 62.45000000000001
decision_type=2 2 2 2 2 2 2 2
left_child=5 2 3 -2 -3 -1 -5 -7
right_child=1 4 -4 6 -6 7 -8 -9
leaf_value=0.0068872242585733458 0.0013444121170714661 -0.049030632661211083 -0.0064590649421928841 0.037730687189849628 0.018401729168968959 -0.016024244209010316 0.10448464230531605 -0.077655532206274067
leaf_weight=78 50 70 61 51 47 63 62 54
leaf_count=78 50 70 61 51 47 63 62 54
internal_value=0.00157191 0.0163071 0.0362857 0.052604 -0.021494 -0.0239268 0.074821 -0.0449178
internal_weight=536 341 224 163 117 195 113 117
internal_count=536 341 224 163 117 195 113 117
is_linear=0
shrinkage=0.0656973


Tree=23
num_leaves=8
num_cat=0
split_feature=8 2 11 2 12 11 6
split_gain=66.9273 92.781 85.7741 44.8394 25.446 18.9071 10.7769
threshold=0.030500000000000003 12.549999999999999 0.29285714285714198 17.400000000000006 -0.092857142857142486 1.7000000000000004 12.750000000000002
decision_type=2 2 2 2 2 2 2
left_child=-1 6 4 -4 -3 -5 -2
right_child=1 2 3 5 -6 -7 -8
leaf_value=-0.062004881138754235 0.039905370180868732 -0.028358083954598948 0.053735446518334957 0.016788516851036502 -0.092455394455871323 -0.026156264148024647 0.087020581140157746
leaf_weight=70 47 70 81 85 47 91 49
leaf_count=70 47 70 81 85 47 91 49
internal_value=-0.00199892 0.00682652 -0.00783715 0.0132271 -0.054555 -0.00511782 0.0645002
internal_weight=540 470 374 257 117 176 96
internal_count=540 470 374 257 117 176 96
is_linear=0
shrinkage=0.0656973


Tree=24
num_leaves=10
num_cat=0
split_feature=12 2 7 2 12 5 13 10 12
split_gain=93.415 72.2062 56.3259 48.3977 40.868 35.0621 42.9885 34.2944 15.2028
threshold=0.77142857142857157 20.350000000000001 3239.0000000000005 17.600000000000009 1.2000000000000004 0.022000000000000002 2.5176496654036256 2.7500000000000004 -0.14285714285714202
decision_type=2 2 2 2 2 2 2 2 2
left_child=2 4 -1 -4 -2 6 -6 -3 -5
right_child=1 7 3 8 5 -7 -8 -9 -10
leaf_value=-0.096847045358109327 0.088782907735771036 -0.053066556490552703 0.0364152246099263 -0.018221631419723074 0.0021338762421994561 -0.01803039298261366 0.091219547247940208 0.017629381317196182 -0.070523344806893165
leaf_weight=53 58 68 48 55 48 55 48 51 48
leaf_count=53 58 68 48 55 48 55 48 51 48
internal_value=-0.00336567 0.018237 -0.0383565 -0.0174793 0.0415845 0.0231079 0.0472232 -0.0223275 -0.0431046
internal_weight=532 328 204 151 209 151 96 119 103
internal_count=532 328 204 151 209 151 96 119 103
is_linear=0
shrinkage=0.0656973


Tree=25
num_leaves=9
num_cat=0
split_feature=2 8 10 6 6 12 11 3
split_gain=57.6557 57.1375 44.3674 27.3012 56.6371 18.9128 14.6863 8.57968
threshold=21.350000000000009 0.030500000000000003 2.4500000000000033 11.65 9.2500000000000018 0.71428571428571341 1.7642857142857142 0.15951094710994368
decision_type=2 2 2 2 2 2 2 2
left_child=1 -1 7 4 -3 -5 -7 -2
right_child=2 3 -4 5 -6 6 -8 -9
leaf_value=-0.045267811098900095 -0.037287783716830378 0.044160180948084223 0.017639653670106427 0.010052504261844498 -0.03598790238240248 0.083432851876537276 0.032292719323580063 -0.074216200472758509
leaf_weight=59 80 78 55 51 74 57 50 51
leaf_count=59 80 78 55 51 74 57 50 51
internal_value=-0.00126013 0.0136749 -0.0311713 0.0250622 0.00479559 0.0442273 0.0600259 -0.052065
internal_weight=555 369 186 310 152 158 107 131
internal_count=555 369 186 310 152 158 107 131
is_linear=0
shrinkage=0.0656973


Tree=26
num_leaves=9
num_cat=0
split_feature=13 2 5 1 6 6 9 6
split_gain=65.622 47.2748 53.2659 96.0744 41.6946 47.672 34.1648 25.1431
threshold=3.862024559936188 10.300000000000002 0.037500000000000006 46.050000000000004 13.350000000000003 9.9500000000000011 1.5999999999999981 11.250000000000002
decision_type=2 2 2 2 2 2 2 2
left_child=1 -1 4 -4 5 6 -3 -7
right_child=-2 2 3 -5 -6 7 -8 -9
leaf_value=0.042270400280932367 0.060280992542293514 -0.018048144436173034 -0.12256216432531961 0.0020061201085910581 0.042286004471708084 -0.082175710156378937 0.050641658237705153 -0.014046973240624757
leaf_weight=73 74 71 49 57 73 50 55 48
leaf_count=73 74 71 49 57 73 50 55 48
internal_value=0.00266008 -0.00618758 -0.0150955 -0.0550824 -0.000647438 -0.0148733 0.0115191 -0.0493418
internal_weight=550 476 403 106 297 224 126 98
internal_count=550 476 403 106 297 224 126 98
is_linear=0
shrinkage=0.0656973


Tree=27
num_leaves=9
num_cat=0
split_feature=1 7 3 2 2 7 3 4
split_gain=72.3156 45.7791 79.3706 73.4069 42.0812 33.0095 36.4921 12.9873
threshold=65.800000000000026 2965.0000000000005 -0.19337636264337832 17.500000000000007 11.100000000000007 5363.5000000000009 0.43733377705052545 -0.49812626372919405
decision_type=2 2 2 2 2 2 2 2
left_child=1 2 -1 -3 -4 6 -5 -7
right_child=-2 3 4 5 -6 7 -8 -9
leaf_value=0.043629555991858922 -0.052684428298855474 0.082605196692381033 -0.0033358271221887474 0 -0.088499623077492484 0.0050437089709980632 0.078919265408395306 -0.041193963740413529
leaf_weight=68 78 86 50 54 53 54 47 48
leaf_count=68 78 86 50 54 53 54 47 48
internal_value=0.00565501 0.0156614 -0.0110553 0.0316511 -0.0476673 0.00980618 0.0365901 -0.0162009
internal_weight=538 460 171 289 103 203 101 102
internal_count=538 460 171 289 103 203 101 102
is_linear=0
shrinkage=0.0656973


Tree=28
num_leaves=9
num_cat=0
split_feature=2 7 6 3 3 6 2 11
split_gain=51.5101 34.8837 31.4643 41.0785 35.3358 30.8637 28.9748 24.2854
threshold=16.150000000000006 3674.0000000000005 10.65 0.12545942051955486 -0.10837695015263894 13.550000000000002 9.5500000000000007 1.5142857142857142
decision_type=2 2 2 2 2 2 2 2
left_child=1 6 4 -4 -2 -5 -1 -8
right_child=2 -3 3 5 -6 -7 7 -9
leaf_value=0.04577226070973317 -0.024217334894420225 0.067729660033670883 0.0033876400116663397 -0.10353026106164717 0.03931245088324975 -0.029232558472228994 -0.048496483508398129 0.017783799588251836
leaf_weight=53 88 57 61 47 66 55 47 47
leaf_count=53 88 57 61 47 66 55 47 47
internal_value=-0.00164228 0.0239975 -0.0183078 -0.0384483 0.00266907 -0.0639821 0.00668322 -0.0147983
internal_weight=521 204 317 163 154 102 147 94
internal_count=521 204 317 163 154 102 147 94
is_linear=0
shrinkage=0.0656973


Tree=29
num_leaves=9
num_cat=0
split_feature=10 1 3 7 2 1 1 3
split_gain=37.281 22.341 32.3721 46.243 37.0539 17.8369 16.1498 9.35951
threshold=4.7500000000000009 64.950000000000017 0.52766072109828632 3239.0000000000005 21.350000000000009 38.150000000000013 30.300000000000001 -0.73866753694953124
decision_type=2 2 2 2 2 2 2 2
left_child=1 2 4 -4 6 -5 -1 -8
right_child=-2 -3 3 5 -6 -7 7 -9
leaf_value=0.005069824099990225 0.049956342046014575 -0.034304498857854589 -0.072967419408834194 -0.025408853935636633 -0.016659429849472742 0.030043195470757372 0.030425897229535152 0.073945802125803345
leaf_weight=48 59 93 51 47 86 53 48 49
leaf_count=48 59 93 51 47 86 53 48 49
internal_value=0.000614735 -0.00540357 0.00149519 -0.0220084 0.0170861 0.00345613 0.0374625 0.052951
internal_weight=534 475 382 151 231 100 145 97
internal_count=534 475 382 151 231 100 145 97
is_linear=0
shrinkage=0.0656973


Tree=30
num_leaves=8
num_cat=0
split_feature=10 2 7 3 2 0 7
split_gain=78.6626 38.208 48.3866 69.9432 67.2228 48.8101 22.5171
threshold=4.3499999999999988 11.100000000000007 5044.0000000000009 0.49812943072827087 18.550000000000001 70.600000000000009 7099.0000000000009
decision_type=2 2 2 2 2 2 2
left_child=1 -1 3 5 -4 -3 -6
right_child=-2 2 4 -5 6 -7 -8
leaf_value=0.031426538474721682 0.073925306036863592 0.020191574476853335 0.071776490714031818 -0.087246498994710209 -0.042011378014150592 -0.061832605563463344 0.014583975399527219
leaf_weight=92 59 89 53 76 68 48 53
leaf_count=92 59 89 53 76 68 48 53
internal_value=0.00227505 -0.00644083 -0.0155784 -0.0366275 0.00988696 -0.0081639 -0.0167881
internal_weight=538 479 387 213 174 137 121
internal_count=538 479 387 213 174 137 121
is_linear=0
shrinkage=0.0656973


Tree=31
num_leaves=9
num_cat=0
split_feature=6 2 12 13 13 11 8 12
split_gain=37.8889 49.5125 30.4562 26.7569 14.4751 24.0056 17.7414 13.6671
threshold=13.250000000000002 19.550000000000004 2.2357142857142853 3.3733901872658043 1.4480692638604655 -0.30714285714285688 0.095500000000000015 1.1357142857142855
decision_type=2 2 2 2 2 2 2 2
left_child=2 7 3 4 -1 -6 -7 -2
right_child=1 -3 -4 -5 5 6 -8 -9
leaf_value=0.017944822547739839 0.020311842196710811 -0.023659860672052464 -0.061460732347272055 0.033951482758921701 -0.062564733823876617 -0.033572602562757077 0.0099023858271666231 0.067810980119598116
leaf_weight=48 47 59 47 62 48 72 90 72
leaf_count=48 47 59 47 62 48 72 90 72
internal_value=0 0.0249501 -0.0119863 -0.0045558 -0.0140128 -0.0215672 -0.009096 0.0494917
internal_weight=545 178 367 320 258 210 162 119
internal_count=545 178 367 320 258 210 162 119
is_linear=0
shrinkage=0.0656973


Tree=32
num_leaves=9
num_cat=0
split_feature=3 0 6 5 10 6 4 11
split_gain=63.5975 38.6915 27.9157 28.103 23.3777 24.0032 22.7941 3.01643
threshold=0.96687895796550427 36.050000000000004 11.350000000000003 0.037500000000000006 1.1500000000000024 9.4500000000000011 -0.19337245081799001 1.1714285714285726
decision_type=2 2 2 2 2 2 2 2
left_child=1 -1 4 6 5 -3 -4 -6
right_child=-2 2 3 -5 7 -7 -8 -9
leaf_value=0.047783947381133451 0.062529856903116923 -0.020824492254360713 -0.0095656327863975973 -0.033730825091363298 0.0052276596777902614 -0.078307034935291148 0.047334340239630075 -0.017185348519246864
leaf_weight=47 62 70 52 56 50 62 69 49
leaf_count=47 62 70 52 56 50 62 69 49
internal_value=7.84715e-06 -0.00839634 -0.0149967 0.00437746 -0.0300689 -0.0482213 0.0224479 -0.00533575
internal_weight=517 455 408 177 231 132 121 99
internal_count=517 455 408 177 231 132 121 99
is_linear=0
shrinkage=0.0656973


Tree=33
num_leaves=8
num_cat=0
split_feature=1 2 7 2 1 3 12
split_gain=47.7717 43.5112 70.0084 46.1047 29.9427 18.4611 6.79182
threshold=64.000000000000014 18.350000000000005 2308.5000000000005 21.850000000000009 31.650000000000002 0.77244481603295057 1.0678571428571435
decision_type=2 2 2 2 2 2 2
left_child=1 2 -1 -3 -4 6 -5
right_child=-2 3 4 5 -6 -7 -8
leaf_value=-0.0090065263868958877 -0.038009728716700539 -0.051754144348170397 0.025873403968788896 -0.020126265842102781 0.091927743336891063 0.046907397404853564 0.014847643615183112
leaf_weight=90 90 67 52 48 78 49 47
leaf_count=90 90 67 52 48 78 49 47
internal_value=0.00536386 0.0145427 0.0350236 -0.00656316 0.0659095 0.0140989 -0.00227117
internal_weight=521 431 220 211 130 144 95
internal_count=521 431 220 211 130 144 95
is_linear=0
shrinkage=0.0656973


Tree=34
num_leaves=8
num_cat=0
split_feature=0 11 4 7 8 6 7
split_gain=31.4855 40.3769 33.535 21.8233 26.1267 12.2979 23.7819
threshold=51.350000000000001 2.2857142857142856 0.86869874770991873 3379.0000000000005 0.13650000000000004 12.15 7099.0000000000009
decision_type=2 2 2 2 2 2 2
left_child=2 3 -1 -2 -5 6 -6
right_child=1 -3 -4 4 5 -7 -8
leaf_value=0.058327396155611992 -0.026516758093886893 -0.058098138767519666 -0.0042419509329273981 0.048645881994354233 -0.036612670486507369 0.026119804339541565 0.021650915604264999
leaf_weight=74 92 60 71 60 74 49 50
leaf_count=74 92 60 71 60 74 49 50
internal_value=0.00114904 -0.00857439 0.0273282 0.000407045 0.0112631 -0.00139885 -0.0126962
internal_weight=530 385 145 325 233 173 124
internal_count=530 385 145 325 233 173 124
is_linear=0
shrinkage=0.0656973


Tree=35
num_leaves=8
num_cat=0
split_feature=10 3 7 11 0 9 13
split_gain=36.1401 30.4907 85.1161 56.0006 40.7986 15.1245 9.10217
threshold=4.6500000000000012 0.29342972903661901 3007.0000000000005 1.5142857142857162 76.550000000000011 2.2500000000000004 2.3051163753522581
decision_type=2 2 2 2 2 2 2
left_child=1 4 -3 -4 5 -1 -6
right_child=-2 2 3 -5 6 -7 -8
leaf_value=0.047954564392622974 0.044319416654501703 -0.089765485182718319 0.034300679744318302 -0.050104062047091218 -0.035189340941662275 0.0010935021600684046 0.00040120565295852543
leaf_weight=86 63 65 86 56 75 49 48
leaf_count=86 63 65 86 56 75 49 48
internal_value=-0.00224146 -0.00866252 -0.0274914 0.000644865 0.00624105 0.0313343 -0.0208738
internal_weight=528 465 207 142 258 135 123
internal_count=528 465 207 142 258 135 123
is_linear=0
shrinkage=0.0656973


Tree=36
num_leaves=8
num_cat=0
split_feature=3 11 2 12 2 12 0
split_gain=40.4951 63.7383 28.3237 46.8497 33.8178 15.2414 26.6427
threshold=0.77244481603295057 1.5142857142857142 17.250000000000004 0.93571428571428561 11.550000000000002 1.0000000180025095e-35 75.850000000000009
decision_type=2 2 2 2 2 2 2
left_child=2 -2 3 -1 -5 -4 -7
right_child=1 -3 5 4 -6 6 -8
leaf_value=-0.024417127525190697 0.08093969625441999 -0.0071141154554327998 0.0065876570286036891 0.00028830859030211766 0.075952065991332307 -0.0087589418782321703 -0.06501829847625
leaf_weight=79 69 71 57 48 58 90 64
leaf_count=79 69 71 57 48 58 90 64
internal_value=0.00549142 0.0359091 -0.00512983 0.01346 0.0421841 -0.0216776 -0.0324801
internal_weight=536 140 396 185 106 211 154
internal_count=536 140 396 185 106 211 154
is_linear=0
shrinkage=0.0656973


Tree=37
num_leaves=8
num_cat=0
split_feature=7 3 4 13 10 2 3
split_gain=27.3883 60.1071 42.7564 40.6005 30.7349 27.4779 21.4945
threshold=2872.0000000000005 -0.005375728450543499 -0.25206183926700709 2.6205233543633808 1.6500000000000024 24.150000000000006 -0.26866367175705824
decision_type=2 2 2 2 2 2 2
left_child=1 -1 5 -4 -5 6 -2
right_child=2 -3 3 4 -6 -7 -8
leaf_value=0.015507783867144957 -0.026770383546934968 -0.05991688196079524 -0.0055116764193850927 0.096539652826009265 0.024098326437882456 -0.050104181946138991 0.026722692422958879
leaf_weight=93 54 88 66 51 55 55 80
leaf_count=93 54 88 66 51 55 55 80
internal_value=0 -0.0208729 0.010441 0.034216 0.0594471 -0.0109181 0.00477429
internal_weight=542 181 361 172 106 189 134
internal_count=542 181 361 172 106 189 134
is_linear=0
shrinkage=0.0656973


Tree=38
num_leaves=10
num_cat=0
split_feature=9 8 6 6 10 12 3 12 12
split_gain=40.9535 42.6377 42.2734 53.0188 47.6427 28.7668 23.3766 15.2309 15.0353
threshold=4.6500000000000012 0.030500000000000003 11.350000000000003 10.15 2.4500000000000033 0.3392857142857128 -0.21861968191509912 1.2928571428571431 0.089285714285713261
decision_type=2 2 2 2 2 2 2 2 2
left_child=1 -1 3 6 5 -4 8 -7 -3
right_child=-2 2 4 -5 -6 7 -8 -9 -10
leaf_value=-0.056384483772777529 0.05846582926657605 0.0064629410140495452 0.0020194399818315744 -0.075597282644059377 -0.025268817307001784 0.091172335840275176 0.03067124400876663 0.039066202726518624 -0.044737325065831494
leaf_weight=54 55 48 48 48 55 51 73 56 48
leaf_count=54 55 48 48 48 55 51 73 56 48
internal_value=0.0047409 -0.00129321 0.00555097 -0.0146285 0.0266529 0.0454152 0.00237769 0.0643921 -0.0185907
internal_weight=536 481 427 217 210 155 169 107 96
internal_count=536 481 427 217 210 155 169 107 96
is_linear=0
shrinkage=0.0656973


Tree=39
num_leaves=9
num_cat=0
split_feature=1 12 9 4 8 11 1 9
split_gain=40.9282 33.059 27.3726 28.5574 27.168 19.8348 18.9701 13.5694
threshold=64.250000000000014 2.5178571428571446 0.24999999999999997 0.61067742788105683 0.08950000000000001 0.97142857142857009 70.250000000000014 2.4500000000000033
decision_type=2 2 2 2 2 2 2 2
left_child=1 2 5 4 -4 -1 -2 -6
right_child=6 -3 3 -5 7 -7 -8 -9
leaf_value=0.0066671182013089188 -0.072648339556499741 -0.049640910788832329 0.080779530345868586 -0.0093365283255756899 0.04349673829905204 -0.040590662702288727 -0.013496759570506696 -0.0024293471213805602
leaf_weight=92 51 47 48 76 54 64 48 53
leaf_count=92 51 47 48 76 54 64 48 53
internal_value=-0.00635548 0.00222451 0.00865897 0.0230972 0.0393386 -0.0123844 -0.0444987 0.020258
internal_weight=533 434 387 231 155 156 99 107
internal_count=533 434 387 231 155 156 99 107
is_linear=0
shrinkage=0.0656973


Tree=40
num_leaves=8
num_cat=0
split_feature=2 7 6 6 9 2 1
split_gain=54.9653 71.6269 27.1314 25.4613 22.3524 20.5312 17.1426
threshold=10.450000000000003 2872.0000000000005 11.750000000000002 10.050000000000002 1.6500000000000024 16.250000000000004 48.150000000000013
decision_type=2 2 2 2 2 2 2
left_child=-1 5 3 4 -3 -2 -4
right_child=1 2 6 -5 -6 -7 -8
leaf_value=0.044536939797936374 -0.030381841480311502 -0.022752888459425427 0.043629894015170687 -0.053306909055090862 0.028733487274312648 -0.091461540980571882 -0.00024761856232445318
leaf_weight=83 50 86 76 55 63 52 73
leaf_count=83 50 86 76 55 63 52 73
internal_value=-0.00448255 -0.0135399 0.00032424 -0.0150903 -0.0006314 -0.0620348 0.0217808
internal_weight=538 455 353 204 149 102 149
internal_count=538 455 353 204 149 102 149
is_linear=0
shrinkage=0.0656973


Tree=41
num_leaves=10
num_cat=0
split_feature=3 0 3 2 10 10 3 12 0
split_gain=34.3381 41.682 27.3957 29.1668 21.6588 16.0274 14.1946 7.70847 7.17168
threshold=0.77244481603295057 53.250000000000007 0.61237135649459018 21.150000000000009 -1.0499999999999969 2.4500000000000033 -0.31799228562170639 0.28214285714285686 64.950000000000017
decision_type=2 2 2 2 2 2 2 2 2
left_child=2 -2 3 4 -1 6 -6 -5 -3
right_child=1 8 -4 7 5 -7 -8 -9 -10
leaf_value=-0.021039469931628054 0.085356252037397898 -0.0071289195691145646 -0.04865521775705086 -0.042572418172571042 0.015884539949771046 0.0010606918432738682 0.061273014247766003 -0.0076400857601164 0.028184909197574288
leaf_weight=50 48 49 48 49 59 71 69 72 47
leaf_count=50 48 49 48 49 59 71 69 72 47
internal_value=0.00753877 0.0352255 -0.00187374 0.00405342 0.0170314 0.0268606 0.0407616 -0.0222198 0.00961368
internal_weight=562 144 418 370 249 199 128 121 96
internal_count=562 144 418 370 249 199 128 121 96
is_linear=0
shrinkage=0.0656973


Tree=42
num_leaves=8
num_cat=0
split_feature=12 12 7 4 1 0 0
split_gain=22.369 33.9894 29.9084 24.4738 30.4379 19.6394 6.42452
threshold=2.4535714285714296 0.74642857142857211 4455.5000000000009 -0.29342786347392819 31.350000000000005 60.050000000000004 86.250000000000014
decision_type=2 2 2 2 2 2 2
left_child=1 2 -1 -3 -5 -6 -4
right_child=-2 3 6 4 5 -7 -8
leaf_value=-0.053657900477707715 -0.043855071252047406 -0.019005501459091759 0.012754428588149472 -0.0070696382621793603 0.067695731645400617 0.015508641891169715 -0.019003692628158805
leaf_weight=79 60 74 64 79 71 61 48
leaf_count=79 60 74 64 79 71 61 48
internal_value=-0.0060282 -0.0011499 -0.0226956 0.0131055 0.0246157 0.0439764 -0.0003878
internal_weight=536 476 191 285 211 132 112
internal_count=536 476 191 285 211 132 112
is_linear=0
shrinkage=0.0656973


Tree=43
num_leaves=9
num_cat=0
split_feature=2 7 3 0 7 4 3 6
split_gain=37.7988 38.7977 85.5096 44.0613 16.0139 36.0882 23.3585 14.1317
threshold=9.4500000000000046 2872.0000000000005 1.0000000180025095e-35 84.300000000000026 5284.5000000000009 -0.4831374111459158 0.39036257410962039 10.350000000000003
decision_type=2 2 2 2 2 2 2 2
left_child=-1 2 -2 4 6 -6 -3 -5
right_child=1 3 -4 7 5 -7 -8 -9
leaf_value=0.043132613285718914 0.01432488538594491 0.0041894107731078488 -0.090506561881003117 -0.0083383509284665844 0.038541609695365409 -0.040452586085666709 0.05758357225065909 -0.059717135241532139
leaf_weight=67 64 74 69 48 47 53 72 50
leaf_count=67 64 74 69 48 47 53 72 50
internal_value=-0.00293373 -0.00951425 -0.0396669 0.00199112 0.0169755 -0.00280071 0.0308801 -0.0350873
internal_weight=544 477 133 344 246 100 146 98
internal_count=544 477 133 344 246 100 146 98
is_linear=0
shrinkage=0.0656973


Tree=44
num_leaves=9
num_cat=0
split_feature=6 6 1 7 7 0 6 6
split_gain=22.7498 24.9771 34.5836 28.146 53.4742 16.8206 13.0722 20.7563
threshold=7.4500000000000011 15.750000000000002 30.650000000000002 2084.5000000000005 4350.5000000000009 60.050000000000004 9.4500000000000011 12.15
decision_type=2 2 2 2 2 2 2 2
left_child=-1 2 -2 -4 -5 -3 -6 -8
right_child=1 5 3 4 6 -7 7 -9
leaf_value=0.045680249441296089 -0.05078257483182648 0.05672452127882132 0.04607261824708872 -0.048605102431221375 0.040828508388774165 0.00087938018952640415 -0.017949331015833549 0.034578549880398178
leaf_weight=50 68 48 50 92 51 49 86 52
leaf_count=50 68 48 50 92 51 49 86 52
internal_value=0.00342535 -0.000728448 -0.00810049 0.000509539 -0.00741108 0.0290549 0.0123635 0.00146364
internal_weight=546 496 399 331 281 97 189 138
internal_count=546 496 399 331 281 97 189 138
is_linear=0
shrinkage=0.0656973


Tree=45
num_leaves=9
num_cat=0
split_feature=0 3 4 9 1 3 1 11
split_gain=43.0566 43.6208 38.2803 26.0795 22.8281 18.0816 11.5678 9.17709
threshold=48.650000000000013 0.54219432480460406 0.90070004940655357 2.5500000000000012 46.20000000000001 -0.22701068973476937 64.000000000000014 0.71428571428571386
decision_type=2 2 2 2 2 2 2 2
left_child=2 3 -1 5 -3 6 7 -2
right_child=1 4 -4 -5 -6 -7 -8 -9
leaf_value=0.058383849860760943 0.013106472377652417 -0.066634426568997124 -0.014515317612240331 0.04541351995850558 -0.012474867854541315 0.022508096015278565 -0.046198487222626254 -0.027140136684970086
leaf_weight=76 47 83 51 47 61 56 52 49
leaf_count=76 47 83 51 47 61 56 52 49
internal_value=-0.00443684 -0.0152226 0.0286963 0.00111038 -0.0440561 -0.00883956 -0.0210553 -0.00688961
internal_weight=522 395 127 251 144 204 148 96
internal_count=522 395 127 251 144 204 148 96
is_linear=0
shrinkage=0.0656973


Tree=46
num_leaves=9
num_cat=0
split_feature=12 1 9 4 8 8 3 1
split_gain=34.8011 29.9838 34.6532 25.0751 22.403 32.4286 34.5222 14.9508
threshold=2.4535714285714296 66.65000000000002 1.9500000000000031 0.38043945030393422 0.18750000000000003 0.035500000000000011 -0.861146256326485 33.550000000000004
decision_type=2 2 2 2 2 2 2 2
left_child=1 2 4 -4 5 -1 -7 -8
right_child=-2 -3 3 -5 -6 6 7 -9
leaf_value=-0.011841958466489421 -0.054846507315831496 -0.035572672190858592 0.012246037976705464 -0.041820133891329561 -0.011515855659922773 0 0.036694239639910101 0.086868186295829597
leaf_weight=48 47 69 73 73 55 47 47 72
leaf_count=48 47 69 73 73 55 47 47 72
internal_value=-0.000791335 0.00434944 0.0111135 -0.0144277 0.025171 0.0348451 0.0486609 0.0674924
internal_weight=531 484 415 146 269 214 166 119
internal_count=531 484 415 146 269 214 166 119
is_linear=0
shrinkage=0.0656973


Tree=47
num_leaves=8
num_cat=0
split_feature=2 7 2 12 8 1 1
split_gain=51.1679 32.1427 28.818 31.6287 30.6184 30.4708 16.7242
threshold=10.600000000000007 2256.5000000000005 26.450000000000006 0.69285714285714273 0.15300000000000002 31.100000000000005 45.650000000000013
decision_type=2 2 2 2 2 2 2
left_child=-1 -2 3 4 -3 -5 -7
right_child=1 2 -4 5 -6 6 -8
leaf_value=0.046953577395039164 -0.050403425482226108 -0.053243701030415154 -0.039377559527432375 -0.020141219206594983 0.011159728887170931 0.065886989709808969 0.01986397623120521
leaf_weight=90 64 57 67 48 70 62 86
leaf_count=90 64 57 67 48 70 62 86
internal_value=0.00162142 -0.00724958 -3.34089e-05 0.00796535 -0.0173327 0.0246251 0.0394983
internal_weight=544 454 390 323 127 196 148
internal_count=544 454 390 323 127 196 148
is_linear=0
shrinkage=0.0656973


Tree=48
num_leaves=9
num_cat=0
split_feature=6 6 6 2 7 9 2 4
split_gain=26.9999 25.5131 35.9199 30.4607 43.9544 15.973 15.3477 3.80289
threshold=7.3500000000000005 11.350000000000003 10.15 10.450000000000003 2921.5000000000005 0.4500000000000029 17.500000000000007 -0.27694043983797378
decision_type=2 2 2 2 2 2 2 2
left_child=-1 2 5 -3 -5 -2 -6 -8
right_child=1 3 -4 4 6 -7 7 -9
leaf_value=0.042214578781023838 -0.032373601758258798 0.054091482337783811 -0.067488916253662601 -0.047013343316628611 0.042003468709243409 0.010725164749030847 -0.014027494722317298 0.011311804535522383
leaf_weight=53 63 47 60 71 58 88 47 56
leaf_count=53 63 47 60 71 58 88 47 56
internal_value=-0.00218792 -0.0070977 -0.0243842 0.00578754 -0.00377206 -0.00690902 0.0149712 0
internal_weight=543 490 211 279 232 151 161 103
internal_count=543 490 211 279 232 151 161 103
is_linear=0
shrinkage=0.0656973


Tree=49
num_leaves=9
num_cat=0
split_feature=7 1 1 8 4 13 11 8
split_gain=29.6274 40.0525 70.5018 23.5275 35.4582 12.547 15.5389 3.16675
threshold=3007.0000000000005 31.650000000000002 39.850000000000001 0.11449999999999996 0.45847758937963173 3.5427228445771699 0.14285714285714332 0.18150000000000002
decision_type=2 2 2 2 2 2 2 2
left_child=1 -1 -3 4 -2 6 -5 -8
right_child=3 2 -4 5 -6 -7 7 -9
leaf_value=-0.07062353780200295 0.065363721228158533 0.058331397701865843 -0.045934848992026836 -0.018704908295162574 -0.0056533104937575062 -0.035320602002157565 0.031332345356105552 0.0063372167616269166
leaf_weight=58 62 47 69 80 57 47 53 48
leaf_count=58 62 47 69 80 57 47 53 48
internal_value=-0.00381083 -0.0260005 -0.0032368 0.00716482 0.0309063 -0.00499649 0.00258789 0.0199729
internal_weight=521 174 116 347 119 228 181 101
internal_count=521 174 116 347 119 228 181 101
is_linear=0
shrinkage=0.0656973


Tree=50
num_leaves=9
num_cat=0
split_feature=9 2 8 4 7 4 8 2
split_gain=39.6858 36.7306 28.1298 31.3516 17.3174 14.9574 15.5779 13.4845
threshold=1.5999999999999981 13.999999999999998 0.03450000000000001 0.50370931781787065 3306.5000000000005 -0.15101602693478736 0.19750000000000004 21.350000000000009
decision_type=2 2 2 2 2 2 2 2
left_child=2 -2 -1 5 -3 6 -4 -6
right_child=1 4 3 -5 7 -7 -8 -9
leaf_value=-0.055837977620045033 0.069772621202926419 -0.022796697173063932 0.018635216350519592 0.042507609464712541 0.045136729594914569 -0.039600977971537589 -0.023727462807264794 -0.00027874597572592383
leaf_weight=48 62 48 79 56 60 63 71 49
leaf_count=48 62 48 79 56 60 63 71 49
internal_value=0.0052503 0.0268208 -0.0094862 -0.00102023 0.00952474 -0.0127105 -0.00106672 0.0242393
internal_weight=536 219 317 269 157 213 150 109
internal_count=536 219 317 269 157 213 150 109
is_linear=0
shrinkage=0.0656973


Tree=51
num_leaves=8
num_cat=0
split_feature=13 5 9 3 8 8 9
split_gain=22.3734 22.8056 26.3217 26.1807 25.3459 41.8984 13.0171
threshold=1.799933801674771 0.14950000000000002 -1.350000000000003 0.90162119223771342 0.054500000000000007 0.14550000000000002 -0.15000000000000205
decision_type=2 2 2 2 2 2 2
left_child=6 2 -2 4 -4 -6 -1
right_child=1 -3 3 -5 5 -7 -8
leaf_value=0 -0.0378188316759554 -0.039505253206770091 0.029765485450604978 0.046535979866549886 -0.049817089631392676 0.017313920641503514 0.044313882583531174
leaf_weight=48 63 73 77 63 80 79 70
leaf_count=48 63 73 77 63 80 79 70
internal_value=0.000789426 -0.0059951 0.000617556 0.00889164 -0.00093519 -0.0161328 0.0262448
internal_weight=553 435 362 299 236 159 118
internal_count=553 435 362 299 236 159 118
is_linear=0
shrinkage=0.0656973


Tree=52
num_leaves=8
num_cat=0
split_feature=2 12 12 6 9 9 7
split_gain=27.7594 19.331 27.2869 16.844 20.5454 14.3464 15.2467
threshold=9.4500000000000046 1.9621428571428574 1.5519230769230774 7.9500000000000011 2.6500000000000026 -1.4500000000000026 4394.5000000000009
decision_type=2 2 2 2 2 2 2
left_child=-1 2 3 -2 5 -5 -7
right_child=1 -3 -4 4 -6 6 -8
leaf_value=0.047100418517506772 0.033136803481766459 -0.026353724435432466 0.04999307499077895 -0.02353905252941851 -0.043051798884295348 -0.011963674899321522 0.030057852396227044
leaf_weight=63 55 92 55 65 54 60 93
leaf_count=63 55 92 55 65 54 60 93
internal_value=0.00611767 0.000559925 0.00717908 0 -0.00672697 0.00203028 0.0132359
internal_weight=537 474 382 327 272 218 153
internal_count=537 474 382 327 272 218 153
is_linear=0
shrinkage=0.0656973


Tree=53
num_leaves=9
num_cat=0
split_feature=3 0 3 3 2 2 12 9
split_gain=27.1464 27.639 40.0141 31.7776 20.3084 17.4414 14.9687 16.6921
threshold=0.96687895796550427 36.550000000000004 0.54219432480460406 0.78325454425165997 16.150000000000006 12.250000000000002 1.0607142857142855 0.40000000000000219
decision_type=2 2 2 2 2 2 2 2
left_child=1 -1 4 -4 5 -3 7 -6
right_child=-2 2 3 -5 6 -7 -8 -9
leaf_value=0.038872551369210619 0.04061779779214398 -6.5245160242656332e-05 -0.085992919333609349 -0.015966488298276803 -0.019184614699544817 0.053341612062043554 -0.035143878354094542 0.031258422489524505
leaf_weight=52 61 53 47 75 63 49 71 51
leaf_count=52 61 53 47 75 63 49 71 51
internal_value=-0.000458776 -0.00600787 -0.0118422 -0.0433739 0.00137873 0.0250767 -0.0114036 0.00292183
internal_weight=522 461 409 122 287 102 185 114
internal_count=522 461 409 122 287 102 185 114
is_linear=0
shrinkage=0.0656973


Tree=54
num_leaves=9
num_cat=0
split_feature=8 8 1 0 8 3 8 7
split_gain=35.7643 25.6639 40.6352 22.4205 42.9013 31.1724 28.8594 3.70799
threshold=0.028500000000000004 0.047500000000000007 31.350000000000005 60.350000000000001 0.14450000000000002 -0.73866753694953124 0.19100000000000003 7135.0000000000009
decision_type=2 2 2 2 2 2 2 2
left_child=-1 -2 -3 -4 5 -5 -6 -8
right_child=1 2 3 4 6 -7 7 -9
leaf_value=-0.054546278873335234 0.034747910836848181 -0.057484290811632956 0.042757306250598426 0.001868332528458552 0.052535227688152962 -0.06641862172704166 -0.016986362876455004 0.0074074774769936512
leaf_weight=51 91 53 55 52 64 61 47 60
leaf_count=51 91 53 55 52 64 61 47 60
internal_value=-0.00216467 0.00325769 -0.00391871 0.0043011 -0.00296168 -0.0345303 0.0175927 -0.00281729
internal_weight=534 483 392 339 284 113 171 107
internal_count=534 483 392 339 284 113 171 107
is_linear=0
shrinkage=0.0656973


Tree=55
num_leaves=10
num_cat=0
split_feature=9 5 5 6 8 4 10 3 2
split_gain=23.3081 20.8435 21.3216 31.7315 19.6468 21.5092 19.0277 16.5671 6.44554
threshold=3.5499999999999976 0.47500000000000003 0.037500000000000006 12.750000000000002 0.15450000000000003 0.29958852271690523 2.5500000000000012 0.17646842360078757 22.950000000000006
decision_type=2 2 2 2 2 2 2 2 2
left_child=1 2 3 4 5 -1 -2 -5 -6
right_child=6 -3 -4 7 8 -7 -8 -9 -10
leaf_value=-0.077035798684751883 -0.0028778195313473079 0.026615057741569463 -0.0461823879512075 -0.0069198660625414497 0.014441165994014904 -0.018038826276456369 0.051818302531349968 0.044798208353261454 -0.019108771069013736
leaf_weight=48 62 49 93 50 47 67 47 54 51
leaf_count=48 62 49 93 50 47 67 47 54 51
internal_value=-0.00689308 -0.0134473 -0.0183632 -0.0100362 -0.0246694 -0.0431198 0.0202255 0.0194293 -0.00248319
internal_weight=568 459 410 317 213 115 109 104 98
internal_count=568 459 410 317 213 115 109 104 98
is_linear=0
shrinkage=0.0656973


Tree=56
num_leaves=7
num_cat=0
split_feature=8 7 3 8 8 10
split_gain=32.0626 62.4193 61.7787 33.8119 19.4009 16.9734
threshold=0.080500000000000016 2965.0000000000005 -0.005375728450543499 0.12150000000000001 0.17750000000000002 0.4500000000000029
decision_type=2 2 2 2 2 2
left_child=1 2 -1 -2 -5 -6
right_child=3 -3 -4 4 5 -7
leaf_value=0.039749996905684579 -0.047167693285139749 0.081678568137897589 -0.03744707219258972 0.023657902974990565 -0.035627599846247159 0.012125406042661905
leaf_weight=88 90 53 91 92 77 53
leaf_count=88 90 53 91 92 77 53
internal_value=0.000459626 0.0190486 0.000211486 -0.0131948 0.000341659 -0.0157555
internal_weight=544 232 179 312 222 130
internal_count=544 232 179 312 222 130
is_linear=0
shrinkage=0.0656973


end of trees

feature_importances:
forecast_diurnal_range=58
lag_high_1d=45
day_sin=44
forecast_radiation=44
forecast_wind=40
forecast_high=38
forecast_low=34
forecast_evap=33
roll_high_14d_mean=31
day_cos=18
lag_high_2d=16
roll_high_7d_mean=16
forecast_precip=13
roll_high_7d_std=13

parameters:
[boosting: gbdt]
[objective: regression]
[metric: l2]
[tree_learner: serial]
[device_type: cpu]
[data_sample_strategy: bagging]
[data: ]
[valid: ]
[num_iterations: 57]
[learning_rate: 0.0656973]
[num_leaves: 54]
[num_threads: 2]
[seed: 42]
[deterministic: 0]
[force_col_wise: 0]
[force_row_wise: 0]
[histogram_pool_size: -1]
[max_depth: -1]
[min_data_in_leaf: 47]
[min_sum_hessian_in_leaf: 0.001]
[bagging_fraction: 0.673973]
[pos_bagging_fraction: 1]
[neg_bagging_fraction: 1]
[bagging_freq: 1]
[bagging_seed: 400]
[bagging_by_query: 0]
[feature_fraction: 0.787232]
[feature_fraction_bynode: 1]
[feature_fraction_seed: 30056]
[extra_trees: 0]
[extra_seed: 12879]
[early_stopping_round: 0]
[early_stopping_min_delta: 0]
[first_metric_only: 0]
[max_delta_step: 0]
[lambda_l1: 0.798513]
[lambda_l2: 1.37881e-08]
[linear_lambda: 0]
[min_gain_to_split: 0]
[drop_rate: 0.1]
[max_drop: 50]
[skip_drop: 0.5]
[xgboost_dart_mode: 0]
[uniform_drop: 0]
[drop_seed: 17869]
[top_rate: 0.2]
[other_rate: 0.1]
[min_data_per_group: 100]
[max_cat_threshold: 32]
[cat_l2: 10]
[cat_smooth: 10]
[max_cat_to_onehot: 4]
[top_k: 20]
[monotone_constraints: ]
[monotone_constraints_method: basic]
[monotone_penalty: 0]
[feature_contri: ]
[forcedsplits_filename: ]
[refit_decay_rate: 0.9]
[cegb_tradeoff: 1]
[cegb_penalty_split: 0]
[cegb_penalty_feature_lazy: ]
[cegb_penalty_feature_coupled: ]
[path_smooth: 0]
[interaction_constraints: ]
[verbosity: -1]
[saved_feature_importance_type: 0]
[use_quantized_grad: 0]
[num_grad_quant_bins: 4]
[quant_train_renew_leaf: 0]
[stochastic_rounding: 1]
[linear_tree: 0]
[max_bin: 255]
[max_bin_by_feature: ]
[min_data_in_bin: 3]
[bin_construct_sample_cnt: 200000]
[data_random_seed: 175]
[is_enable_sparse: 1]
[enable_bundle: 1]
[use_missing: 1]
[zero_as_missing: 0]
[feature_pre_filter: 1]
[pre_partition: 0]
[two_round: 0]
[header: 0]
[label_column: ]
[weight_column: ]
[group_column: ]
[ignore_column: ]
[categorical_feature: ]
[forcedbins_filename: ]
[precise_float_parser: 0]
[parser_config_file: ]
[objective_seed: 16083]
[num_class: 1]
[is_unbalance: 0]
[scale_pos_weight: 1]
[sigmoid: 1]
[boost_from_average: 1]
[reg_sqrt: 0]
[alpha: 0.9]
[fair_c: 1]
[poisson_max_delta_step: 0.7]
[tweedie_variance_power: 1.5]
[lambdarank_truncation_level: 30]
[lambdarank_norm: 1]
[label_gain: ]
[lambdarank_position_bias_regularization: 0]
[eval_at: ]
[multi_error_top_k: 1]
[auc_mu_weights: ]
[num_machines: 1]
[local_listen_port: 12400]
[time_out: 120]
[machine_list_filename: ]
[machines: ]
[gpu_platform_id: -1]
[gpu_device_id: -1]
[gpu_use_dp: 0]
[num_gpu: 1]

end of parameters

pandas_categorical:[]
