tree
version=v4
num_class=1
num_tree_per_iteration=1
label_index=0
max_feature_idx=13
objective=regression
feature_names=forecast_high forecast_low forecast_diurnal_range day_sin day_cos forecast_precip forecast_wind forecast_radiation forecast_evap lag_high_1d lag_high_2d roll_high_7d_mean roll_high_14d_mean roll_high_7d_std
feature_infos=[29.399999999999999:101.90000000000001] [12.6:78.5] [3.2999999999999972:34.700000000000003] [-0.99999942202469239:0.99998555065071859] [-0.99997919295908244:0.9999907524084426] [0:7.2050000000000001] [4.4000000000000004:27.399999999999999] [178:8746] [0.010999999999999999:0.33700000000000002] [-9:13.1] [-9:13.1] [-3.0428571428571423:6.1714285714285717] [-2.378571428571429:5.7285714285714278] [0.46136443605586708:6.4400902093652297]
tree_sizes=839 809 894 971 874 896 812 731 813 900 731 802 904 901 815 819 902 907 736 884 900 821 824 900 1066 900 887 896 905 899 880 819 822 965 893 825 821 901 818 898 903 821 821 825 826

Tree=0
num_leaves=9
num_cat=0
split_feature=0 5 2 2 1 0 10 1
split_gain=901.769 266.376 222.947 119.288 116.615 62.628 20.0042 13.519
threshold=77.550000000000011 0.043500000000000004 21.450000000000006 17.100000000000005 47.45000000000001 89.15000000000002 2.3499999999999983 61.250000000000007
decision_type=2 2 2 2 2 2 2 2
left_child=1 2 4 -2 -1 7 -4 -5
right_child=3 -3 6 5 -6 -7 -8 -9
leaf_value=1.8570765466686021 1.5211643338218024 1.4787277175148523 1.641103715958141 1.4487303308715072 1.680174609364959 1.2841109847426138 1.5543865573907649 1.3751618767338367
leaf_weight=74 54 54 42 42 55 55 49 48
leaf_count=74 54 54 42 42 55 55 49 48
internal_value=1.55251 1.66 1.70464 1.40466 1.7819 1.36149 1.59476 1.40914
internal_weight=473 274 220 199 129 145 91 90
internal_count=473 274 220 199 129 145 91 90
is_linear=0
shrinkage=1


Tree=1
num_leaves=8
num_cat=0
split_feature=0 5 2 8 0 0 10
split_gain=745.052 220.118 183.972 121.406 78.9268 46.4418 16.4851
threshold=77.550000000000011 0.043500000000000004 21.450000000000006 0.17550000000000002 62.350000000000001 89.15000000000002 2.3499999999999983
decision_type=2 2 2 2 2 2 2
left_child=1 2 4 -2 -1 -5 -4
right_child=3 -3 6 5 -6 -7 -8
leaf_value=0.27737232833952102 -0.032300640949852112 -0.058160665449189707 0.089390746144486041 -0.13251426246616371 0.13069216720296864 -0.24709064404183742 0.010590681110794533
leaf_weight=76 74 54 42 73 53 52 49
leaf_count=76 74 54 42 73 53 52 49
internal_value=0.00886916 0.106583 0.147166 -0.125511 0.217357 -0.180434 0.0473121
internal_weight=473 274 220 199 129 125 91
internal_count=473 274 220 199 129 125 91
is_linear=0
shrinkage=0.091298


Tree=2
num_leaves=9
num_cat=0
split_feature=0 5 8 2 6 8 4 0
split_gain=630.413 150.341 137.615 107.896 64.0102 60.0255 46.1334 42.7641
threshold=70.350000000000009 1.0000000180025095e-35 0.20550000000000002 16.250000000000004 11.950000000000001 0.14450000000000002 0.76556758748011056 89.15000000000002
decision_type=2 2 2 2 2 2 2 2
left_child=1 3 4 -1 5 -2 -5 -4
right_child=2 -3 7 6 -6 -7 -8 -9
leaf_value=0.30609868689018849 0.07049958781942442 0.0031471055821849585 -0.11399799810131606 0.19295425953461265 -0.11504944057668683 -0.055911722896731457 0.067591323746079568 -0.23920246190953273
leaf_weight=42 58 54 53 50 56 68 50 42
leaf_count=42 58 54 53 50 56 68 50 42
internal_value=0.00805324 0.133416 -0.0805353 0.182729 -0.033823 0.00202329 0.130593 -0.169689
internal_weight=473 196 277 142 182 126 100 95
internal_count=473 196 277 142 182 126 100 95
is_linear=0
shrinkage=0.091298


Tree=3
num_leaves=10
num_cat=0
split_feature=0 7 1 9 2 2 1 8 9
split_gain=520.915 147.682 137.814 114.776 105.763 60.0624 63.5241 24.8948 10.1232
threshold=70.350000000000009 2486.0000000000005 31.250000000000004 1.6500000000000024 21.450000000000006 16.750000000000004 60.70000000000001 0.15850000000000003 -0.74999999999999989
decision_type=2 2 2 2 2 2 2 2 2
left_child=1 -1 -3 5 -4 -2 -7 -5 -8
right_child=3 2 4 7 -6 6 8 -9 -10
leaf_value=-0.013549790313400138 -0.031039612126376553 0.027223896697920823 0.30483670238551291 0.052939107851288726 0.11750140512208385 -0.059604997060284069 -0.23089241923401435 -0.037873599180825321 -0.16292426401343757
leaf_weight=50 49 42 59 47 45 43 42 54 42
leaf_count=50 49 42 59 47 45 43 42 54 42
internal_value=0.007318 0.12128 0.167674 -0.0732038 0.224086 -0.11773 -0.150925 0.00406851 -0.19729
internal_weight=473 196 146 277 104 176 127 101 84
internal_count=473 196 146 277 104 176 127 101 84
is_linear=0
shrinkage=0.091298


Tree=4
num_leaves=9
num_cat=0
split_feature=0 5 2 9 1 7 6 7
split_gain=435.241 152.304 129.49 68.769 62.7439 35.6062 29.8897 51.714
threshold=77.550000000000011 0.043500000000000004 21.450000000000006 1.5499999999999974 47.45000000000001 4561.5000000000009 11.15 6309.0000000000009
decision_type=2 2 2 2 2 2 2 2
left_child=1 2 4 6 -1 -4 7 -2
right_child=3 -3 5 -5 -6 -7 -8 -9
leaf_value=0.22921164080067313 -0.029552601557921554 -0.055660268904776669 -0.029847087441391099 -0.019303152929331921 0.099098011354631282 0.084320246119080927 -0.19420486960224917 -0.1713981533551647
leaf_weight=74 43 54 42 66 55 49 46 44
leaf_count=74 43 54 42 66 55 49 46 44
internal_value=0.00663133 0.0813304 0.115101 -0.0960596 0.173985 0.0312755 -0.133908 -0.101659
internal_weight=473 274 220 199 129 91 133 87
internal_count=473 274 220 199 129 91 133 87
is_linear=0
shrinkage=0.091298


Tree=5
num_leaves=9
num_cat=0
split_feature=1 8 2 6 8 11 2 12
split_gain=327.97 122.621 120.173 78.2001 59.0474 54.4089 23.0315 11.416
threshold=49.350000000000001 0.20550000000000002 15.800000000000002 11.950000000000001 0.12850000000000003 2.221428571428572 24.100000000000009 1.0000000180025095e-35
decision_type=2 2 2 2 2 2 2 2
left_child=2 3 -1 4 -2 -4 -7 -3
right_child=1 7 5 -5 -6 6 -8 -9
leaf_value=0.22135080196922882 0.10957554034614224 -0.17988502257382555 0.1428837187725312 -0.094288647811642312 -0.020922348842976935 0.064225099387165127 -0.022331065834257952 -0.11135645513667088
leaf_weight=49 46 44 42 68 77 49 53 45
leaf_count=49 46 44 42 68 77 49 53 45
internal_value=0.00600116 -0.0570438 0.0976313 -0.0156135 0.0276212 0.0553098 0.0189357 -0.145596
internal_weight=473 280 193 191 123 144 102 89
internal_count=473 280 193 191 123 144 102 89
is_linear=0
shrinkage=0.091298


Tree=6
num_leaves=8
num_cat=0
split_feature=0 5 2 0 0 4 6
split_gain=304.809 100.693 105.135 61.3973 42.6299 37.2129 27.828
threshold=81.950000000000017 0.25250000000000006 21.450000000000006 70.250000000000014 87.90000000000002 0.81304046271159414 9.3500000000000032
decision_type=2 2 2 2 2 2 2
left_child=1 2 3 5 -2 -1 -4
right_child=4 -3 6 -5 -6 -7 -8
leaf_value=0.21765639095010647 -0.049759774795400842 -0.073806678731293263 0.062277590840710932 0.051047309469066632 -0.14576892954643678 0.10493645079965008 -0.033544192298728896
leaf_weight=56 77 42 43 62 80 46 61
leaf_count=56 77 42 43 62 80 46 61
internal_value=0.00468431 0.0572409 0.0778978 0.123444 -0.0988858 0.167136 0.00576632
internal_weight=467 310 268 164 157 102 104
internal_count=467 310 268 164 157 102 104
is_linear=0
shrinkage=0.091298


Tree=7
num_leaves=7
num_cat=0
split_feature=0 9 5 8 0 1
split_gain=251.796 84.4929 57.3257 41.8059 35.1381 27.4627
threshold=81.950000000000017 4.400000000000003 0.043500000000000004 0.14350000000000002 87.90000000000002 35.500000000000007
decision_type=2 2 2 2 2 2
left_child=1 2 3 5 -2 -1
right_child=4 -3 -4 -5 -6 -7
leaf_value=0.029427692188448474 -0.045216810614646406 0.1437833915933589 -0.046874728836461689 -0.0066783698403370204 -0.1324605314940763 0.12080851179653325
leaf_weight=46 77 66 64 62 80 72
leaf_count=46 77 66 64 62 80 72
internal_value=0.00425037 0.0520244 0.027073 0.0535435 -0.0898763 0.0854571
internal_weight=467 310 244 180 157 118
internal_count=467 310 244 180 157 118
is_linear=0
shrinkage=0.091298


Tree=8
num_leaves=8
num_cat=0
split_feature=0 5 2 9 2 7 3
split_gain=207.98 74.3317 84.9122 48.7001 38.4453 35.0104 28.0203
threshold=81.950000000000017 0.25250000000000006 21.450000000000006 4.2500000000000009 20.450000000000006 4618.0000000000009 0.73865729060996177
decision_type=2 2 2 2 2 2 2
left_child=1 2 3 5 -2 -1 -4
right_child=4 -3 6 -5 -6 -7 -8
leaf_value=0.036899117343533114 -0.033249356893856864 -0.065275391062501534 0.046096595824677636 0.18610769750629483 -0.12449088421099258 0.14160809612928429 -0.048747736369743486
leaf_weight=76 74 42 54 46 83 42 50
leaf_count=76 74 42 54 46 83 42 50
internal_value=0.00384979 0.0472747 0.0650327 0.105957 -0.0816894 0.07444 0.000190236
internal_weight=467 310 268 164 157 118 104
internal_count=467 310 268 164 157 118 104
is_linear=0
shrinkage=0.091298


Tree=9
num_leaves=9
num_cat=0
split_feature=0 5 0 6 11 10 3 8
split_gain=171.822 61.4315 54.2183 32.3781 29.395 28.0823 22.0095 21.0866
threshold=81.950000000000017 0.25250000000000006 70.250000000000014 10.850000000000003 -0.37857142857142828 0.54999999999999727 -0.056952163117076689 0.20050000000000004
decision_type=2 2 2 2 2 2 2 2
left_child=1 2 5 -4 -2 -1 -7 -6
right_child=4 -3 3 -5 7 6 -8 -9
leaf_value=0.15713692471950819 -0.12408270176835368 -0.059315887491444008 0.058180635920905617 -0.040354774835487203 0.0016785300219055346 0.11944117508799794 0.036382908089131166 -0.083308273742645281
leaf_weight=43 61 42 57 54 46 45 69 50
leaf_count=43 61 42 57 54 46 45 69 50
internal_value=0.00349205 0.042968 0.0591172 0.0099558 -0.07425 0.0936704 0.0694502 -0.0422516
internal_weight=467 310 268 111 157 157 114 96
internal_count=467 310 268 111 157 157 114 96
is_linear=0
shrinkage=0.091298


Tree=10
num_leaves=7
num_cat=0
split_feature=0 7 0 1 3 0
split_gain=141.908 52.385 60.8242 137.436 50.2732 25.9929
threshold=81.950000000000017 2233.5000000000005 68.350000000000009 31.600000000000005 0.77244481603295057 87.90000000000002
decision_type=2 2 2 2 2 2
left_child=1 -1 3 -3 -4 -2
right_child=5 2 4 -5 -6 -7
leaf_value=-0.03968384322654861 -0.029026541308672514 -0.026684987900160058 0.063852319162511023 0.17601661424498113 -0.049550560796343492 -0.10407346845703266
leaf_weight=57 77 43 74 78 58 80
leaf_count=57 77 43 74 78 58 80
internal_value=0.00317324 0.0390546 0.0569207 0.103717 0.013781 -0.0674711
internal_weight=467 310 253 121 132 157
internal_count=467 310 253 121 132 157
is_linear=0
shrinkage=0.091298


Tree=11
num_leaves=8
num_cat=0
split_feature=0 9 6 10 11 4 7
split_gain=117.18 52.9076 42.482 32.2004 23.0949 14.1173 13.0806
threshold=81.950000000000017 4.400000000000003 14.15 1.0000000180025095e-35 -0.37857142857142828 0.6174544326165855 6234.5000000000009
decision_type=2 2 2 2 2 2 2
left_child=1 2 3 -1 -2 -5 -6
right_child=4 -3 -4 5 6 -7 -8
leaf_value=0.1084746675388258 -0.10549895674548489 0.10807382907164802 -0.04475049248111846 -0.008189121797679836 0.00010731883281566268 0.051939196495802531 -0.066635185445282324
leaf_weight=43 61 66 69 76 48 56 48
leaf_count=43 61 66 69 76 48 56 48
internal_value=0.00285847 0.0354701 0.0157 0.0397179 -0.0613298 0.0170771 -0.0329301
internal_weight=467 310 244 175 157 132 96
internal_count=467 310 244 175 157 132 96
is_linear=0
shrinkage=0.091298


Tree=12
num_leaves=9
num_cat=0
split_feature=9 2 2 6 1 8 12 10
split_gain=152.228 80.3101 52.3015 56.1839 34.7296 20.8356 14.0361 9.16122
threshold=2.3499999999999983 15.950000000000005 16.750000000000004 11.750000000000002 60.050000000000004 0.10350000000000001 0.075000000000000261 2.1500000000000026
decision_type=2 2 2 2 2 2 2 2
left_child=2 -2 3 -1 7 -3 -6 -4
right_child=1 5 4 -5 6 -7 -8 -9
leaf_value=0.075208028696923154 0.16225225392286557 0.076567337552333192 0.0070245180572658938 -0.060291194582663604 -0.073179950898228568 -0.0018089095733602148 -0.14252481662154967 -0.052011146670704174
leaf_weight=57 54 45 43 46 66 74 42 43
leaf_count=57 54 45 43 46 66 74 42 43
internal_value=0.00164324 0.0697879 -0.0379425 0.0143827 -0.0658886 0.0275599 -0.100444 -0.0221207
internal_weight=470 173 297 103 194 119 108 86
internal_count=470 173 297 103 194 119 108 86
is_linear=0
shrinkage=0.091298


Tree=13
num_leaves=9
num_cat=0
split_feature=9 2 2 7 12 9 9 10
split_gain=126.282 80.5074 44.8547 55.1666 29.4807 24.0889 15.8562 13.6222
threshold=2.4000000000000026 15.950000000000005 16.750000000000004 3525.5000000000005 1.2535714285714283 -1.4000000000000019 5.049999999999998 2.4000000000000026
decision_type=2 2 2 2 2 2 2 2
left_child=2 -2 3 -1 5 -4 -3 -6
right_child=1 6 4 -5 7 -7 -8 -9
leaf_value=-0.057951417493012233 0.15785923597815121 -0.0029351872242806723 -0.14389834068613472 0.074761568383110641 0.011464251793164973 -0.054233599271858522 0.066755465541804684 -0.059301557639208871
leaf_weight=48 53 75 45 57 48 60 42 42
leaf_count=48 53 75 45 57 48 60 42 42
internal_value=0.00148076 0.0644126 -0.0340738 0.0137876 -0.0600096 -0.0929666 0.0218081 -0.0212038
internal_weight=470 170 300 105 195 105 117 90
internal_count=470 170 300 105 195 105 117 90
is_linear=0
shrinkage=0.091298


Tree=14
num_leaves=8
num_cat=0
split_feature=9 2 8 7 2 4 8
split_gain=104.3 66.4642 37.1009 36.3602 43.6999 15.1811 13.5972
threshold=2.4000000000000026 15.950000000000005 0.21550000000000002 3736.0000000000005 17.649999999999999 -0.08269194106225343 0.10350000000000001
decision_type=2 2 2 2 2 2 2
left_child=2 -2 3 -1 -5 -6 -3
right_child=1 6 -4 4 5 -7 -8
leaf_value=-0.062651231346377068 0.14344701726461961 0.06066481922318006 -0.088711156965884719 0.07226315359950039 -0.064874515253347712 0.010900781649534032 -0.0035253139833210951
leaf_weight=80 53 43 71 62 45 42 74
leaf_count=80 53 43 71 62 45 42 74
internal_value=0.00133312 0.0585318 -0.0309727 -0.0129313 0.013549 -0.027925 0.0197921
internal_weight=470 170 300 229 149 87 117
internal_count=470 170 300 229 149 87 117
is_linear=0
shrinkage=0.091298


Tree=15
num_leaves=8
num_cat=0
split_feature=8 9 1 8 7 10 8
split_gain=87.0108 51.9318 58.5356 56.3317 51.8899 26.2841 13.6203
threshold=0.16799999999999998 2.4000000000000026 37.600000000000009 0.10350000000000001 3736.0000000000005 -0.45000000000000279 0.19850000000000004
decision_type=2 2 2 2 2 2 2
left_child=1 4 -3 -4 -1 -2 -7
right_child=5 2 3 -5 -6 6 -8
leaf_value=-0.056931303929033512 -0.1026530288631277 -0.013833298862904672 0.17884337579167647 0.036971247918757236 0.04638334726635765 0.012805551364415208 -0.051664262871369923
leaf_weight=80 56 45 50 45 82 45 67
leaf_count=80 56 45 50 45 82 45 67
internal_value=0.00120519 0.0305706 0.0713099 0.111978 -0.00443843 -0.0513918 -0.0254751
internal_weight=470 302 140 95 162 168 112
internal_count=470 302 140 95 162 168 112
is_linear=0
shrinkage=0.091298


Tree=16
num_leaves=9
num_cat=0
split_feature=9 2 2 6 4 6 6 4
split_gain=70.9502 47.2039 29.951 43.5206 19.9596 14.4362 13.0041 11.6449
threshold=2.4000000000000026 15.950000000000005 16.750000000000004 11.750000000000002 0.11478523713130602 12.050000000000002 11.350000000000003 -0.58481178939031186
decision_type=2 2 2 2 2 2 2 2
left_child=2 -2 3 -1 5 7 -3 -4
right_child=1 6 4 -5 -6 -7 -8 -9
leaf_value=0.067710517240741341 0.11984713800178506 -0.007238540717214771 -0.080057331733357509 -0.050136739578492788 -0.0044214838217622706 -0.11183865111063465 0.055598577846782501 -0.012984341225331318
leaf_weight=57 53 74 43 48 64 42 43 46
leaf_count=57 53 74 43 48 64 42 43 46
internal_value=0.00108893 0.0482764 -0.0255438 0.0135323 -0.0467491 -0.0671837 0.0155816 -0.0457505
internal_weight=470 170 300 105 195 131 117 89
internal_count=470 170 300 105 195 131 117 89
is_linear=0
shrinkage=0.091298


Tree=17
num_leaves=9
num_cat=0
split_feature=8 6 13 8 12 2 11 9
split_gain=61.0516 45.7988 46.495 57.4586 79.6671 48.6467 21.0242 9.45614
threshold=0.16799999999999998 7.7500000000000009 1.9277423222349459 0.062500000000000014 1.3892857142857136 18.400000000000009 -0.49285714285714316 1.5499999999999974
decision_type=2 2 2 2 2 2 2 2
left_child=1 -1 -3 -4 -5 -6 -2 -8
right_child=6 2 3 4 5 -7 7 -9
leaf_value=0.10742856584540246 -0.094357418246972399 -0.074006435988476033 -0.049655565413108303 -0.047103072278902626 0.17509527701816349 0.049327532740072108 -0.042241531226901448 0.010211831528945801
leaf_weight=48 48 45 57 43 43 66 75 45
leaf_count=48 48 45 57 43 43 66 75 45
internal_value=0.000964616 0.0255734 0.00997849 0.0282147 0.0576269 0.0992364 -0.0430818 -0.0223045
internal_weight=470 302 254 209 152 109 168 120
internal_count=470 302 254 209 152 109 168 120
is_linear=0
shrinkage=0.091298


Tree=18
num_leaves=7
num_cat=0
split_feature=11 2 7 3 0 1
split_gain=57.7246 40.4247 24.6243 133.965 68.8948 7.79502
threshold=-0.21428571428571522 11.450000000000001 4257.5000000000009 0.22700754078277599 76.050000000000011 66.65000000000002
decision_type=2 2 2 2 2 2
left_child=-1 -2 3 -3 -4 -6
right_child=1 2 4 -5 5 -7
leaf_value=-0.058294659970220361 0.09083086889505218 0.052172436601695002 0.10541453324584076 -0.14649876343989648 -0.027470839332055946 0.021666610893323154
leaf_weight=80 68 79 70 44 73 42
leaf_count=80 68 79 70 44 73 42
internal_value=0.0120005 0.0270422 0.0128549 -0.0186364 0.0339657 -0.00924634
internal_weight=456 376 308 123 185 115
internal_count=456 376 308 123 185 115
is_linear=0
shrinkage=0.091298


Tree=19
num_leaves=9
num_cat=0
split_feature=5 2 6 9 13 9 8 8
split_gain=45.0066 69.3345 49.482 25.0846 18.3879 20.4413 14.3266 4.24229
threshold=0.16000000000000003 14.950000000000001 14.15 4.650000000000003 2.1033410790417739 1.3499999999999981 0.20050000000000004 0.071500000000000008
decision_type=2 2 2 2 2 2 2 2
left_child=1 7 3 4 6 -6 -3 -1
right_child=-2 2 -4 -5 5 -7 -8 -9
leaf_value=0.070395019111701637 -0.064089848612279621 0.042971308594202479 0.09249065153098994 0.046507265114030971 -0.016368611282585981 -0.089711061070584755 -0.031007173745835677 0.11378730216868571
leaf_weight=42 58 44 43 48 76 56 43 46
leaf_count=42 58 44 43 48 76 56 43 46
internal_value=0.0109049 0.0219143 0.00150645 -0.0130264 -0.0262212 -0.0477264 0.0060389 0.0934415
internal_weight=456 398 310 267 219 132 87 88
internal_count=456 398 310 267 219 132 87 88
is_linear=0
shrinkage=0.091298


Tree=20
num_leaves=9
num_cat=0
split_feature=4 7 3 7 4 2 2 7
split_gain=40.0243 57.5944 74.1866 56.8268 28.6494 35.7873 24.4344 16.2629
threshold=-0.21862536810265823 4939.5000000000009 0.62587949062545845 3723.5000000000005 -0.5129677127369543 21.250000000000004 15.750000000000002 5799.0000000000009
decision_type=2 2 2 2 2 2 2 2
left_child=4 2 3 6 5 7 -2 -1
right_child=1 -3 -4 -5 -6 -7 -8 -9
leaf_value=-0.0060224838083071074 0.12628443373592135 0.10298029482973933 -0.091694857540184055 -0.032217658931512821 -0.08904833764440459 -0.068499451132982989 0.031799711718330542 0.068763511467218791
leaf_weight=51 50 71 48 58 42 47 44 45
leaf_count=51 50 71 48 58 42 47 44 45
internal_value=0.00990932 0.0323064 0.00705694 0.0384526 -0.0227262 -0.00302282 0.0823985 0.0286997
internal_weight=456 271 200 152 185 143 94 96
internal_count=456 271 200 152 185 143 94 96
is_linear=0
shrinkage=0.091298


Tree=21
num_leaves=8
num_cat=0
split_feature=11 6 2 8 6 2 13
split_gain=41.0558 37.1447 44.1641 42.9852 26.6933 28.1406 5.44898
threshold=-0.21428571428571522 13.350000000000003 11.450000000000001 0.090500000000000011 10.850000000000003 20.450000000000006 2.6005035235679572
decision_type=2 2 2 2 2 2 2
left_child=-1 2 -2 -3 5 -4 -7
right_child=1 3 4 -5 -6 6 -8
leaf_value=-0.050277919256233705 0.084995260900322445 0.0025931226023975587 0.056575945491386559 0.12811387333121724 -0.054784818423179171 -0.042179448515495856 0.0017310006765765193
leaf_weight=80 48 42 65 51 78 50 42
leaf_count=80 48 42 65 51 78 50 42
internal_value=0.00899179 0.0216876 0.00511563 0.0717717 -0.0110639 0.0104533 -0.0217851
internal_weight=456 376 283 93 235 157 92
internal_count=456 376 283 93 235 157 92
is_linear=0
shrinkage=0.091298


Tree=22
num_leaves=8
num_cat=0
split_feature=5 11 6 8 6 7 4
split_gain=37.3958 31.4637 30.6529 36.0297 48.7249 12.9236 9.14296
threshold=0.16000000000000003 -0.21428571428571522 13.350000000000003 0.14650000000000002 8.9500000000000011 3736.0000000000005 -0.59867820553660911
decision_type=2 2 2 2 2 2 2
left_child=1 -1 3 4 -3 -6 -5
right_child=-2 2 -4 6 5 -7 -8
leaf_value=-0.038122613039688273 -0.060183062072920318 0.10926853177158796 0.080888676412196867 0.0071988724614629133 -0.032755179904445056 0.037640693772517164 -0.046329637968958344
leaf_weight=68 58 58 76 43 45 42 66
leaf_count=68 58 58 76 43 45 42 66
internal_value=0.00817728 0.0182199 0.0299269 0.0145524 0.0444449 0.000860707 -0.0249189
internal_weight=456 398 330 254 145 87 109
internal_count=456 398 330 254 145 87 109
is_linear=0
shrinkage=0.091298


Tree=23
num_leaves=9
num_cat=0
split_feature=9 10 7 2 12 7 13 1
split_gain=30.3326 31.2646 26.1524 29.8491 25.2875 24.5731 23.9438 10.8165
threshold=3.8499999999999983 2.7500000000000004 2451.0000000000005 17.550000000000001 2.7357142857142862 4796.5000000000009 2.1033410790417739 62.750000000000007
decision_type=2 2 2 2 2 2 2 2
left_child=2 -2 -1 5 6 -4 -5 -8
right_child=1 -3 3 4 -6 -7 7 -9
leaf_value=-0.06675939270338882 0.1073495634349423 0.0028776049246570213 0.0050879584967811779 0.0088870812059527633 0.043078716430507105 0.095976028867442553 -0.029822355152090089 -0.093458757931258574
leaf_weight=49 46 51 57 67 48 45 46 47
leaf_count=49 46 51 57 67 48 45 46 47
internal_value=0.00742429 0.0527514 -0.00473361 0.00496711 -0.0147555 0.0454998 -0.032306 -0.0623273
internal_weight=456 97 359 310 208 102 160 93
internal_count=456 97 359 310 208 102 160 93
is_linear=0
shrinkage=0.091298


Tree=24
num_leaves=11
num_cat=0
split_feature=8 7 7 2 6 8 7 12 12 10
split_gain=76.2972 76.2639 39.8968 34.2493 51.387 30.2484 26.6564 17.5603 10.6958 9.92365
threshold=0.12050000000000001 4158.5000000000009 4647.5000000000009 14.800000000000006 11.950000000000001 0.18450000000000003 3242.5000000000005 -0.10714285714285708 2.0321428571428575 0.75000000000000011
decision_type=2 2 2 2 2 2 2 2 2 2
left_child=1 3 -2 4 -1 8 -5 -7 -4 -9
right_child=2 -3 5 6 -6 7 -8 9 -10 -11
leaf_value=0.12889131008503898 -0.10161348134145655 0.14932972767164934 0.062126737273097046 -0.077100637063046332 -0.012483494043122783 -0.085290450979779289 0.020365264423307543 -0.046403676286942162 -0.0019589382978804307 0.014538654920211971
leaf_weight=42 53 44 42 42 43 47 52 44 43 44
leaf_count=42 53 44 42 42 43 47 52 44 43 44
internal_value=0.00188043 0.0415602 -0.0304146 0.0148903 0.0569953 -0.0131165 -0.0228424 -0.0400794 0.0293299 -0.0155684
internal_weight=496 223 273 179 85 220 94 135 85 88
internal_count=496 223 273 179 85 220 94 135 85 88
is_linear=0
shrinkage=0.091298


Tree=25
num_leaves=9
num_cat=0
split_feature=0 2 8 13 6 6 2 6
split_gain=78.6264 47.81 46.0002 34.7473 33.8509 31.2048 24.8908 10.2464
threshold=72.950000000000017 21.450000000000006 0.088500000000000009 2.0948318584596879 12.350000000000003 12.750000000000002 20.750000000000007 9.5500000000000025
decision_type=2 2 2 2 2 2 2 2
left_child=1 2 5 7 6 -1 -5 -2
right_child=3 -3 -4 4 -6 -7 -8 -9
leaf_value=0.08117483872737899 0.035104620534637976 -0.017688922179293538 0.14662435408132987 0.011038442841701234 -0.12321667785543949 -0.013794530404676758 -0.079391732176209845 -0.022070982189071851
leaf_weight=62 53 81 45 54 50 53 47 51
leaf_count=62 53 81 45 54 50 53 47 51
internal_value=0.00169696 0.0391493 0.0681239 -0.0335735 -0.0615641 0.0371277 -0.0307257 0.00675846
internal_weight=496 241 160 255 151 115 101 104
internal_count=496 241 160 255 151 115 101 104
is_linear=0
shrinkage=0.091298


Tree=26
num_leaves=9
num_cat=0
split_feature=0 2 5 3 13 1 3 8
split_gain=64.9021 39.5035 43.9452 53.7505 28.6879 30.5405 78.5191 10.0209
threshold=72.950000000000017 21.450000000000006 1.0000000180025095e-35 0.52766072109828632 2.0948318584596879 67.550000000000011 0.61237135649459018 0.18150000000000002
decision_type=2 2 2 2 2 2 2 2
left_child=1 2 3 -1 7 6 -6 -2
right_child=4 -3 -4 -5 5 -7 -8 -9
leaf_value=0.041837946775137559 0.035242010318531677 -0.016073959675018443 -0.0010018962645745586 0.17744111948366587 -0.17672459980264554 0 -0.011734063044409621 -0.021311602746686586
leaf_weight=60 51 81 58 42 44 53 54 53
leaf_count=60 51 81 58 42 44 53 54 53
internal_value=0.00153023 0.0355629 0.0619044 0.0979888 -0.0305083 -0.0559434 -0.0861385 0.0061133
internal_weight=496 241 160 102 255 151 98 104
internal_count=496 241 160 102 255 151 98 104
is_linear=0
shrinkage=0.091298


Tree=27
num_leaves=9
num_cat=0
split_feature=0 2 5 13 13 7 6 6
split_gain=53.5957 35.8508 30.684 30.061 23.704 48.6128 20.751 8.57572
threshold=72.950000000000017 14.800000000000006 1.0000000180025095e-35 3.29331932252571 2.0948318584596879 5533.0000000000009 10.950000000000001 8.9500000000000011
decision_type=2 2 2 2 2 2 2 2
left_child=1 2 -1 6 7 -6 -3 -2
right_child=4 3 -4 -5 5 -7 -8 -9
leaf_value=0.13304283644139606 0.036371697208996689 -0.070033937582351824 0.022864990081432154 0.056611565538047304 -0.10659367454329972 -0.0022972449122401948 0.014934987174873291 -0.016558309698693669
leaf_weight=44 44 46 42 60 70 81 49 60
leaf_count=44 44 46 42 60 70 81 49 60
internal_value=0.00137175 0.032304 0.0796077 0.00585127 -0.0277366 -0.0508588 -0.0258706 0.00552704
internal_weight=496 241 86 155 255 151 95 104
internal_count=496 241 86 155 255 151 95 104
is_linear=0
shrinkage=0.091298


Tree=28
num_leaves=9
num_cat=0
split_feature=4 2 7 8 7 11 12 4
split_gain=46.4774 41.3333 31.1066 32.8341 23.9828 21.052 11.9891 8.44957
threshold=0.29958852271690523 14.950000000000001 4690.0000000000009 0.18450000000000003 3285.0000000000005 3.1571428571428592 -0.10714285714285708 -0.42179730054635828
decision_type=2 2 2 2 2 2 2 2
left_child=2 -2 -1 -4 -3 -6 -5 -8
right_child=1 4 3 6 5 -7 7 -9
leaf_value=-0.073708146598122526 0.086680092665900585 -0.054296965495228715 0.045722825394498498 -0.069317076439498929 0.0642689302619988 -0.020476935102497429 0.017819547304229907 -0.038825680895472052
leaf_weight=75 77 42 70 46 57 42 42 45
leaf_count=75 77 42 70 46 57 42 42 45
internal_value=0.00124651 0.0328677 -0.0234347 -0.00470285 0.00325344 0.0279925 -0.0314836 -0.0111114
internal_weight=496 218 278 203 141 99 133 87
internal_count=496 218 278 203 141 99 133 87
is_linear=0
shrinkage=0.091298


Tree=29
num_leaves=9
num_cat=0
split_feature=2 6 13 9 13 11 3 2
split_gain=36.1295 44.877 30.659 26.1855 41.0726 21.7744 13.6942 2.59463
threshold=14.800000000000006 12.250000000000002 2.7808005679258012 2.9500000000000033 2.240800530752209 2.221428571428572 -0.38242426011641079 22.450000000000006
decision_type=2 2 2 2 2 2 2 2
left_child=1 -1 3 4 6 -4 -2 -7
right_child=2 -3 5 -5 -6 7 -8 -9
leaf_value=0.093023458520556504 0.005697274284982427 -0.013167756210725147 0.054290323049374124 0.0255712002086197 -0.12454439859043263 -0.030264085825261935 -0.056408354381273527 0.0011364942478205779
leaf_weight=69 61 63 71 44 48 42 56 42
leaf_count=69 61 63 71 44 48 42 56 42
internal_value=0.00112091 0.0420985 -0.0136511 -0.0365181 -0.0532695 0.0169758 -0.0237546 -0.0141823
internal_weight=496 132 364 209 165 155 117 84
internal_count=496 132 364 209 165 155 117 84
is_linear=0
shrinkage=0.091298


Tree=30
num_leaves=9
num_cat=0
split_feature=7 8 1 8 6 10 2 3
split_gain=47.4711 53.8273 49.9581 36.1926 28.0507 33.2761 22.3632 15.085
threshold=2997.5000000000005 0.11850000000000001 36.45000000000001 0.049500000000000009 10.550000000000002 1.5499999999999974 25.150000000000006 -0.35041564478062465
decision_type=2 2 2 2 2 2 2 2
left_child=3 2 -2 -1 6 -6 7 -3
right_child=1 4 -4 -5 5 -7 -8 -9
leaf_value=-0.013659982459174101 0 0.0014616315234687839 0.12267107337138591 -0.13042091373905104 -0.086350920634650136 0.0063604616074085414 -0.044294458895593171 0.075537159320493555
leaf_weight=47 59 51 52 43 78 54 42 43
leaf_count=47 59 51 52 43 78 54 42 43
internal_value=-0.0101771 0.00389722 0.0574291 -0.0698018 -0.018155 -0.0481808 0.010752 0.0356882
internal_weight=469 379 111 90 268 132 136 94
internal_count=469 379 111 90 268 132 136 94
is_linear=0
shrinkage=0.091298


Tree=31
num_leaves=8
num_cat=0
split_feature=7 8 1 8 6 7 7
split_gain=39.2511 44.4172 41.3213 29.8411 23.155 33.3767 20.1086
threshold=2997.5000000000005 0.11850000000000001 32.45000000000001 0.049500000000000009 10.550000000000002 6146.0000000000009 6375.0000000000009
decision_type=2 2 2 2 2 2 2
left_child=3 2 -2 -1 6 -6 -3
right_child=1 4 -4 -5 5 -7 -8
leaf_value=-0.012412856423515473 -0.012213757529103695 0.03844075557577932 0.099974145585684071 -0.11851375806664807 -0.082007403479207708 0.01089330219696389 -0.033172687819246795
leaf_weight=47 47 82 64 43 78 54 54
leaf_count=47 47 82 64 43 78 54 54
internal_value=-0.00924257 0.00354811 0.0521825 -0.0634616 -0.0164757 -0.0437598 0.00977038
internal_weight=469 379 111 90 268 132 136
internal_count=469 379 111 90 268 132 136
is_linear=0
shrinkage=0.091298


Tree=32
num_leaves=8
num_cat=0
split_feature=7 8 1 8 6 10 7
split_gain=32.4435 36.6355 35.4488 24.6005 19.0964 28.3571 16.6107
threshold=2997.5000000000005 0.11850000000000001 37.850000000000001 0.049500000000000009 10.550000000000002 1.5499999999999974 6375.0000000000009
decision_type=2 2 2 2 2 2 2
left_child=3 2 -2 -1 6 -6 -3
right_child=1 4 -4 -5 5 -7 -8
leaf_value=-0.011279587071519107 0.0010016321615824804 0.034931194462041334 0.10543593767813708 -0.10769370244335801 -0.075003498607550623 0.010596722426063512 -0.030144090938586231
leaf_weight=47 62 82 49 43 78 54 54
leaf_count=47 62 82 49 43 78 54 54
internal_value=-0.00840499 0.00321645 0.047392 -0.0577002 -0.0149606 -0.0397425 0.00885685
internal_weight=469 379 111 90 268 132 136
internal_count=469 379 111 90 268 132 136
is_linear=0
shrinkage=0.091298


Tree=33
num_leaves=10
num_cat=0
split_feature=7 9 11 9 6 6 11 3 7
split_gain=26.8341 23.866 17.9869 15.5479 25.3408 24.0064 28.202 17.1294 7.01576
threshold=2997.5000000000005 5.2500000000000009 2.4928571428571424 -0.74999999999999989 11.15 14.15 1.3857142857142868 -0.52766804058324157 5505.5000000000009
decision_type=2 2 2 2 2 2 2 2 2
left_child=2 3 -1 4 -2 6 8 -8 -5
right_child=1 -3 -4 5 -6 -7 7 -9 -10
leaf_value=-0.013505635036694465 0.0067337052365763718 0.064627226326885515 -0.096226513985574955 0.058777063433745141 -0.089808933577120414 0.067492818091225898 0.0080443924691673673 -0.065082976619461039 0.0060012946062394847
leaf_weight=48 48 46 42 42 42 44 42 70 45
leaf_count=48 48 46 42 42 42 44 42 70 45
internal_value=-0.00763139 0.00293052 -0.0524648 -0.00549593 -0.0379635 0.00639723 -0.00695032 -0.0373741 0.0318476
internal_weight=469 379 90 333 90 243 199 112 87
internal_count=469 379 90 333 90 243 199 112 87
is_linear=0
shrinkage=0.091298


Tree=34
num_leaves=9
num_cat=0
split_feature=1 6 7 11 6 1 0 1
split_gain=27.0309 44.8595 47.0783 16.5409 19.3354 16.2954 30.0624 10.2116
threshold=44.750000000000007 7.4500000000000011 2844.5000000000005 2.4785714285714286 11.65 55.850000000000001 80.950000000000017 67.950000000000017
decision_type=2 2 2 2 2 2 2 2
left_child=3 -2 -3 -1 -5 -4 -7 -8
right_child=1 2 5 4 -6 6 7 -9
leaf_value=0.070941428366848455 0.062604647527764914 -0.11997176502600126 -0.066651255439756391 -0.030116834651414577 0.050899380709825616 0.057563083895991261 -0.055971777008602439 -0.0054986218682477727
leaf_weight=46 45 46 47 57 43 46 60 79
leaf_count=46 45 46 47 57 43 46 60 79
internal_value=-0.00691595 -0.0217057 -0.0354683 0.0255844 0.0043997 -0.0185752 -0.00618809 -0.0275161
internal_weight=469 323 278 146 100 232 185 139
internal_count=469 323 278 146 100 232 185 139
is_linear=0
shrinkage=0.091298


Tree=35
num_leaves=8
num_cat=0
split_feature=12 0 7 7 4 7 2
split_gain=24.2575 38.0744 23.2626 36.9913 19.1303 14.3155 24.4359
threshold=3.6035714285714291 54.100000000000009 3723.5000000000005 4395.0000000000009 0.17435360825960183 6122.0000000000009 20.550000000000001
decision_type=2 2 2 2 2 2 2
left_child=1 -1 -3 -4 5 -5 -7
right_child=-2 2 3 4 -6 6 -8
leaf_value=0.082600814924523439 -0.063261838097189618 -0.05142497656695038 0.073680621452875517 -0.055015472350481792 0.038656774974180158 0.050103260720762412 -0.037779167508808775
leaf_weight=43 55 81 52 77 50 43 68
leaf_count=43 55 81 52 77 50 43 68
internal_value=-0.00628453 0.00120752 -0.00813984 0.00383965 -0.0112851 -0.024738 -0.00344593
internal_weight=469 414 371 290 238 188 111
internal_count=469 414 371 290 238 188 111
is_linear=0
shrinkage=0.091298


Tree=36
num_leaves=8
num_cat=0
split_feature=2 2 3 7 3 12 11
split_gain=51.1465 41.441 52.7563 23.0642 43.1679 21.0066 13.4027
threshold=15.400000000000006 10.350000000000003 0.37446826358596375 4939.5000000000009 0.29342972903661901 2.0928571428571439 0.49285714285714227
decision_type=2 2 2 2 2 2 2
left_child=1 -1 -3 4 -2 6 -5
right_child=3 2 -4 5 -6 -7 -8
leaf_value=-0.016612561138501139 -0.0036301935034810371 0.14710619244451634 0.007466169508705111 0.011253965839815659 -0.10885694273333886 0.054874777740194391 -0.046716854101051947
leaf_weight=54 79 50 42 69 56 47 63
leaf_count=54 79 50 42 69 56 47 63
internal_value=0.00167276 0.0463823 0.0837058 -0.0190137 -0.0475172 0.00230434 -0.0161712
internal_weight=460 146 92 314 135 179 132
internal_count=460 146 92 314 135 179 132
is_linear=0
shrinkage=0.091298


Tree=37
num_leaves=9
num_cat=0
split_feature=2 2 3 4 3 1 3 1
split_gain=42.2348 34.2729 43.5095 19.6376 24.2566 9.84673 14.6313 8.32997
threshold=15.400000000000006 10.350000000000003 0.37446826358596375 0.58307701883076835 0.24372619187392147 47.95000000000001 0.074116354202380164 67.750000000000014
decision_type=2 2 2 2 2 2 2 2
left_child=1 -1 -3 5 -5 -2 7 -7
right_child=3 2 -4 4 -6 6 -8 -9
leaf_value=-0.015095869827678517 0.031433298638926736 0.13367570451967825 0.0067845239598238998 -0.005215694295019585 -0.10418765591929426 -0.013446545360532297 -0.042387710151729596 0.040156976208681583
leaf_weight=54 52 50 42 42 42 54 81 43
leaf_count=54 52 50 42 42 42 54 81 43
internal_value=0.00151368 0.0421477 0.0760955 -0.0172778 -0.0550832 -0.00333127 -0.0136672 0.00998549
internal_weight=460 146 92 314 84 230 178 97
internal_count=460 146 92 314 84 230 178 97
is_linear=0
shrinkage=0.091298


Tree=38
num_leaves=8
num_cat=0
split_feature=1 6 6 6 10 8 1
split_gain=26.823 21.2619 29.9619 22.7514 22.9028 22.0493 13.9745
threshold=68.65000000000002 15.300000000000002 12.250000000000002 11.050000000000002 3.0999999999999983 0.16650000000000004 49.850000000000001
decision_type=2 2 2 2 2 2 2
left_child=1 2 3 4 5 6 -1
right_child=-2 -3 -4 -5 -6 -7 -8
leaf_value=-0.0018301093196859482 0.049111254533461046 0.046539264664909673 -0.065875871349032528 0.053402963860541872 -0.059983846877362773 -0.041826717941504589 0.07192885249088303
leaf_weight=42 81 50 80 50 65 50 42
leaf_count=42 81 50 80 50 65 50 42
internal_value=0.00136276 -0.00875751 -0.0172587 -0.00151 -0.0154683 0.00588599 0.0346679
internal_weight=460 379 329 249 199 134 84
internal_count=460 379 329 249 199 134 84
is_linear=0
shrinkage=0.091298


Tree=39
num_leaves=9
num_cat=0
split_feature=2 2 11 11 4 1 13 1
split_gain=33.5681 27.2714 16.0705 28.196 15.4829 12.1753 12.1072 11.3821
threshold=15.400000000000006 10.350000000000003 1.385714285714285 2.7785714285714289 -0.18493013702746816 59.550000000000004 3.0263916478073258 66.850000000000009
decision_type=2 2 2 2 2 2 2 2
left_child=1 -1 5 -4 -3 -2 -5 -7
right_child=2 4 3 6 -6 7 -8 -9
leaf_value=-0.01354514441153129 0.048078621864210233 0.025860777838104365 -0.072658627928900363 0.036203931901739518 0.10230402613866867 -0.043497389860529485 -0.032670619108795075 0.016981297330476462
leaf_weight=54 42 42 83 43 50 47 42 57
leaf_count=54 42 42 83 43 50 47 42 57
internal_value=0.00123199 0.0374652 -0.0155133 -0.034798 0.0677544 0.00645794 0.00179481 -0.0100423
internal_weight=460 146 314 168 92 146 85 104
internal_count=460 146 314 168 92 146 85 104
is_linear=0
shrinkage=0.091298


Tree=40
num_leaves=9
num_cat=0
split_feature=2 2 7 10 0 13 13 10
split_gain=27.7086 22.5623 17.9223 41.7423 20.3194 11.8842 11.1641 18.1494
threshold=15.400000000000006 10.350000000000003 4042.0000000000005 3.0499999999999976 67.300000000000026 2.7634948489553115 2.2339367230163609 0.95000000000000295
decision_type=2 2 2 2 2 2 2 2
left_child=1 -1 3 -2 -4 -3 -6 -8
right_child=2 5 4 -5 6 -7 7 -9
leaf_value=-0.012308501272566663 0.011123577045041034 0.027057372992439217 0.055915574040045442 -0.11485267670324396 0.01072846638187999 0.093991521420543317 -0.076575809065792311 0.0005685000574894276
leaf_weight=54 45 45 43 42 83 47 46 55
leaf_count=54 45 45 43 42 83 47 46 55
internal_value=0.00111951 0.0340447 -0.0140876 -0.0493242 -0.000441646 0.0616003 -0.0137862 -0.0342493
internal_weight=460 146 314 87 227 92 184 101
internal_count=460 146 314 87 227 92 184 101
is_linear=0
shrinkage=0.091298


Tree=41
num_leaves=8
num_cat=0
split_feature=3 7 0 2 7 12 13
split_gain=23.8407 44.7615 34.5526 16.8017 12.5388 6.16595 14.366
threshold=0.29342972903661901 4257.5000000000009 67.300000000000026 15.400000000000006 6263.0000000000009 0.06785714285714306 2.2453125551304196
decision_type=2 2 2 2 2 2 2
left_child=3 -2 -3 -1 -4 -5 -7
right_child=1 2 4 5 -6 6 -8
leaf_value=0.056176759173112101 -0.076216980155355468 0.07707975507652795 -0.057231093588240016 0.027889231654607001 0.0081657996114730836 -0.049586342608545775 0.019149763015164009
leaf_weight=77 78 44 43 59 55 43 61
leaf_count=77 78 44 43 59 55 43 61
internal_value=0.00103002 -0.0206054 0.00971614 0.020996 -0.0202018 0.00418029 -0.00896186
internal_weight=460 220 142 240 98 163 104
internal_count=460 220 142 240 98 163 104
is_linear=0
shrinkage=0.091298


Tree=42
num_leaves=8
num_cat=0
split_feature=10 0 7 10 0 7 1
split_gain=14.5094 27.127 29.7044 25.4884 22.5452 19.6211 10.5441
threshold=3.0999999999999983 68.350000000000009 3736.0000000000005 -0.74999999999999989 66.550000000000011 4545.0000000000009 62.300000000000004
decision_type=2 2 2 2 2 2 2
left_child=1 2 -1 -3 -2 -5 -7
right_child=4 3 -4 5 -6 6 -8
leaf_value=0.011985448446354954 -0.062591303645281329 -0.050997591337462719 0.1107572259227517 0.069682376664247939 0.010638167266369339 0.031170094286623106 -0.027798722169695561
leaf_weight=64 61 67 43 42 81 42 63
leaf_count=64 61 67 43 42 81 42 63
internal_value=0.00361327 0.0144216 0.0519783 -0.00420705 -0.0205939 0.0169013 -0.00390601
internal_weight=463 321 107 214 142 147 105
internal_count=463 321 107 214 142 147 105
is_linear=0
shrinkage=0.091298


Tree=43
num_leaves=8
num_cat=0
split_feature=6 2 3 2 10 0 2
split_gain=13.4243 29.6618 28.3284 24.398 19.1006 14.2761 5.63362
threshold=12.250000000000002 20.650000000000002 0.62587949062545845 15.049999999999999 0.24999999999999997 66.300000000000026 20.750000000000007
decision_type=2 2 2 2 2 2 2
left_child=3 2 -2 -1 -5 -6 -7
right_child=1 -3 -4 4 5 6 -8
leaf_value=0.063807421984111171 -0.077765738819161989 0.044836907099681793 0.014042956678567073 0.038617058610489891 -0.062681996245718116 0.026139103535951832 -0.015610090225322351
leaf_weight=66 72 45 45 76 42 42 75
leaf_count=66 72 45 45 76 42 42 75
internal_value=0.00328971 -0.0178114 -0.0421808 0.0147529 0.000839545 -0.0170161 -0.000349311
internal_weight=463 162 117 301 235 159 117
internal_count=463 162 117 301 235 159 117
is_linear=0
shrinkage=0.091298


Tree=44
num_leaves=8
num_cat=0
split_feature=8 10 10 12 12 6 10
split_gain=13.6182 32.5992 21.9587 16.0508 20.8012 30.3847 12.9557
threshold=0.094500000000000015 3.0999999999999983 1.1499999999999988 2.3000000000000012 1.2678571428571423 12.250000000000002 -0.15000000000000205
decision_type=2 2 2 2 2 2 2
left_child=1 2 -1 4 5 6 -2
right_child=3 -3 -4 -5 -6 -7 -8
leaf_value=0.016096873089579383 0.043363243267805919 -0.026865883257183011 0.10355730375570951 -0.043421771435410206 0.047734593043190859 -0.077112934874433672 -0.018273230315673596
leaf_weight=52 55 62 46 80 65 45 58
leaf_count=52 55 62 46 80 65 45 58
internal_value=0.00299568 0.0245937 0.0574767 -0.00830345 0.00415136 -0.0135756 0.0114432
internal_weight=463 160 98 303 223 158 113
internal_count=463 160 98 303 223 158 113
is_linear=0
shrinkage=0.091298


end of trees

feature_importances:
forecast_diurnal_range=50
forecast_radiation=40
forecast_wind=35
forecast_evap=33
forecast_high=32
forecast_low=26
lag_high_1d=20
lag_high_2d=20
day_sin=17
roll_high_7d_mean=15
day_cos=14
roll_high_7d_std=14
roll_high_14d_mean=13
forecast_precip=12

parameters:
[boosting: gbdt]
[objective: regression]
[metric: l2]
[tree_learner: serial]
[device_type: cpu]
[data_sample_strategy: bagging]
[data: ]
[valid: ]
[num_iterations: 45]
[learning_rate: 0.091298]
[num_leaves: 42]
[num_threads: 2]
[seed: 42]
[deterministic: 0]
[force_col_wise: 0]
[force_row_wise: 0]
[histogram_pool_size: -1]
[max_depth: -1]
[min_data_in_leaf: 42]
[min_sum_hessian_in_leaf: 0.001]
[bagging_fraction: 0.60058]
[pos_bagging_fraction: 1]
[neg_bagging_fraction: 1]
[bagging_freq: 6]
[bagging_seed: 400]
[bagging_by_query: 0]
[feature_fraction: 0.774007]
[feature_fraction_bynode: 1]
[feature_fraction_seed: 30056]
[extra_trees: 0]
[extra_seed: 12879]
[early_stopping_round: 0]
[early_stopping_min_delta: 0]
[first_metric_only: 0]
[max_delta_step: 0]
[lambda_l1: 0.35099]
[lambda_l2: 3.46636e-05]
[linear_lambda: 0]
[min_gain_to_split: 0]
[drop_rate: 0.1]
[max_drop: 50]
[skip_drop: 0.5]
[xgboost_dart_mode: 0]
[uniform_drop: 0]
[drop_seed: 17869]
[top_rate: 0.2]
[other_rate: 0.1]
[min_data_per_group: 100]
[max_cat_threshold: 32]
[cat_l2: 10]
[cat_smooth: 10]
[max_cat_to_onehot: 4]
[top_k: 20]
[monotone_constraints: ]
[monotone_constraints_method: basic]
[monotone_penalty: 0]
[feature_contri: ]
[forcedsplits_filename: ]
[refit_decay_rate: 0.9]
[cegb_tradeoff: 1]
[cegb_penalty_split: 0]
[cegb_penalty_feature_lazy: ]
[cegb_penalty_feature_coupled: ]
[path_smooth: 0]
[interaction_constraints: ]
[verbosity: -1]
[saved_feature_importance_type: 0]
[use_quantized_grad: 0]
[num_grad_quant_bins: 4]
[quant_train_renew_leaf: 0]
[stochastic_rounding: 1]
[linear_tree: 0]
[max_bin: 255]
[max_bin_by_feature: ]
[min_data_in_bin: 3]
[bin_construct_sample_cnt: 200000]
[data_random_seed: 175]
[is_enable_sparse: 1]
[enable_bundle: 1]
[use_missing: 1]
[zero_as_missing: 0]
[feature_pre_filter: 1]
[pre_partition: 0]
[two_round: 0]
[header: 0]
[label_column: ]
[weight_column: ]
[group_column: ]
[ignore_column: ]
[categorical_feature: ]
[forcedbins_filename: ]
[precise_float_parser: 0]
[parser_config_file: ]
[objective_seed: 16083]
[num_class: 1]
[is_unbalance: 0]
[scale_pos_weight: 1]
[sigmoid: 1]
[boost_from_average: 1]
[reg_sqrt: 0]
[alpha: 0.9]
[fair_c: 1]
[poisson_max_delta_step: 0.7]
[tweedie_variance_power: 1.5]
[lambdarank_truncation_level: 30]
[lambdarank_norm: 1]
[label_gain: ]
[lambdarank_position_bias_regularization: 0]
[eval_at: ]
[multi_error_top_k: 1]
[auc_mu_weights: ]
[num_machines: 1]
[local_listen_port: 12400]
[time_out: 120]
[machine_list_filename: ]
[machines: ]
[gpu_platform_id: -1]
[gpu_device_id: -1]
[gpu_use_dp: 0]
[num_gpu: 1]

end of parameters

pandas_categorical:[]
