tree
version=v4
num_class=1
num_tree_per_iteration=1
label_index=0
max_feature_idx=13
objective=regression
feature_names=forecast_low forecast_high forecast_diurnal_range day_sin day_cos forecast_precip forecast_wind forecast_radiation forecast_evap lag_low_1d lag_low_2d roll_low_7d_mean roll_low_14d_mean roll_low_7d_std
feature_infos=[34.399999999999999:67.299999999999997] [49.5:92.599999999999994] [2.7999999999999972:35.5] [-0.99999942202469239:0.99998555065071859] [-0.99997919295908244:0.9999907524084426] [0:3.008] [3.6000000000000001:26.100000000000001] [377:8895] [0.016:0.26100000000000001] [-3.5:10.5] [-3.5:10.5] [0.30000000000000121:8.0857142857142854] [1.4500000000000004:6.9571428571428573] [0.3716116764786172:3.5990077997772025]
tree_sizes=928 884 980 972 901 902 904 981 904 820 994 903 906 909 990 992 990 993 995 993 984 902 906 901 994 993 908 996 904 997 986 989 992 991 989 908 996 827 990 992 989 986 909 990 993 912 1077 1002 990 991 912 910 908 904 990 908 912 993 997 995 995 911 995 993 914 914 913 913 912 897 997 994 915 991 990 994 904 992 904 907 833 908 919 994 999 990 999 988 999 1076 995 907 1065 911 823 994 914

Tree=0
num_leaves=10
num_cat=0
split_feature=2 11 6 2 2 3 0 6 2
split_gain=508.748 183.936 75.4079 86.7606 65.7974 56.1707 46.7478 19.3898 18.5117
threshold=11.399999999999997 4.7214285714285724 7.5500000000000007 16.100000000000001 18.000000000000007 0.66527693225344786 53.45000000000001 9.9500000000000011 9.7000000000000011
decision_type=2 2 2 2 2 2 2 2 2
left_child=6 2 -2 7 -3 -5 -1 -4 -8
right_child=1 4 3 5 -6 -7 8 -9 -10
leaf_value=3.727882906359171 3.7179580206450282 3.8649560621963199 3.7370911911834002 3.9245022257579292 3.9837543331765515 3.8144265997564091 3.6100688978880822 3.8069504079375553 3.6778761105230413
leaf_weight=62 56 65 57 62 59 61 62 49 47
leaf_count=62 56 65 57 62 59 61 62 49 47
internal_value=3.78937 3.83869 3.80267 3.82338 3.92149 3.86992 3.67141 3.76938 3.6393
internal_weight=580 409 285 229 124 123 171 106 109
internal_count=580 409 285 229 124 123 171 106 109
is_linear=0
shrinkage=1


Tree=1
num_leaves=9
num_cat=0
split_feature=2 9 2 0 0 4 0 0
split_gain=429.405 162.751 62.8675 69.5885 58.7882 54.8644 41.138 13.2411
threshold=11.35 3.8499999999999983 15.949999999999998 50.750000000000007 47.050000000000004 0.24164313636530541 53.45000000000001 58.650000000000013
decision_type=2 2 2 2 2 2 2 2
left_child=6 4 -3 -4 -2 -6 -1 -8
right_child=1 2 3 -5 5 -7 7 -9
leaf_value=-0.056908925617373887 0.067044483887273978 0.033266889712729869 0.068243933378654462 0.18308758293902744 0.0064325196679499673 -0.095034182756186567 -0.11292131101699222 -0.17032196256689378
leaf_weight=62 50 75 70 70 86 60 56 51
leaf_count=62 50 75 70 70 86 60 56 51
internal_value=-0.000426353 0.0445087 0.0934396 0.125672 -0.00916689 -0.0352686 -0.109704 -0.140289
internal_weight=580 411 215 140 196 146 169 107
internal_count=580 411 215 140 196 146 169 107
is_linear=0
shrinkage=0.081441


Tree=2
num_leaves=10
num_cat=0
split_feature=2 11 9 2 13 0 6 2 0
split_gain=362.617 132.25 71.3518 49.5311 47.233 36.3036 33.3881 31.5098 14.6365
threshold=11.850000000000007 4.7214285714285724 2.9000000000000026 19.350000000000005 1.4827577348726007 58.650000000000013 9.0500000000000025 9.8000000000000025 51.250000000000007
decision_type=2 2 2 2 2 2 2 2 2
left_child=5 2 8 -3 -4 7 -6 -1 -2
right_child=1 3 4 -5 6 -7 -8 -9 -10
leaf_value=-0.10527345596554992 -0.0086898851592750806 0.071526966303806991 -0.018683977520332587 0.17735341502875995 0.02116722245454097 -0.14702711876906099 0.11017008870412633 -0.02560868699777806 -0.071116798308303378
leaf_weight=73 47 71 53 50 47 57 69 60 53
leaf_count=73 47 71 53 50 47 57 69 60 53
internal_value=-0.000391702 0.0445549 0.0127467 0.115264 0.0450106 -0.0926488 0.0741119 -0.0693376 -0.0417787
internal_weight=580 390 269 121 169 190 116 133 100
internal_count=580 390 269 121 169 190 116 133 100
is_linear=0
shrinkage=0.081441


Tree=3
num_leaves=10
num_cat=0
split_feature=2 11 3 9 9 0 2 12 2
split_gain=307.931 123.985 57.0372 39.9816 33.4655 32.3132 22.1654 15.0978 11.2279
threshold=11.35 3.4214285714285717 -0.67803021058859214 2.2500000000000004 5.3499999999999988 53.45000000000001 16.100000000000001 4.0928571428571443 9.6000000000000068
decision_type=2 2 2 2 2 2 2 2 2
left_child=5 3 -3 -2 7 -1 -5 -4 -7
right_child=1 2 4 6 -6 8 -8 -9 -10
leaf_value=-0.046108628062406933 -0.073246696321983357 0.13108966932520916 -0.013440161603556407 -0.02835654978608983 0.092963318412364881 -0.14426122532159275 0.047699948550285774 0.047624552569039552 -0.091279404606127518
leaf_weight=62 57 78 50 48 66 58 54 58 49
leaf_count=62 57 78 50 48 66 58 54 58 49
internal_value=-0.000359798 0.0376923 0.0732223 -0.0186202 0.0472778 -0.0928985 0.0119091 0.0193548 -0.120006
internal_weight=580 411 252 159 174 169 102 108 107
internal_count=580 411 252 159 174 169 102 108 107
is_linear=0
shrinkage=0.081441


Tree=4
num_leaves=9
num_cat=0
split_feature=2 4 2 6 0 9 1 3
split_gain=242.268 128.384 70.6974 65.5466 36.5091 34.8717 22.6829 13.2129
threshold=15.250000000000002 -0.35846086284744716 9.8000000000000025 7.3500000000000005 55.150000000000013 3.6500000000000026 71.550000000000011 -0.25205528343633249
decision_type=2 2 2 2 2 2 2 2
left_child=2 -2 4 -3 -1 7 -5 -4
right_child=1 3 5 6 -6 -7 -8 -9
leaf_value=-0.053460636507464895 0.14502797864688338 -0.057543574494352948 -0.012502294484657292 0.075947067924763703 -0.15099102780841844 0.022965516938662538 0.0072181641336165241 -0.067175017602294995
leaf_weight=53 83 49 49 91 49 84 49 73
leaf_count=53 83 49 49 91 49 84 49 73
internal_value=0.0045908 0.0606004 -0.0448724 0.0235199 -0.10032 -0.0174153 0.0518935 -0.0452182
internal_weight=580 272 308 189 102 206 140 122
internal_count=580 272 308 189 102 206 140 122
is_linear=0
shrinkage=0.081441


Tree=5
num_leaves=9
num_cat=0
split_feature=2 6 2 3 7 3 9 3
split_gain=204.417 106.136 59.6525 51.6408 56.4499 31.1296 29.4235 11.1485
threshold=15.250000000000002 7.3500000000000005 9.8000000000000025 0.67802080537253961 4340.0000000000009 0.57077594689671507 3.6500000000000026 -0.25205528343633249
decision_type=2 2 2 2 2 2 2 2
left_child=2 -2 5 4 -3 -1 7 -4
right_child=1 3 6 -5 -6 -7 -8 -9
leaf_value=-0.13373942027701402 -0.052857810650294511 0.041298867823646189 -0.011484235214938776 0.026074343281338733 0.14682239673662448 -0.043472044127746447 0.021095332497988731 -0.061704719994545465
leaf_weight=55 49 53 49 78 92 47 84 73
leaf_count=55 49 53 49 78 92 47 84 73
internal_value=0.00421683 0.0556654 -0.0412184 0.0795121 0.108255 -0.0921512 -0.0159971 -0.0415359
internal_weight=580 272 308 223 145 102 206 122
internal_count=580 272 308 223 145 102 206 122
is_linear=0
shrinkage=0.081441


Tree=6
num_leaves=9
num_cat=0
split_feature=2 4 2 0 6 9 1 3
split_gain=172.48 92.8202 51.2561 55.0215 46.3361 24.1231 19.9672 18.8934
threshold=15.250000000000002 -0.35846086284744716 10.700000000000001 53.050000000000004 7.3500000000000005 4.0500000000000016 71.550000000000011 -0.21022463061426777
decision_type=2 2 2 2 2 2 2 2
left_child=2 -2 3 -1 -3 7 -6 -4
right_child=1 4 5 -5 6 -7 -8 -9
leaf_value=-0.0054710236419740956 0.12291989783532044 -0.048553604957114214 0.0057049703571745896 -0.11408686025776034 0.066027045705007115 0.031173191327447086 0.0015443292288040409 -0.062453882758445586
leaf_weight=48 83 49 49 87 91 64 49 60
leaf_count=48 83 49 49 87 91 64 49 60
internal_value=0.00387334 0.0511322 -0.037862 -0.0754701 0.0196032 -0.00851281 0.0434593 -0.0318152
internal_weight=580 272 308 135 189 173 140 109
internal_count=580 272 308 135 189 173 140 109
is_linear=0
shrinkage=0.081441


Tree=7
num_leaves=10
num_cat=0
split_feature=9 0 8 7 9 13 0 7 9
split_gain=148.246 61.5207 48.094 38.2452 24.9811 15.9446 15.7456 24.2172 10.1706
threshold=4.0500000000000016 46.95000000000001 0.17450000000000002 6022.5000000000009 2.2500000000000004 1.3943762934642958 48.750000000000007 4703.5000000000009 3.2500000000000004
decision_type=2 2 2 2 2 2 2 2 2
left_child=1 -1 6 4 -3 -5 -2 -8 -6
right_child=2 3 -4 5 8 -7 7 -9 -10
leaf_value=0.044909267744681368 0.070253669463500618 -0.10342821776515622 0.12413214098108701 -0.038507637891457301 -0.019529556232451045 0.028571230039655501 -0.028417327040789218 0.043569312832514244 -0.070129136693614355
leaf_weight=58 56 79 49 47 57 47 47 91 49
leaf_count=58 56 79 49 47 57 47 47 91 49
internal_value=0.00355789 -0.0314049 0.052045 -0.0472702 -0.0687631 -0.00496854 0.0338337 0.0190519 -0.0429229
internal_weight=580 337 243 279 185 94 194 138 106
internal_count=580 337 243 279 185 94 194 138 106
is_linear=0
shrinkage=0.081441


Tree=8
num_leaves=9
num_cat=0
split_feature=2 12 2 11 4 0 3 0
split_gain=127.06 66.7558 41.3304 41.0606 23.3504 31.8619 15.688 12.2717
threshold=12.250000000000002 3.9107142857142865 17.050000000000001 2.8142857142857154 0.32410992729244009 49.250000000000007 -0.57078386445773377 55.650000000000013
decision_type=2 2 2 2 2 2 2 2
left_child=3 4 -3 -1 -2 -6 -4 -5
right_child=1 2 6 7 5 -7 -8 -9
leaf_value=-0.10540438771082679 0.025530420404145646 0.013755656183500697 0.13216699908858071 -0.0052669329095168744 0.011025370551765874 -0.080286305760592785 0.068843728447139166 -0.053732711816959697
leaf_weight=65 92 63 47 77 55 47 58 63
leaf_count=65 92 63 47 77 55 47 58 63
internal_value=-0.000685747 0.0283262 0.0659071 -0.0519159 -0.0042192 -0.0310521 0.0971951 -0.0270781
internal_weight=567 362 168 205 194 102 105 140
internal_count=567 362 168 205 194 102 105 140
is_linear=0
shrinkage=0.081441


Tree=9
num_leaves=8
num_cat=0
split_feature=2 12 9 2 9 6 2
split_gain=107.209 56.3267 36.9739 35.2126 20.1851 20.9755 16.9216
threshold=12.250000000000002 3.9107142857142865 1.7500000000000002 18.650000000000009 2.9000000000000026 9.6500000000000004 10.049999999999999
decision_type=2 2 2 2 2 2 2
left_child=2 4 -1 -3 -2 -6 -4
right_child=1 3 6 -5 5 -7 -8
leaf_value=-0.10410191063464445 -0.034902187565947845 0.026648764514379728 -0.054110478361296295 0.1015608039925531 -0.012893613938164785 0.057747923837191864 0.00078037435119666693
leaf_weight=56 81 92 74 76 63 50 75
leaf_count=56 81 92 74 76 63 50 75
internal_value=-0.000629892 0.0260196 -0.0476882 0.0605402 -0.0038757 0.0183653 -0.0264821
internal_weight=567 362 205 168 194 113 149
internal_count=567 362 205 168 194 113 149
is_linear=0
shrinkage=0.081441


Tree=10
num_leaves=10
num_cat=0
split_feature=2 3 0 7 9 0 12 3 12
split_gain=90.5998 51.0253 30.9329 58.9718 27.0595 18.9694 16.0827 13.1197 7.67818
threshold=13.200000000000001 -0.67803021058859214 45.45000000000001 5995.0000000000009 1.7500000000000002 52.650000000000013 3.4535714285714287 -0.33425342068356551 3.3535714285714291
decision_type=2 2 2 2 2 2 2 2 2
left_child=4 -2 -3 8 -1 -6 -5 -7 -4
right_child=1 2 3 6 5 7 -8 -9 -10
leaf_value=-0.086894233285118777 0.08718262431123916 0.065458044854947925 -0.027731429164673145 0.00047781732598149761 0.014044046278530627 -0.010232365208646805 0.061913513698531507 -0.066714607490138259 -0.073810747595273341
leaf_weight=60 72 53 47 50 59 47 65 65 49
leaf_count=60 72 53 47 50 59 47 65 65 49
internal_value=-0.000578612 0.0264142 0.00983921 -0.00413302 -0.0398405 -0.0233277 0.0352039 -0.0430143 -0.0512546
internal_weight=567 336 264 211 231 171 115 112 96
internal_count=567 336 264 211 231 171 115 112 96
is_linear=0
shrinkage=0.081441


Tree=11
num_leaves=9
num_cat=0
split_feature=11 2 2 0 3 4 9 9
split_gain=88.123 38.3289 28.5712 24.3439 36.0106 23.908 13.5354 10.6885
threshold=3.3785714285714286 10.400000000000004 11.300000000000002 58.45000000000001 -0.452744437932114 0.43540432083943431 1.9499999999999995 3.7500000000000004
decision_type=2 2 2 2 2 2 2 2
left_child=2 -2 -1 4 -3 -6 -4 -8
right_child=1 3 6 -5 5 -7 7 -9
leaf_value=-0.077838982332362416 -0.034478288122803347 0.10712715411735614 -0.054846118483493647 -0.0031106725423907791 0.059260076335503571 -0.0077213716306505538 0.021499953181124642 -0.028847148293853812
leaf_weight=80 56 59 47 67 86 60 58 54
leaf_count=80 56 59 47 67 86 60 58 54
internal_value=-0.000531524 0.026875 -0.0381436 0.0395072 0.0534356 0.0317344 -0.0181686 -0.0027748
internal_weight=567 328 239 272 205 146 159 112
internal_count=567 328 239 272 205 146 159 112
is_linear=0
shrinkage=0.081441


Tree=12
num_leaves=9
num_cat=0
split_feature=2 12 11 0 4 2 10 11
split_gain=71.3215 57.2928 20.9063 15.8996 14.1644 12.0371 11.6142 7.37659
threshold=17.050000000000001 3.5678571428571426 3.4214285714285717 57.250000000000007 0.10623888086365081 21.350000000000001 3.2500000000000004 2.4571428571428577
decision_type=2 2 2 2 2 2 2 2
left_child=2 -2 6 4 -4 -3 7 -1
right_child=1 5 3 -5 -6 -7 -8 -9
leaf_value=-0.0054622734800861116 -0.012686403859052739 0.047203601622209934 0.050275565740058564 -0.029485023794125022 -0.011993110645344727 0.099689782386493009 -0.070416112273030046 -0.046997618690632688
leaf_weight=53 90 57 47 89 50 59 67 61
leaf_count=53 90 57 47 89 50 59 67 61
internal_value=-0.0022765 0.0360737 -0.023803 -0.00462786 0.0181797 0.0739034 -0.043507 -0.0276888
internal_weight=573 206 367 186 97 116 181 114
internal_count=573 206 367 186 97 116 181 114
is_linear=0
shrinkage=0.081441


Tree=13
num_leaves=9
num_cat=0
split_feature=2 12 0 3 4 1 2 0
split_gain=60.1787 48.3417 16.6781 29.9539 29.0109 30.1584 14.8731 10.2267
threshold=17.050000000000001 3.5678571428571426 57.95000000000001 -0.66528616069191593 0.020426410361618304 60.750000000000007 11.950000000000001 52.050000000000004
decision_type=2 2 2 2 2 2 2 2
left_child=2 -2 4 -4 6 -6 -1 -3
right_child=1 7 3 -5 5 -7 -8 -9
leaf_value=-0.005419758997107684 -0.011653287703768968 0.044515771150744766 -0.0024116290926857811 -0.084771363268485334 0.014928015712416155 -0.061146736933686989 0.057232709783249687 0.092915763854205413
leaf_weight=54 90 60 54 64 55 93 47 56
leaf_count=54 90 60 54 64 55 93 47 56
internal_value=-0.00209108 0.0331362 -0.0218647 -0.0470836 -0.00991257 -0.0328763 0.0237372 0.0678853
internal_weight=573 206 367 118 249 148 101 116
internal_count=573 206 367 118 249 148 101 116
is_linear=0
shrinkage=0.081441


Tree=14
num_leaves=10
num_cat=0
split_feature=11 2 0 0 4 0 2 8 9
split_gain=53.0507 39.2885 28.2164 23.6029 18.2401 16.8003 16.3121 13.5087 9.48408
threshold=3.4285714285714293 18.000000000000007 52.050000000000004 47.550000000000004 -0.031174269516803247 57.250000000000007 12.950000000000001 0.10250000000000001 3.2500000000000004
decision_type=2 2 2 2 2 2 2 2 2
left_child=3 5 -3 -1 6 7 -5 -2 -6
right_child=1 2 -4 4 8 -7 -8 -9 -10
leaf_value=0.021615004149339246 -0.0061231903136926592 0.021049433461836572 0.10070464598906552 -0.048814438542720578 -0.04250074289979109 -0.027471704044263506 0.018337705363796468 0.051509414025261192 -0.090719163533481723
leaf_weight=48 60 65 54 49 59 92 47 49 50
leaf_count=48 60 65 54 49 59 92 47 49 50
internal_value=-0.00192074 0.0201132 0.0571991 -0.0297896 -0.0418261 -0.00184425 -0.0159389 0.0197866 -0.0646235
internal_weight=573 320 119 253 205 201 96 109 109
internal_count=573 320 119 253 205 201 96 109 109
is_linear=0
shrinkage=0.081441


Tree=15
num_leaves=10
num_cat=0
split_feature=11 2 0 0 0 8 8 11 2
split_gain=44.8961 31.6689 25.0435 20.4332 14.4415 14.0868 13.4167 9.44102 6.68728
threshold=3.4214285714285717 18.000000000000007 52.050000000000004 47.550000000000004 56.95000000000001 0.10250000000000001 0.13350000000000004 2.7357142857142853 12.350000000000003
decision_type=2 2 2 2 2 2 2 2 2
left_child=3 4 -3 -1 5 -2 7 -5 -6
right_child=1 2 -4 6 8 -7 -8 -9 -10
leaf_value=0.019854901114222799 -0.0072027059526446778 0.017719796330682873 0.092504176571201968 -0.076218367010596352 -0.046509727854236467 0.051221886597796432 -0.012367498933036682 -0.031057319475638057 -0.0030663786724703631
leaf_weight=48 62 66 54 68 47 49 76 56 47
leaf_count=48 62 66 54 68 47 49 76 56 47
internal_value=-0.00176431 0.0181493 0.0513761 -0.0278606 -0.00130147 0.0185899 -0.0393126 -0.0558258 -0.0247898
internal_weight=573 325 120 248 205 111 200 124 94
internal_count=573 325 120 248 205 111 200 124 94
is_linear=0
shrinkage=0.081441


Tree=16
num_leaves=10
num_cat=0
split_feature=4 2 11 0 9 6 9 4 8
split_gain=72.6469 45.8505 26.0768 23.951 11.8818 20.3047 11.7 8.48479 6.21445
threshold=0.96633974041180482 15.949999999999998 4.8642857142857165 50.150000000000013 2.9000000000000026 8.9500000000000011 4.0500000000000016 -0.85225707553516283 0.10350000000000001
decision_type=2 2 2 2 2 2 2 2 2
left_child=1 3 4 -1 -3 -6 7 -5 -9
right_child=-2 2 -4 6 5 -7 -8 8 -10
leaf_value=0.038547534995370433 -0.092361348955728312 -0.014237487681623638 0.078403097760138193 -0.063193071275527271 -0.0024924048738495254 0.065481720201613955 0.0031167708029003847 -0.039735928746829727 -0.0022708501077721016
leaf_weight=54 50 49 71 47 55 62 86 63 55
leaf_count=54 50 49 71 47 55 62 86 63 55
internal_value=0.00156211 0.0102277 0.0370986 -0.0106527 0.0194298 0.0335297 -0.0212384 -0.0339322 -0.0222745
internal_weight=592 542 237 305 166 117 251 165 118
internal_count=592 542 237 305 166 117 251 165 118
is_linear=0
shrinkage=0.081441


Tree=17
num_leaves=10
num_cat=0
split_feature=4 2 11 0 3 0 4 13 3
split_gain=61.2972 38.6871 22.0577 20.2091 13.6702 15.5457 17.5093 12.1279 9.14549
threshold=0.96633974041180482 15.949999999999998 5.0071428571428589 50.150000000000013 -0.63921128368950708 58.45000000000001 -0.30164489695395941 1.5003960155632712 0.27694220057652758
decision_type=2 2 2 2 2 2 2 2 2
left_child=1 3 7 -1 -5 6 -6 -3 -9
right_child=-2 2 -4 4 5 -7 -8 8 -10
leaf_value=0.035408574968945096 -0.084840355300768291 -0.015591295989059371 0.077722507813452232 0.0093312087372875909 0.011870693056733446 -0.072088092940098131 -0.04839849558107668 0.056063405761546593 0.013011226593234684
leaf_weight=54 50 47 58 76 66 47 62 60 72
leaf_count=54 50 47 58 76 66 47 62 60 72
internal_value=0.00143486 0.00939478 0.0340775 -0.00978526 -0.0195089 -0.0320337 -0.0173232 0.0199332 0.0325823
internal_weight=592 542 237 305 251 175 128 179 132
internal_count=592 542 237 305 251 175 128 179 132
is_linear=0
shrinkage=0.081441


Tree=18
num_leaves=10
num_cat=0
split_feature=4 2 3 0 1 4 1 4 9
split_gain=51.7208 32.8529 34.3215 15.5732 24.1653 21.5064 14.0163 17.5367 7.61335
threshold=0.96633974041180482 18.950000000000006 0.40614137006726808 58.650000000000013 70.15000000000002 -0.75013812021657655 60.250000000000007 0.34033495509342487 3.6500000000000026
decision_type=2 2 2 2 2 2 2 2 2
left_child=1 3 -3 4 6 -5 -1 8 -8
right_child=-2 2 -4 5 -6 -7 7 -9 -10
leaf_value=0.034773829477632079 -0.077931797025283661 0.07855519017326798 -0.0029924855917913425 -0.068012651308216612 0.059455963457152192 0.0044847789242570173 -0.010972823063731403 -0.045150302728502539 0.030561490883907798
leaf_weight=50 50 78 61 51 48 58 75 73 48
leaf_count=50 50 78 61 51 48 58 75 73 48
internal_value=0.00131799 0.00862973 0.0427696 -0.00314609 0.00660208 -0.0294381 -0.00371221 -0.0135309 0.00523646
internal_weight=592 542 139 403 294 109 246 196 123
internal_count=592 542 139 403 294 109 246 196 123
is_linear=0
shrinkage=0.081441


Tree=19
num_leaves=10
num_cat=0
split_feature=4 2 9 0 3 0 4 7 3
split_gain=43.6404 28.3886 18.2226 15.6256 10.7989 10.7187 13.9552 6.82813 18.2293
threshold=0.96633974041180482 15.949999999999998 6.4500000000000002 50.150000000000013 -0.63921128368950708 58.45000000000001 -0.30164489695395941 4019.0000000000005 0.67802080537253961
decision_type=2 2 2 2 2 2 2 2 2
left_child=1 3 7 -1 -5 6 -6 -3 -9
right_child=-2 2 -4 4 5 -7 -8 8 -10
leaf_value=0.031236649268360322 -0.071585804359136945 -0.0089655207387068728 0.073301369931401322 0.0085797120644664007 0.010093070402505915 -0.061444715417489616 -0.043712810108144505 0.056436415780591116 -0.0023430521184204215
leaf_weight=54 50 48 49 76 66 47 62 69 71
leaf_count=54 50 48 49 76 66 47 62 69 71
internal_value=0.00121065 0.007927 0.0290708 -0.00850304 -0.0170532 -0.0281851 -0.0159701 0.0175404 0.0266281
internal_weight=592 542 237 305 251 175 128 188 140
internal_count=592 542 237 305 251 175 128 188 140
is_linear=0
shrinkage=0.081441


Tree=20
num_leaves=10
num_cat=0
split_feature=2 12 1 1 3 2 1 6 12
split_gain=37.1431 28.8953 16.8829 28.9686 22.5012 15.9967 19.6056 11.6562 5.66811
threshold=10.700000000000001 3.821428571428573 74.15000000000002 70.250000000000014 0.67802080537253961 17.350000000000005 69.750000000000014 9.8500000000000032 4.6535714285714294
decision_type=2 2 2 2 2 2 2 2 2
left_child=7 2 3 4 -2 6 -3 -1 -7
right_child=1 5 -4 -5 -6 8 -8 -9 -10
leaf_value=-0.055025081274706247 0.018082409143787406 0.0507968984826958 -0.047058318390931282 0.055271987371218946 -0.051041022258861618 0.080071641170455635 -0.020664450454475375 -0.0067035509575061056 0.041382817402259173
leaf_weight=79 64 49 51 55 61 47 53 57 54
leaf_count=79 64 49 51 55 61 47 53 57 54
internal_value=0.00236309 0.0140009 -0.00569857 0.00602133 -0.0156507 0.036417 0.0136661 -0.034774 0.0593907
internal_weight=570 434 231 180 125 203 102 136 101
internal_count=570 434 231 180 125 203 102 136 101
is_linear=0
shrinkage=0.081441


Tree=21
num_leaves=9
num_cat=0
split_feature=2 12 0 13 13 9 12 12
split_gain=31.6257 25.6055 16.2416 14.291 21.6475 15.3331 11.6557 5.16816
threshold=9.8000000000000025 4.0035714285714299 55.650000000000013 1.8308206228497486 2.1879539668587351 2.8499999999999983 3.2321428571428572 4.7178571428571443
decision_type=2 2 2 2 2 2 2 2
left_child=6 3 7 5 -5 -2 -1 -3
right_child=1 2 -4 4 -6 -7 -8 -9
leaf_value=-0.068577115219159199 -0.05434784881039853 0.068194853560219218 0.0063053417755801486 0.05394953320496592 -0.016175133918697088 -0.0004451691617383067 -0.013573889905148163 0.033801923300893308
leaf_weight=47 60 64 88 53 65 84 56 53
leaf_count=47 60 64 88 53 65 84 56 53
internal_value=0.0021707 0.01118 0.0327383 -0.00568855 0.0153228 -0.0229061 -0.0386753 0.052618
internal_weight=570 467 205 262 118 144 103 117
internal_count=570 467 205 262 118 144 103 117
is_linear=0
shrinkage=0.081441


Tree=22
num_leaves=9
num_cat=0
split_feature=2 12 11 0 11 4 6 7
split_gain=27.0156 27.5875 18.1468 12.6856 11.3826 9.31136 7.50621 7.0082
threshold=17.150000000000002 3.4571428571428577 2.8571428571428581 55.650000000000013 2.3357142857142867 0.48126256173783166 9.6500000000000004 6022.5000000000009
decision_type=2 2 2 2 2 2 2 2
left_child=2 -2 4 5 -1 -4 -5 -3
right_child=1 7 3 6 -6 -7 -8 -9
leaf_value=-0.011865908142259768 -0.011160368202666082 0.032938632449273739 0.036691389579802336 -0.038420902467612469 -0.06203843933831886 -0.0074176184095635063 0.0043031660841863642 0.071850731851389793
leaf_weight=59 83 73 77 60 61 54 50 53
leaf_count=59 83 73 77 60 61 54 50 53
internal_value=0.00199393 0.0252955 -0.0114967 0.00138816 -0.0373723 0.0185096 -0.0190018 0.0493094
internal_weight=570 209 361 241 120 131 110 126
internal_count=570 209 361 241 120 131 110 126
is_linear=0
shrinkage=0.081441


Tree=23
num_leaves=9
num_cat=0
split_feature=2 12 1 1 3 0 6 13
split_gain=25.089 17.9249 13.0517 25.8732 21.5017 11.9967 9.2442 4.15805
threshold=10.700000000000001 4.0035714285714299 74.15000000000002 70.250000000000014 0.67802080537253961 56.600000000000009 9.8500000000000032 1.8829434814939321
decision_type=2 2 2 2 2 2 2 2
left_child=6 2 3 4 -2 7 -1 -3
right_child=1 5 -4 -5 -6 -7 -8 -9
leaf_value=-0.046724756384747511 0.020066670750758693 0.03200891758306143 -0.03915583113288662 0.052956134347243597 -0.045921426047899387 0.0045689489669957315 -0.0036925639027775691 0.06270126649329362
leaf_weight=79 65 64 53 56 66 76 57 54
leaf_count=79 65 64 53 56 66 76 57 54
internal_value=0.00183155 0.0113963 -0.00348438 0.00662674 -0.0131799 0.0298049 -0.0286903 0.0460573
internal_weight=570 434 240 187 131 194 136 118
internal_count=570 434 240 187 131 194 136 118
is_linear=0
shrinkage=0.081441


Tree=24
num_leaves=10
num_cat=0
split_feature=0 4 2 0 12 9 4 12 7
split_gain=33.7595 32.0845 33.1841 31.5992 23.5453 16.8413 8.30732 5.45584 5.41957
threshold=45.45000000000001 0.61067742788105683 19.750000000000004 61.050000000000004 2.917857142857144 3.1500000000000026 -0.25206183926700709 3.9928571428571433 5200.0000000000009
decision_type=2 2 2 2 2 2 2 2 2
left_child=-1 2 3 5 -3 8 7 -7 -2
right_child=1 4 -4 -5 -6 6 -8 -9 -10
leaf_value=0.05947056381137656 0.00034916718679124214 -4.400927565663654e-05 0.056328433992134552 -0.063670359346709962 -0.07409425504409263 0.017247163695964081 7.7880747890945768e-05 0.055302578109954037 -0.035434631979522693
leaf_weight=59 52 49 70 52 68 49 70 51 61
leaf_count=59 52 49 70 52 68 49 70 51 61
internal_value=0.00108101 -0.00551925 0.00533318 -0.00532345 -0.0430835 0.00539879 0.0215961 0.0366578 -0.0189687
internal_weight=581 522 405 335 117 283 170 100 113
internal_count=581 522 405 335 117 283 170 100 113
is_linear=0
shrinkage=0.081441


Tree=25
num_leaves=10
num_cat=0
split_feature=0 4 9 0 12 3 12 0 9
split_gain=28.4851 27.0718 28.6818 24.2828 19.8667 13.6946 10.2365 8.6967 5.30832
threshold=45.45000000000001 0.61067742788105683 4.7500000000000009 59.95000000000001 2.917857142857144 -0.21861968191509912 4.6392857142857151 51.45000000000001 3.3499999999999983
decision_type=2 2 2 2 2 2 2 2 2
left_child=-1 2 3 5 -3 -2 -4 -7 -9
right_child=1 4 6 -5 -6 7 -8 8 -10
leaf_value=0.05462777263842452 0.039866235067711947 -4.0425038659971742e-05 0.015332555974713257 -0.057363016193657912 -0.068060539718838117 0.017183234285317452 0.059869314232385756 -0.039516028156427067 -0.0026906529394443109
leaf_weight=59 49 49 78 58 68 54 61 58 47
leaf_count=59 49 49 78 58 68 54 61 58 47
internal_value=0.000992985 -0.00506981 0.00489889 -0.0107681 -0.0395751 0.00222612 0.0348794 -0.00937485 -0.0230335
internal_weight=581 522 405 266 117 208 139 159 105
internal_count=581 522 405 266 117 208 139 159 105
is_linear=0
shrinkage=0.081441


Tree=26
num_leaves=9
num_cat=0
split_feature=0 4 0 3 3 0 1 6
split_gain=24.0348 23.6112 27.6376 28.2692 17.4244 17.3199 14.8347 8.01105
threshold=45.45000000000001 0.53312596302726967 58.650000000000013 0.73865729060996177 -0.66528616069191593 55.550000000000004 63.600000000000009 9.4500000000000011
decision_type=2 2 2 2 2 2 2 2
left_child=-1 2 3 5 -4 -2 -3 -5
right_child=1 6 4 7 -6 -7 -8 -9
leaf_value=0.050179336195306894 0.081267896938862397 0.0016587753390505664 0.0009417967078437972 0.020337946348901712 -0.059936251187331938 0.020686511299463785 -0.054007244864367872 -0.021019988613875541
leaf_weight=59 58 50 72 50 55 68 87 82
leaf_count=59 58 50 72 50 55 68 87 82
internal_value=0.000912133 -0.00465695 0.00567543 0.0209846 -0.0254245 0.048576 -0.0336921 -0.00535386
internal_weight=581 522 385 258 127 126 137 132
internal_count=581 522 385 258 127 126 137 132
is_linear=0
shrinkage=0.081441


Tree=27
num_leaves=10
num_cat=0
split_feature=9 0 0 4 3 1 0 3 3
split_gain=21.002 19.5431 15.2159 24.1351 18.3644 18.085 14.4153 11.9358 11.8343
threshold=6.8499999999999988 61.050000000000004 45.45000000000001 0.35645927230573388 -0.33425342068356551 63.600000000000009 56.850000000000001 0.95998215779580554 -0.005375728450543499
decision_type=2 2 2 2 2 2 2 2 2
left_child=1 2 -1 4 -4 -5 7 -6 -7
right_child=-2 -3 3 5 6 8 -8 -9 -10
leaf_value=0.043327578907910905 0.047782465728518936 -0.052691605532398614 0.044936307515977575 0.0084170930048134036 0.028709977185390229 -0.023475392902728539 -0.041017732870008254 -0.021773901483680417 -0.07783936823853263
leaf_weight=50 57 50 76 57 88 58 48 48 49
leaf_count=50 57 50 76 57 88 58 48 48 49
internal_value=0.000837886 -0.00426922 0.000839291 -0.00417172 0.0112601 -0.0286363 -0.00265071 0.0108919 -0.0483744
internal_weight=581 524 474 424 260 164 184 136 107
internal_count=581 524 474 424 260 164 184 136 107
is_linear=0
shrinkage=0.081441


Tree=28
num_leaves=9
num_cat=0
split_feature=12 1 11 0 11 3 8 8
split_gain=23.3134 19.2945 17.5333 21.7935 13.4676 10.9466 12.4798 8.8657
threshold=2.9607142857142867 70.15000000000002 4.4071428571428575 50.150000000000013 2.3357142857142867 -0.66528616069191593 0.15450000000000003 0.11350000000000002
decision_type=2 2 2 2 2 2 2 2
left_child=4 2 3 -2 -1 -3 -7 -6
right_child=1 5 -4 -5 7 6 -8 -9
leaf_value=0.0046452863622152875 0.056310569518563752 0.053175150835580595 -0.035382256979350123 -0.010746101555717424 -0.067891030136278438 -0.014452082051939178 0.04119377321797707 -0.018390453408860623
leaf_weight=66 50 86 76 90 48 52 55 48
leaf_count=66 50 86 76 90 48 52 55 48
internal_value=0.00247225 0.012829 -0.00389156 0.0132042 -0.0236748 0.0315416 0.0141517 -0.0431438
internal_weight=571 409 216 140 162 193 107 96
internal_count=571 409 216 140 162 193 107 96
is_linear=0
shrinkage=0.081441


Tree=29
num_leaves=10
num_cat=0
split_feature=2 3 13 13 1 3 3 4 0
split_gain=20.8738 23.9901 13.293 20.2861 20.3871 20.1286 8.36367 7.23357 5.85907
threshold=9.8000000000000025 -0.67803021058859214 2.1847413431109461 1.6168016483951175 66.65000000000002 0.77244481603295057 0.34235194516023087 0.046214085385334856 55.150000000000013
decision_type=2 2 2 2 2 2 2 2 2
left_child=8 7 3 4 -3 -5 -6 -2 -1
right_child=1 2 -4 5 6 -7 -8 -9 -10
leaf_value=-0.012121269790938307 0.060909033821170445 0.03024911274693743 -0.030347481888445649 0.060697795076167196 -0.055376852399802209 -0.0080086744621327022 -0.0099795486897724609 0.018688357823077047 -0.050811372456071723
leaf_weight=54 63 53 78 71 51 47 57 47 50
leaf_count=54 63 53 78 71 51 47 57 47 50
internal_value=0.00227092 0.00961924 -0.000627174 0.00768225 -0.0111181 0.0333327 -0.0314193 0.0428715 -0.0307244
internal_weight=571 467 357 279 161 118 108 110 104
internal_count=571 467 357 279 161 118 108 110 104
is_linear=0
shrinkage=0.081441


Tree=30
num_leaves=10
num_cat=0
split_feature=6 2 3 7 0 6 7 9 9
split_gain=18.936 17.9068 17.0621 33.1776 27.5103 6.99624 7.84824 6.1336 4.26695
threshold=6.4500000000000011 13.499999999999998 0.67802080537253961 4019.0000000000005 58.650000000000013 9.2500000000000018 5354.5000000000009 4.0500000000000016 3.2500000000000004
decision_type=2 2 2 2 2 2 2 2 2
left_child=-1 5 3 -3 -5 8 -7 -4 -2
right_child=1 2 7 4 -6 6 -8 -9 -10
leaf_value=-0.04686559327617898 -0.007632246751655576 -0.013885133430987379 -0.026643161038726319 0.08630757111151216 0.0081572734332600837 0.020373279485281382 -0.021870271681390135 0.012910593783400143 -0.040523983093924083
leaf_weight=48 47 64 52 82 47 70 50 52 59
leaf_count=48 47 64 52 82 47 70 50 52 59
internal_value=0.00208597 0.00657921 0.0197245 0.0340532 0.0578361 -0.0106959 0.00277155 -0.00686671 -0.0259413
internal_weight=571 523 297 193 129 226 120 104 106
internal_count=571 523 297 193 129 226 120 104 106
is_linear=0
shrinkage=0.081441


Tree=31
num_leaves=10
num_cat=0
split_feature=4 2 6 0 4 2 12 0 10
split_gain=17.9454 19.0399 11.7335 11.6767 14.8162 11.3422 10.6593 8.65355 6.97607
threshold=-0.15950993297387567 17.150000000000002 9.8500000000000032 49.650000000000013 0.57605713708605399 16.200000000000003 3.7464285714285719 58.650000000000013 3.9499999999999997
decision_type=2 2 2 2 2 2 2 2 2
left_child=1 2 7 5 6 -2 -5 -1 -7
right_child=3 -3 -4 4 -6 8 -8 -9 -10
leaf_value=0.010860625624936535 0.034907609966434543 0.060210904869598729 0.032239625840806238 0.018955402571523686 -0.050858134365927649 0.01079602634964732 -0.033027081312926206 -0.035557224573101488 -0.033118711117367937
leaf_weight=57 58 57 69 59 78 49 47 50 47
leaf_count=57 58 57 69 59 78 49 47 50 47
internal_value=0.00191606 0.019305 0.00605533 -0.0100712 -0.0239191 0.00647473 -0.00409405 -0.0108308 -0.0107047
internal_weight=571 233 176 338 184 154 106 107 96
internal_count=571 233 176 338 184 154 106 107 96
is_linear=0
shrinkage=0.081441


Tree=32
num_leaves=10
num_cat=0
split_feature=0 1 1 6 4 2 9 4 11
split_gain=11.4602 17.0837 15.2364 14.5685 20.3025 13.8227 8.71579 7.6366 6.90906
threshold=61.050000000000004 71.350000000000009 60.750000000000007 8.1500000000000004 -0.14250536273956088 23.800000000000004 3.4499999999999997 -0.72694848937061807 3.8642857142857143
decision_type=2 2 2 2 2 2 2 2 2
left_child=1 2 -1 -4 6 7 -5 -3 -6
right_child=-2 5 3 4 8 -7 -8 -9 -10
leaf_value=0.027644584763167238 -0.036684705086381719 0.020346467818665535 0.015461334762164658 -0.022771709443174505 -0.029070174124200286 -0.0068951959900180725 0.023939733683394027 0.066073275079280486 -0.067710249038255788
leaf_weight=69 55 47 79 52 64 56 54 50 59
leaf_count=69 55 47 79 52 64 56 54 50 59
internal_value=-0.00130214 0.00237005 -0.00694472 -0.0146941 -0.0250972 0.0253214 0.00102468 0.0439199 -0.0476075
internal_weight=585 530 377 308 229 153 106 97 123
internal_count=585 530 377 308 229 153 106 97 123
is_linear=0
shrinkage=0.081441


Tree=33
num_leaves=10
num_cat=0
split_feature=9 3 2 1 4 4 9 12 8
split_gain=10.9261 13.4801 8.0803 7.56043 19.3523 6.39102 5.41492 5.40247 3.42286
threshold=1.0500000000000009 0.878110924644389 20.450000000000006 62.550000000000004 0.31595530242620651 -0.92921788351138401 4.5500000000000016 3.789285714285715 0.14750000000000002
decision_type=2 2 2 2 2 2 2 2 2
left_child=-1 2 3 -2 5 -5 -4 -3 -7
right_child=1 7 6 4 -6 8 -8 -9 -10
leaf_value=-0.037208449582740409 0.027734136442571389 -0.042718230255629132 0.048496867638646884 -0.016474725361464809 -0.043917157025777691 0.027188605071283737 0.011931339323336494 -0.0068658506741252623 0.00061250673551132596
leaf_weight=51 62 50 48 49 61 90 61 63 50
leaf_count=51 62 50 48 49 61 90 61 63 50
internal_value=-0.0011961 0.0022437 0.00894747 0.0022784 -0.00403519 0.00883786 0.0280356 -0.0227313 0.0176976
internal_weight=585 534 421 312 250 189 109 113 140
internal_count=585 534 421 312 250 189 109 113 140
is_linear=0
shrinkage=0.081441


Tree=34
num_leaves=10
num_cat=0
split_feature=0 1 2 1 6 4 9 11 4
split_gain=9.9559 13.4486 12.4412 12.1474 12.4604 15.9957 7.17938 6.22504 6.13197
threshold=61.050000000000004 71.350000000000009 23.800000000000004 60.750000000000007 8.1500000000000004 -0.14250536273956088 3.4499999999999997 3.8642857142857143 -0.72694848937061807
decision_type=2 2 2 2 2 2 2 2 2
left_child=1 3 8 -1 -5 6 -6 -7 -3
right_child=-2 2 -4 4 5 7 -8 -9 -10
leaf_value=0.024944106752589106 -0.03407739133088402 0.019208245708093857 -0.0078765707527074756 0.015028396444247553 -0.020892076155317293 -0.024866287518022789 0.02150279802853353 -0.06154305226696289 0.060183698689906806
leaf_weight=69 55 47 56 79 52 64 54 59 50
leaf_count=69 55 47 56 79 52 64 54 59 50
internal_value=-0.00109872 0.00232398 0.0226877 -0.00594058 -0.0128599 -0.022481 0.000705293 -0.0424616 0.0403323
internal_weight=585 530 153 377 308 229 106 123 97
internal_count=585 530 153 377 308 229 106 123 97
is_linear=0
shrinkage=0.081441


Tree=35
num_leaves=9
num_cat=0
split_feature=10 10 9 13 4 0 9 2
split_gain=10.0593 11.0994 13.8039 21.1634 20.8749 8.79991 7.9916 5.85669
threshold=1.6500000000000024 3.3499999999999983 4.2500000000000009 1.8668790827683235 -0.61236746317008228 49.650000000000013 3.3499999999999983 13.250000000000002
decision_type=2 2 2 2 2 2 2 2
left_child=-1 6 3 7 -4 -6 -2 -3
right_child=1 2 4 -5 5 -7 -8 -9
leaf_value=-0.02605367287931765 0.036970532177097226 -0.026290897368911242 0.052928966217124368 0.013574532214416353 0.018026180429691247 -0.027242520101572722 0.00079677356630580246 -0.066740397428758508
leaf_weight=90 91 47 54 65 49 68 73 48
leaf_count=90 91 47 54 65 49 68 73 48
internal_value=-0.00100925 0.00354457 -0.00503962 -0.0222328 0.0110478 -0.00828387 0.0208695 -0.0467318
internal_weight=585 495 331 160 171 117 164 95
internal_count=585 495 331 160 171 117 164 95
is_linear=0
shrinkage=0.081441


Tree=36
num_leaves=10
num_cat=0
split_feature=3 0 8 3 2 8 7 13 13
split_gain=11.6027 14.4866 12.1437 6.9385 5.8938 6.13443 12.4567 6.37163 4.42044
threshold=-0.21861968191509912 58.650000000000013 0.094500000000000015 0.056951373111866661 19.550000000000001 0.13450000000000004 5007.5000000000009 1.7985441462567884 1.658742970375725
decision_type=2 2 2 2 2 2 2 2 2
left_child=1 2 -1 -2 5 6 7 -5 -3
right_child=3 8 -4 4 -6 -7 -8 -9 -10
leaf_value=0.0069749585433900975 -0.036856886634497689 -0.025850437112959281 0.057071823570538915 -0.011829837759805031 -0.021756954468006989 0.023019932233057219 -0.040482969675563966 0.029003294773697345 0.0091067987469869733
leaf_weight=60 47 47 69 47 83 73 47 55 49
leaf_count=60 47 47 69 47 83 73 47 55 49
internal_value=0.00150166 0.0159463 0.0337725 -0.00773156 -0.00324268 0.00367976 -0.00579623 0.0101885 -0.00800828
internal_weight=577 225 129 352 305 222 149 102 96
internal_count=577 225 129 352 305 222 149 102 96
is_linear=0
shrinkage=0.081441


Tree=37
num_leaves=8
num_cat=0
split_feature=3 2 10 10 13 2 0
split_gain=9.79001 12.5356 7.94699 10.3668 10.4455 20.6661 7.32139
threshold=-0.21861968191509912 20.450000000000006 5.2500000000000009 3.6500000000000026 2.171567053180079 15.800000000000002 58.650000000000013
decision_type=2 2 2 2 2 2 2
left_child=1 6 3 4 5 -2 -1
right_child=2 -3 -4 -5 -6 -7 -8
leaf_value=0.021124451820238654 -0.014068004939249945 0.050608069269430678 0.018369972081943006 -0.035495284728507388 -0.033943885229572222 0.050562595092819497 -0.012190710110819606
leaf_weight=87 92 50 66 92 51 51 88
leaf_count=87 92 50 66 92 51 51 88
internal_value=0.00137936 0.0146478 -0.00710199 -0.0129804 -0.00230242 0.00898335 0.00437185
internal_weight=577 225 352 286 194 143 175
internal_count=577 225 352 286 194 143 175
is_linear=0
shrinkage=0.081441


Tree=38
num_leaves=10
num_cat=0
split_feature=3 0 8 9 10 6 3 1 12
split_gain=8.26047 10.3468 9.9313 7.12429 9.53377 9.62493 17.118 8.10135 4.25155
threshold=-0.21861968191509912 58.650000000000013 0.094500000000000015 1.4499999999999995 5.2500000000000009 9.1500000000000004 0.81428061195174062 65.950000000000017 4.4642857142857162
decision_type=2 2 2 2 2 2 2 2 2
left_child=1 2 -1 -2 5 7 -7 -5 -3
right_child=3 8 -4 4 -6 6 -8 -9 -10
leaf_value=0.0042866187838376335 0.021622070377706377 -0.023573498743402501 0.049590578528577928 -0.060560405252171233 0.016877360782888907 0.027977668048105364 -0.030381332531462957 -0.014876431276601506 0.010709376095607164
leaf_weight=60 51 49 69 51 63 60 75 52 47
leaf_count=60 51 49 69 51 63 60 75 52 47
internal_value=0.00126706 0.013455 0.0285203 -0.00652362 -0.0112929 -0.01875 -0.00444389 -0.0374991 -0.00678958
internal_weight=577 225 129 352 301 238 135 103 96
internal_count=577 225 129 352 301 238 135 103 96
is_linear=0
shrinkage=0.081441


Tree=39
num_leaves=10
num_cat=0
split_feature=0 4 9 0 3 3 8 11 13
split_gain=8.01047 13.1444 17.5133 9.52466 13.1967 10.7956 5.75895 4.59865 4.29881
threshold=47.050000000000004 0.61067742788105683 3.0499999999999976 58.650000000000013 -0.65234524191686594 0.81428061195174062 0.12350000000000001 3.7571428571428584 1.3834846731953709
decision_type=2 2 2 2 2 2 2 2 2
left_child=7 3 -3 5 -5 8 -7 -1 -2
right_child=1 2 -4 4 -6 6 -8 -9 -10
leaf_value=0.040926177049465141 0.0096776518124017316 0.001382287602927193 -0.065504523040457382 0.0082755527998693325 -0.046354907570086028 -0.026374096845237279 0.010148390589397356 0.004899955288187337 0.039038229912438348
leaf_weight=47 53 58 47 69 51 50 67 47 88
leaf_count=47 53 58 47 69 51 50 67 47 88
internal_value=0.00116387 -0.00306947 -0.0285598 0.00401155 -0.0149437 0.0128281 -0.00546011 0.0229147 0.028003
internal_weight=577 483 105 378 120 258 117 94 141
internal_count=577 483 105 378 120 258 117 94 141
is_linear=0
shrinkage=0.081441


Tree=40
num_leaves=10
num_cat=0
split_feature=9 6 9 6 6 13 0 7 0
split_gain=12.7445 8.96163 12.853 9.02221 10.0332 17.1523 9.44677 8.54356 8.31416
threshold=1.2500000000000002 7.9500000000000011 3.7500000000000004 9.1500000000000004 12.900000000000002 2.0196061753173056 50.95000000000001 5182.5000000000009 56.250000000000007
decision_type=2 2 2 2 2 2 2 2 2
left_child=-1 2 -2 7 5 6 -5 -3 -8
right_child=1 3 -4 4 -6 -7 8 -9 -10
leaf_value=-0.035689876965003385 0.052006415203355277 -0.040866864897927249 -0.0055538975227945276 -0.03202207462276873 -0.028870662045320124 0.049634530965148277 0.03226964157113895 0.0018258451478702573 -0.0084143268676815947
leaf_weight=65 53 67 50 47 48 60 62 58 72
leaf_count=65 53 67 50 47 48 60 62 58 72
internal_value=-0.00170334 0.00257003 0.024066 -0.00277829 0.00512864 0.0119009 -0.00060885 -0.0210584 0.0104103
internal_weight=582 517 103 414 289 241 181 125 134
internal_count=582 517 103 414 289 241 181 125 134
is_linear=0
shrinkage=0.081441


Tree=41
num_leaves=10
num_cat=0
split_feature=9 6 9 4 1 0 6 2 2
split_gain=10.7534 7.56155 10.845 8.91741 12.0803 11.4226 6.41457 13.6442 5.59815
threshold=1.2500000000000002 7.9500000000000011 3.7500000000000004 -0.34234976856068172 61.350000000000001 58.650000000000013 9.1500000000000004 17.550000000000004 14.999999999999998
decision_type=2 2 2 2 2 2 2 2 2
left_child=-1 2 -2 5 -5 8 -6 -8 -3
right_child=1 3 -4 4 6 -7 7 -9 -10
leaf_value=-0.032783557533073819 0.047771495666395304 0.009322936350084807 -0.005101642281118546 0.022168741341386744 -0.043527857266470786 -0.015384316517443264 0.015337393324305686 -0.040817236930349832 0.04529454900504451
leaf_weight=65 53 60 50 50 65 69 60 55 55
leaf_count=65 53 60 50 50 65 69 60 55 55
internal_value=-0.00156463 0.00236075 0.0221062 -0.00255205 -0.0132426 0.0108111 -0.0230796 -0.01152 0.0265284
internal_weight=582 517 103 414 230 184 180 115 115
internal_count=582 517 103 414 230 184 180 115 115
is_linear=0
shrinkage=0.081441


Tree=42
num_leaves=9
num_cat=0
split_feature=10 0 11 9 3 2 1 12
split_gain=9.96404 13.2373 10.4123 14.2848 7.99677 7.43932 12.7454 6.3734
threshold=1.0500000000000009 56.250000000000007 2.7785714285714289 6.2500000000000009 -0.66528616069191593 15.100000000000003 68.15000000000002 3.7357142857142871
decision_type=2 2 2 2 2 2 2 2
left_child=-1 2 -2 5 -3 7 -7 -4
right_child=1 4 3 -5 -6 6 -8 -9
leaf_value=-0.035454933553003623 0.04143748495879878 0.00076160533829040052 -0.0045107497562175448 0.044699978826152946 -0.034461700488092509 -0.049343694550511512 0.002272615939851712 0.035115548480781036
leaf_weight=52 61 86 63 49 85 49 90 47
leaf_count=52 61 86 63 49 85 49 90 47
internal_value=-0.00143721 0.00190079 0.0107836 0.00450807 -0.0167477 -0.00340216 -0.0159246 0.0124216
internal_weight=582 530 359 298 171 249 139 110
internal_count=582 530 359 298 171 249 139 110
is_linear=0
shrinkage=0.081441


Tree=43
num_leaves=10
num_cat=0
split_feature=6 7 12 2 12 4 8 9 9
split_gain=10.3232 14.4555 15.8574 14.2614 7.71175 10.4444 5.67696 7.5265 3.87628
threshold=12.900000000000002 2357.5000000000005 2.9357142857142864 22.450000000000006 3.3250000000000006 0.27487873330147777 0.15950000000000003 3.4499999999999997 2.2500000000000004
decision_type=2 2 2 2 2 2 2 2 2
left_child=1 -1 8 4 -4 6 7 -6 -3
right_child=-2 2 3 -5 5 -7 -8 -9 -10
leaf_value=0.041975742182455145 -0.036316250006885778 -0.047706966294178414 0.024592383893817921 0.041450919881532017 -0.011970986734699892 -0.036903547479925108 -0.019284076513139216 0.0279027275739634 -0.01635583913667327
leaf_weight=54 51 47 60 61 54 62 59 75 59
leaf_count=54 51 47 60 61 54 62 59 75 59
internal_value=-0.00132016 0.00204146 -0.00247992 0.00545734 -0.001626 -0.00791891 0.00164082 0.0112116 -0.030259
internal_weight=582 531 477 371 310 250 188 129 106
internal_count=582 531 477 371 310 250 188 129 106
is_linear=0
shrinkage=0.081441


Tree=44
num_leaves=10
num_cat=0
split_feature=4 0 0 1 8 9 13 0 3
split_gain=10.649 21.6374 11.8055 13.8298 9.69239 6.67048 6.90891 6.46282 12.5177
threshold=0.61067742788105683 47.050000000000004 61.95000000000001 70.250000000000014 0.065500000000000017 4.4500000000000002 1.2426927954662457 56.250000000000007 -0.57078386445773377
decision_type=2 2 2 2 2 2 2 2 2
left_child=2 -2 3 5 -3 6 -1 -5 -9
right_child=1 4 -4 7 -6 -7 -8 8 -10
leaf_value=0.0062131520176220137 0.013140043101759541 -0.018636789154511248 -0.033499767164043424 0.043500392003163323 -0.069358227996400665 0.017340763565387864 -0.029880614475889442 0.039765902225120837 -0.017037677541250289
leaf_weight=60 76 49 49 76 51 60 85 53 50
leaf_count=60 76 49 49 76 51 60 85 53 50
internal_value=-0.00272332 -0.0196148 0.00414268 0.00894652 -0.0445076 -0.00549571 -0.0149457 0.0254861 0.012192
internal_weight=609 176 433 384 100 205 145 179 103
internal_count=609 176 433 384 100 205 145 179 103
is_linear=0
shrinkage=0.081441


Tree=45
num_leaves=9
num_cat=0
split_feature=4 6 12 6 9 3 8 13
split_gain=9.07783 10.6288 8.80362 8.25323 7.88261 6.90828 13.943 10.5629
threshold=0.67644692717078936 8.0500000000000025 3.0142857142857147 8.7500000000000018 1.9499999999999995 0.81428061195174062 0.12550000000000003 1.5446512180683341
decision_type=2 2 2 2 2 2 2 2
left_child=1 -1 -2 -3 -5 6 -6 -8
right_child=2 3 -4 4 5 -7 7 -9
leaf_value=0.039975019788821141 -0.040904727533047261 -0.025325627802292635 -0.0019041016723244165 -0.021862925264689602 0.057949893149083671 -0.0075975582533218955 -0.016740194384362053 0.029333932433320158
leaf_weight=47 70 75 85 61 47 92 66 66
leaf_count=47 70 75 85 61 47 92 66 66
internal_value=-0.00250157 0.0033083 -0.0195183 -0.000926521 0.00458572 0.0105395 0.0198613 0.00629718
internal_weight=609 454 155 407 332 271 179 132
internal_count=609 454 155 407 332 271 179 132
is_linear=0
shrinkage=0.081441


Tree=46
num_leaves=11
num_cat=0
split_feature=4 0 0 1 0 8 1 9 3 13
split_gain=7.77973 17.8517 10.3801 11.3647 8.53496 8.35614 5.55838 7.54277 5.55337 5.41578
threshold=0.61067742788105683 47.050000000000004 61.95000000000001 70.550000000000011 55.650000000000013 0.065500000000000017 68.65000000000002 4.150000000000003 -0.57078386445773377 1.3073054296403224
decision_type=2 2 2 2 2 2 2 2 2 2
left_child=2 -2 3 6 -5 -3 7 9 -6 -1
right_child=1 5 -4 4 8 -7 -8 -9 -10 -11
leaf_value=0.010008368381653823 0.013016283054847548 -0.015325014359785907 -0.031726169080900417 0.047834754665818761 0.02853855903103986 -0.062420009507081431 -0.027924055019532348 0.028103195287711311 -0.0082263587894249347 -0.026371753328468889
leaf_weight=51 76 49 49 62 54 51 51 53 55 58
leaf_count=51 76 49 49 62 54 51 51 53 55 58
internal_value=-0.00229783 -0.0167354 0.00357072 0.00807523 0.0237116 -0.039346 -0.00447826 0.00290366 0.00998807 -0.00935028
internal_weight=609 176 433 384 171 100 213 162 109 109
internal_count=609 176 433 384 171 100 213 162 109 109
is_linear=0
shrinkage=0.081441


Tree=47
num_leaves=10
num_cat=0
split_feature=4 6 12 6 2 9 8 4 12
split_gain=6.59466 8.68489 7.26554 6.82829 6.09415 7.97213 9.67982 6.23577 8.15236
threshold=0.67644692717078936 8.0500000000000025 3.0142857142857147 8.7500000000000018 19.750000000000004 1.8499999999999981 0.15750000000000003 -0.056951011027366542 4.128571428571429
decision_type=2 2 2 2 2 2 2 2 2
left_child=1 -1 -2 -3 5 -5 7 8 -7
right_child=2 3 -4 4 -6 6 -8 -9 -10
leaf_value=0.035985660441027696 -0.036043123228546629 -0.023179955252052412 -0.00061289664081092118 -0.02896458184745055 0.028787462324442601 0.0046424627009579228 -0.020543787562365811 -0.0080711853040095552 0.048800123689019835
leaf_weight=47 70 75 85 54 55 54 65 47 57
leaf_count=47 70 75 85 54 55 54 65 47 57
internal_value=-0.00211073 0.00284117 -0.0166145 -0.000986853 0.00402701 -0.000889895 0.00590912 0.0167921 0.0273196
internal_weight=609 454 155 407 332 277 223 158 111
internal_count=609 454 155 407 332 277 223 158 111
is_linear=0
shrinkage=0.081441


Tree=48
num_leaves=10
num_cat=0
split_feature=0 4 11 10 10 9 1 2 0
split_gain=9.66516 12.0766 7.80427 8.224 6.11561 10.4272 5.51161 5.48977 5.05433
threshold=47.050000000000004 0.31595530242620651 4.0214285714285731 2.3499999999999983 3.3499999999999983 3.4499999999999997 63.050000000000004 13.100000000000007 56.250000000000007
decision_type=2 2 2 2 2 2 2 2 2
left_child=6 4 3 -3 7 -6 -1 -2 -7
right_child=1 2 -4 -5 5 8 -8 -9 -10
leaf_value=0.043378584288506876 0.0027727511111110023 -0.035729053005840589 -0.050416089620013052 0.010207826393438405 -0.032633003454597659 0.024752659580042885 0.0050707238769244099 0.036076586036161568 -0.0076284751524486544
leaf_weight=47 74 48 49 56 62 62 53 59 66
leaf_count=47 74 48 49 56 62 62 53 59 66
internal_value=6.1479e-05 -0.004774 -0.0236215 -0.0109947 0.00415409 -0.00522173 0.0230771 0.0175477 0.0080566
internal_weight=576 476 153 104 323 190 100 133 128
internal_count=576 476 153 104 323 190 100 133 128
is_linear=0
shrinkage=0.081441


Tree=49
num_leaves=10
num_cat=0
split_feature=1 4 11 7 10 0 2 13 4
split_gain=8.57386 6.96207 11.0398 15.2146 14.1069 10.21 7.52053 5.79808 2.5149
threshold=60.750000000000007 -0.3342621144462935 4.0214285714285731 3787.0000000000005 3.1500000000000026 50.050000000000004 13.499999999999998 1.5144426929706858 -0.83375966452616657
decision_type=2 2 2 2 2 2 2 2 2
left_child=-1 6 3 -3 -5 -4 8 -8 -2
right_child=1 2 5 4 -6 -7 7 -9 -10
leaf_value=0.027914426060706793 -0.020785303716168362 0.02705714318674789 -0.0033939974816492905 -0.051071284661289358 0.010723582875883585 -0.050137975452603102 0.0032919946115158032 0.041610342880343883 0.0053114688839014188
leaf_weight=65 50 84 55 49 49 71 50 55 48
leaf_count=65 50 84 55 49 49 71 50 55 48
internal_value=5.64682e-05 -0.00348742 -0.0112048 0.00162452 -0.0201752 -0.0297351 0.00822166 0.0233649 -0.00800371
internal_weight=576 511 308 182 98 126 203 105 98
internal_count=576 511 308 182 98 126 203 105 98
is_linear=0
shrinkage=0.081441


Tree=50
num_leaves=9
num_cat=0
split_feature=4 1 4 11 0 10 2 13
split_gain=8.0329 12.7324 4.45223 8.59491 11.4053 9.12558 6.57159 6.49647
threshold=0.94636490295939868 61.150000000000013 -0.3342621144462935 4.0214285714285731 51.550000000000004 2.5499999999999976 12.250000000000002 1.5144426929706858
decision_type=2 2 2 2 2 2 2 2
left_child=1 -1 6 5 -5 -4 -3 -8
right_child=-2 2 3 4 -6 -7 7 -9
leaf_value=0.037114452693962977 -0.030476378551325609 -0.01131423036329292 -0.020891589254667289 0.00079273107845044739 -0.050286953951629652 0.021351187342409993 -0.00070750108687838527 0.0364825994218647
leaf_weight=64 52 77 56 57 59 86 59 66
leaf_count=64 52 77 56 57 59 86 59 66
internal_value=5.18608e-05 0.00308173 -0.00165372 -0.00874318 -0.0251888 0.00469185 0.00740111 0.0189298
internal_weight=576 524 460 258 116 142 202 125
internal_count=576 524 460 258 116 142 202 125
is_linear=0
shrinkage=0.081441


Tree=51
num_leaves=9
num_cat=0
split_feature=0 4 10 9 2 0 2 1
split_gain=7.61724 9.95587 7.28199 9.62731 5.43075 4.93041 4.65398 3.80541
threshold=47.050000000000004 0.35645927230573388 3.3499999999999983 3.4499999999999997 13.900000000000004 56.150000000000013 13.100000000000007 63.050000000000004
decision_type=2 2 2 2 2 2 2 2
left_child=7 2 6 -4 -3 -5 -2 -1
right_child=1 4 3 5 -6 -7 -8 -9
leaf_value=0.037348942850287899 0.0042527433106963669 -0.0051726740390246632 -0.032789626159633954 0.021882807527894323 -0.036880855983938102 -0.0095987980848567678 0.034409387978350303 0.0055177868776178649
leaf_weight=47 75 67 63 65 77 67 62 53
leaf_count=47 75 67 63 65 77 67 62 53
internal_value=4.76198e-05 -0.00424511 0.0035119 -0.00659783 -0.0221287 0.00590382 0.0179013 0.0204799
internal_weight=576 476 332 195 144 132 137 100
internal_count=576 476 332 195 144 132 137 100
is_linear=0
shrinkage=0.081441


Tree=52
num_leaves=9
num_cat=0
split_feature=2 2 13 11 4 2 11 7
split_gain=11.7913 10.638 11.1313 14.0251 12.1403 7.49356 5.25884 6.63573
threshold=23.950000000000006 12.950000000000001 1.1649646733092172 3.2285714285714295 0.48126256173783166 17.899999999999999 4.2214285714285733 4559.0000000000009
decision_type=2 2 2 2 2 2 2 2
left_child=1 6 -3 -4 5 -5 7 -1
right_child=-2 2 3 4 -6 -7 -8 -9
leaf_value=0.011181761911839254 -0.035312842731026479 -0.021929818927321685 0.050868003220129791 0.040491618511071144 -0.028318523702449031 -0.00039388525574829164 -0.029980645066459616 -0.022117285507970368
leaf_weight=90 66 53 67 61 47 58 72 71
leaf_count=90 66 53 67 61 47 58 72 71
internal_value=-0.00289127 0.0012321 0.0117561 0.019419 0.00672412 0.0205653 -0.0116857 -0.00350321
internal_weight=585 519 286 233 166 119 233 161
internal_count=585 519 286 233 166 119 233 161
is_linear=0
shrinkage=0.081441


Tree=53
num_leaves=9
num_cat=0
split_feature=2 2 13 11 4 11 11 7
split_gain=9.94913 8.976 9.39224 11.8339 10.2904 5.43607 4.46263 5.73316
threshold=23.950000000000006 12.950000000000001 1.1649646733092172 3.2285714285714295 0.24164313636530541 4.9071428571428575 4.2000000000000002 4559.0000000000009
decision_type=2 2 2 2 2 2 2 2
left_child=1 6 -3 -4 5 -5 7 -1
right_child=-2 2 3 4 -6 -7 -8 -9
leaf_value=0.011067573650635864 -0.032437222276844355 -0.02014405781926076 0.046725676334936364 0.041858221055482807 -0.018164836395715186 0.0034888004454106396 -0.026932763254677354 -0.020240957246372968
leaf_weight=87 66 53 67 50 68 48 76 70
leaf_count=87 66 53 67 50 68 48 76 70
internal_value=-0.00265584 0.00113176 0.0107987 0.0178376 0.00617654 0.0230666 -0.0107341 -0.0028919
internal_weight=585 519 286 233 166 98 233 157
internal_count=585 519 286 233 166 98 233 157
is_linear=0
shrinkage=0.081441


Tree=54
num_leaves=10
num_cat=0
split_feature=11 4 10 13 13 0 0 9 1
split_gain=6.74574 19.2981 10.6974 15.0197 14.003 10.5786 7.65994 6.38638 5.33641
threshold=4.0500000000000007 0.24997576770840005 1.1500000000000024 1.7985441462567884 2.171567053180079 58.650000000000013 48.350000000000001 3.1500000000000026 68.250000000000014
decision_type=2 2 2 2 2 2 2 2 2
left_child=2 5 -1 7 -5 -2 -3 8 -4
right_child=1 6 3 4 -6 -7 -8 -9 -10
leaf_value=-0.029153617921668203 0.022807442229333456 -0.018576296053641011 0.0011884690215616185 0.064465485080077808 0.0063419577732651156 -0.020110288613166043 -0.064832197449116155 0.013981702620151573 -0.037220999627033902
leaf_weight=51 92 48 49 54 56 65 47 76 47
leaf_count=51 92 48 49 54 56 65 47 76 47
internal_value=-0.00243956 -0.0124925 0.00516819 0.0113759 0.0348775 0.00503885 -0.0414638 -0.00365502 -0.0176174
internal_weight=585 252 333 282 110 157 95 172 96
internal_count=585 252 333 282 110 157 95 172 96
is_linear=0
shrinkage=0.081441


Tree=55
num_leaves=9
num_cat=0
split_feature=2 11 13 7 3 0 4 7
split_gain=7.9031 8.75063 8.00181 7.48148 6.1753 8.194 4.9654 7.91186
threshold=23.950000000000006 2.3357142857142867 2.171567053180079 4354.0000000000009 -0.86976336936302323 56.350000000000001 -0.031174269516803247 4366.5000000000009
decision_type=2 2 2 2 2 2 2 2
left_child=1 -1 4 -4 -3 6 -6 -8
right_child=-2 2 3 -5 5 -7 7 -9
leaf_value=0.027272226739833219 -0.028784001744337581 0.029796827903743772 -0.04528327175724213 -0.00048760835836027467 0.021293531683910124 -0.022886685194077525 0.013148926511042594 -0.02915468966161534
leaf_weight=73 66 48 51 48 91 86 73 49
leaf_count=73 66 48 51 48 91 86 73 49
internal_value=-0.00224094 0.00113481 -0.00314363 -0.0235657 0.00268317 -0.00167009 0.00689668 -0.00384253
internal_weight=585 519 446 99 347 299 213 122
internal_count=585 519 446 99 347 299 213 122
is_linear=0
shrinkage=0.081441


Tree=56
num_leaves=9
num_cat=0
split_feature=11 13 9 6 2 4 13 8
split_gain=13.5492 10.5205 9.51168 7.52766 8.73459 13.1676 3.76262 2.84448
threshold=2.7285714285714282 1.7779051072094383 1.7500000000000002 11.750000000000002 22.550000000000004 0.5403928698825039 2.015475297936109 0.14250000000000002
decision_type=2 2 2 2 2 2 2 2
left_child=1 -1 -2 4 5 6 7 -4
right_child=2 -3 3 -5 -6 -7 -8 -9
leaf_value=-0.0049004657588527702 0.038102408181725382 -0.049210751492230941 0.011139395363031157 -0.030877449854822093 0.030204924867564105 -0.035875616940950546 0.026741427293918728 -0.0095722127568070425
leaf_weight=77 47 66 90 48 66 62 48 86
leaf_count=77 47 66 90 48 66 62 48 86
internal_value=-0.0035331 -0.0253527 0.0034475 -0.000625016 0.00350082 -0.00266222 0.00653156 0.00101896
internal_weight=590 143 447 400 352 286 224 176
internal_count=590 143 447 400 352 286 224 176
is_linear=0
shrinkage=0.081441


Tree=57
num_leaves=10
num_cat=0
split_feature=12 3 0 4 12 0 6 3 10
split_gain=14.2485 11.1324 11.0072 10.369 9.87582 6.73752 9.88524 6.25436 2.98067
threshold=2.9821428571428572 -0.16799356919963601 45.650000000000013 0.56191161272202661 2.5535714285714288 55.650000000000013 9.0500000000000025 0.73865729060996177 4.9500000000000002
decision_type=2 2 2 2 2 2 2 2 2
left_child=1 -1 -2 5 -3 7 -7 -4 -8
right_child=2 4 3 -5 -6 6 8 -9 -10
leaf_value=0.0041713810739207706 0.03871851966375478 -0.015757172760069441 0.042289516991322176 -0.027481527641474563 -0.067475585224351403 -0.036199793047870167 0.019502033085866056 0.00650556691285052 -0.006888762121624128
leaf_weight=57 54 50 50 76 48 48 64 92 51
leaf_count=57 54 50 50 76 48 48 64 92 51
internal_value=-0.00324538 -0.024447 0.00430947 -0.000567992 -0.0410915 0.00613878 -0.00515896 0.019107 0.00779856
internal_weight=590 155 435 381 98 305 163 142 115
internal_count=590 155 435 381 98 305 163 142 115
is_linear=0
shrinkage=0.081441


Tree=58
num_leaves=10
num_cat=0
split_feature=12 3 0 4 12 0 6 9 13
split_gain=12.0225 9.39318 9.28755 8.74902 8.33293 5.68493 8.34087 5.96505 3.93069
threshold=2.9821428571428572 -0.16799356919963601 45.650000000000013 0.56191161272202661 2.5535714285714288 55.650000000000013 9.0500000000000025 4.9500000000000002 1.7779051072094383
decision_type=2 2 2 2 2 2 2 2 2
left_child=1 -1 -2 5 -3 7 -7 -4 -8
right_child=2 4 3 -5 -6 6 8 -9 -10
leaf_value=0.0038316996170351895 0.03556563560996992 -0.01447406564937543 0.0054339904883656002 -0.025243602093734701 -0.061981073236414677 -0.033252057008916557 0.020841703704857578 0.040544843640951983 -0.0094087053461335522
leaf_weight=57 54 50 93 76 48 48 63 49 52
leaf_count=57 54 50 93 76 48 48 63 49 52
internal_value=-0.00298111 -0.0224563 0.00395855 -0.000521737 -0.0377455 0.00563888 -0.00473889 0.0175511 0.00716349
internal_weight=590 155 435 381 98 305 163 142 115
internal_count=590 155 435 381 98 305 163 142 115
is_linear=0
shrinkage=0.081441


Tree=59
num_leaves=10
num_cat=0
split_feature=12 3 0 4 12 2 7 4 10
split_gain=10.1442 7.93792 7.83655 7.3821 6.7684 5.45806 9.79408 5.78011 5.10693
threshold=2.9821428571428572 -0.31799228562170639 45.650000000000013 0.56191161272202661 2.5607142857142859 11.600000000000007 5424.5000000000009 -0.61236746317008228 3.5500000000000012
decision_type=2 2 2 2 2 2 2 2 2
left_child=1 -1 -2 5 -3 8 -7 -8 -4
right_child=2 4 3 -5 -6 6 7 -9 -10
leaf_value=0.0073095006304240064 0.032669493362001395 -0.014202596550739079 0.0082842728000654831 -0.02318791859535918 -0.055155218664878491 0.043591717832200623 0.017541910545581459 -0.013633179143482209 -0.029289625540517814
leaf_weight=47 54 59 47 76 49 51 82 76 49
leaf_count=47 54 59 47 76 49 51 82 76 49
internal_value=-0.00273836 -0.0206277 0.0036362 -0.000479247 -0.0327852 0.00517969 0.0125633 0.00254635 -0.0108948
internal_weight=590 155 435 381 108 305 209 158 96
internal_count=590 155 435 381 108 305 209 158 96
is_linear=0
shrinkage=0.081441


Tree=60
num_leaves=10
num_cat=0
split_feature=4 4 4 6 1 1 11 0 13
split_gain=5.06287 10.7843 12.7557 9.67873 7.94958 10.5389 7.71227 6.95548 5.13895
threshold=0.96633974041180482 0.8511460603353429 0.60383265664488517 11.750000000000002 70.550000000000011 63.45000000000001 4.1071428571428585 55.850000000000001 1.658742970375725
decision_type=2 2 2 2 2 2 2 2 2
left_child=1 2 3 4 5 -1 -7 -6 -9
right_child=-2 -3 -4 -5 7 6 -8 8 -10
leaf_value=0.026573566923355694 -0.025249590707036803 0.038119571257673887 -0.034603107132949347 -0.028257641023255953 0.043025848583270958 -0.0012352390406274048 -0.043098472775644402 -0.0062877470301003543 0.025373135450322819
leaf_weight=52 49 50 67 55 59 77 47 68 68
leaf_count=52 49 50 67 55 59 77 47 68 68
internal_value=-0.000179818 0.00208274 -0.00157257 0.00362283 0.00834947 -0.0041989 -0.0171042 0.019675 0.00954315
internal_weight=592 543 493 426 371 176 124 195 136
internal_count=592 543 493 426 371 176 124 195 136
is_linear=0
shrinkage=0.081441


Tree=61
num_leaves=9
num_cat=0
split_feature=7 8 7 1 1 6 13 7
split_gain=5.30835 13.1594 7.22911 7.88146 7.11733 5.83792 8.59813 5.73458
threshold=2493.5000000000005 0.076500000000000012 3797.0000000000005 75.750000000000014 71.15000000000002 10.250000000000002 1.8064038931749218 6409.5000000000009
decision_type=2 2 2 2 2 2 2 2
left_child=-1 -2 -3 4 5 6 -4 -6
right_child=1 2 3 -5 7 -7 -8 -9
leaf_value=0.021604835704721478 -0.039135846225206695 0.031969710382530811 0.00096572926512582214 -0.022772234364746062 0.036436094922304166 0.012955757475137936 -0.041783461457221775 0.0001517648191321072
leaf_weight=66 59 47 83 92 65 78 50 52
leaf_count=66 59 47 83 92 65 78 50 52
internal_value=-0.000165179 -0.00289702 0.00168182 -0.00170799 0.00420062 -0.0047328 -0.0151067 0.0203107
internal_weight=592 526 467 420 328 211 133 117
internal_count=592 526 467 420 328 211 133 117
is_linear=0
shrinkage=0.081441


Tree=62
num_leaves=10
num_cat=0
split_feature=0 4 2 6 2 12 8 13 2
split_gain=4.55453 16.7756 13.2698 9.17018 5.60444 4.27481 3.9655 3.86917 3.46027
threshold=47.050000000000004 0.5969655492110445 12.000000000000005 11.550000000000002 20.150000000000002 3.5071428571428584 0.096500000000000016 1.5144426929706858 11.700000000000001
decision_type=2 2 2 2 2 2 2 2 2
left_child=6 3 -3 4 5 8 -1 -7 -2
right_child=1 2 -4 -5 -6 7 -8 -9 -10
leaf_value=0.00059767743889534717 7.9134110492754264e-06 -0.0033985696099027149 -0.0642759893403443 -0.028238489545668429 0.034270532919640266 -0.017978132640627715 0.032496831847844819 0.0070968175573956878 0.027121201138815689
leaf_weight=56 54 47 48 51 49 74 48 91 74
leaf_count=56 54 47 48 51 49 74 48 91 74
internal_value=-0.000151726 -0.00344947 -0.0341601 0.00397466 0.00877884 0.00451503 0.0153215 -0.00414918 0.0156834
internal_weight=592 488 95 393 342 293 104 165 128
internal_count=592 488 95 393 342 293 104 165 128
is_linear=0
shrinkage=0.081441


Tree=63
num_leaves=10
num_cat=0
split_feature=7 6 6 8 13 8 7 11 9
split_gain=4.67766 11.2028 5.8954 5.39295 5.49345 7.96551 8.55902 4.63847 4.50205
threshold=2493.5000000000005 7.2500000000000009 8.0500000000000025 0.084499999999999964 1.8413891714970421 0.17250000000000001 5855.0000000000009 4.0214285714285731 4.650000000000003
decision_type=2 2 2 2 2 2 2 2 2
left_child=-1 -2 -3 -4 5 6 -5 -8 -6
right_child=1 2 3 4 8 -7 7 -9 -10
leaf_value=0.020296489170896794 -0.040207522078593731 0.028449596441617198 -0.025258026642937133 -0.015559469423711633 0.029437933061533309 -0.032479181729470237 0.036141076935499006 0.00086904666720718094 -0.0012021993163345139
leaf_weight=66 48 47 57 91 69 56 51 48 59
leaf_count=66 48 47 57 91 69 56 51 48 59
internal_value=-0.00013938 -0.0027038 0.00106277 -0.00192412 0.0016325 -0.00548729 0.00246908 0.0190407 0.0153154
internal_weight=592 526 478 431 374 246 190 99 128
internal_count=592 526 478 431 374 246 190 99 128
is_linear=0
shrinkage=0.081441


Tree=64
num_leaves=9
num_cat=0
split_feature=1 2 4 8 7 6 4 8
split_gain=8.41604 10.2994 9.42328 6.91059 6.16997 6.3911 5.58304 2.44447
threshold=60.750000000000007 20.550000000000004 0.029024409397335454 0.085500000000000007 7206.0000000000009 10.350000000000003 0.34033495509342487 0.12550000000000003
decision_type=2 2 2 2 2 2 2 2
left_child=-1 2 4 -4 5 7 -3 -2
right_child=1 6 3 -5 -6 -7 -8 -9
leaf_value=0.024170107853904093 0.0078422389984529241 -0.0076669692774470541 -0.012147244118310804 -0.048474462268648731 -0.027248569476148402 0.029573241886556908 0.027107212430717273 -0.013631442841446979
leaf_weight=68 59 50 71 68 56 47 79 87
leaf_count=68 59 50 71 68 56 47 79 87
internal_value=-0.00276302 -0.00630576 -0.0129337 -0.0299203 -0.00345068 0.0034551 0.0136291 -0.00495375
internal_weight=585 517 388 139 249 193 129 146
internal_count=585 517 388 139 249 193 129 146
is_linear=0
shrinkage=0.081441


Tree=65
num_leaves=9
num_cat=0
split_feature=1 2 4 10 7 6 4 4
split_gain=7.10116 8.69024 7.95105 6.37313 5.20604 5.39262 4.71077 2.32277
threshold=60.750000000000007 20.550000000000004 0.029024409397335454 3.9499999999999997 7206.0000000000009 10.350000000000003 0.34033495509342487 -0.55656394595157355
decision_type=2 2 2 2 2 2 2 2
left_child=-1 2 4 -4 5 7 -3 -2
right_child=1 6 3 -5 -6 -7 -8 -9
leaf_value=0.022201863869694652 0.003552640564956112 -0.0070426476379041236 -0.01315793834406221 -0.048712686331536414 -0.025029684300011082 0.027165109996600913 0.024899761129291053 -0.017571862752838761
leaf_weight=68 90 50 83 56 56 47 79 56
leaf_count=68 90 50 83 56 56 47 79 56
internal_value=-0.00253802 -0.00579226 -0.0118805 -0.0274838 -0.00316966 0.00317378 0.0125192 -0.00455033
internal_weight=585 517 388 139 249 193 129 146
internal_count=585 517 388 139 249 193 129 146
is_linear=0
shrinkage=0.081441


Tree=66
num_leaves=9
num_cat=0
split_feature=1 11 11 7 8 13 6 13
split_gain=5.99172 7.84318 9.56555 7.76072 8.42581 8.79969 7.64937 6.17087
threshold=60.750000000000007 4.8642857142857165 5.2857142857142856 7206.0000000000009 0.14550000000000002 1.5812140758063808 8.1500000000000004 1.2107652007242022
decision_type=2 2 2 2 2 2 2 2
left_child=-1 3 -3 4 5 7 -7 -2
right_child=1 2 -4 -5 -6 6 -8 -9
leaf_value=0.020393899569644203 -0.013355449003186049 0.041390272321313697 -0.0047934362049171994 -0.041025015221431066 0.022517849988012737 -0.004364171281209024 -0.040709308023576772 0.022601457918567498
leaf_weight=68 67 47 81 50 55 67 90 60
leaf_count=68 67 47 81 50 55 67 90 60
internal_value=-0.00233135 -0.00532059 0.0121659 -0.0110746 -0.00665642 -0.0123068 -0.0251998 0.00363235
internal_weight=585 517 128 389 339 284 157 127
internal_count=585 517 128 389 339 284 157 127
is_linear=0
shrinkage=0.081441


Tree=67
num_leaves=9
num_cat=0
split_feature=1 2 4 8 7 0 4 4
split_gain=5.05559 7.07469 6.44095 5.59847 4.62902 6.07187 4.01126 2.37656
threshold=60.750000000000007 20.550000000000004 0.029024409397335454 0.085500000000000007 5437.0000000000009 58.45000000000001 0.34033495509342487 -0.73865259438682551
decision_type=2 2 2 2 2 2 2 2
left_child=-1 2 4 -4 -2 7 -3 -6
right_child=1 6 3 -5 5 -7 -8 -9
leaf_value=0.01873316435160971 0.015215460150671083 -0.0064165101029481243 -0.008427451977001078 -0.041124182894103828 0.017275384448771216 -0.025614974213937935 0.023059061390821756 -0.0083507513710105868
leaf_weight=68 70 50 71 68 48 83 79 48
leaf_count=68 70 50 71 68 48 83 79 48
internal_value=-0.00214148 -0.00488729 -0.0103805 -0.0244242 -0.00254044 -0.00948441 0.0116347 0.00446261
internal_weight=585 517 388 139 249 179 129 96
internal_count=585 517 388 139 249 179 129 96
is_linear=0
shrinkage=0.081441


Tree=68
num_leaves=9
num_cat=0
split_feature=6 7 4 13 2 0 3 10
split_gain=5.85445 9.02275 11.1187 19.3326 5.18733 3.62677 6.08448 3.3148
threshold=13.250000000000002 2493.5000000000005 0.24997576770840005 1.8829434814939321 18.950000000000006 58.850000000000001 0.69056404122701587 3.7500000000000004
decision_type=2 2 2 2 2 2 2 2
left_child=1 -1 4 -4 5 6 -3 -7
right_child=-2 2 3 -5 -6 7 -8 -9
leaf_value=0.029762660209304459 -0.02790386401415558 0.025783600160774984 -0.046715136025490378 0.0074641882358920933 0.030858230399967448 0.0045925279547957823 -0.0060839656112904716 -0.024791597974242411
leaf_weight=67 48 81 84 91 51 53 78 49
leaf_count=67 48 81 84 91 51 53 78 49
internal_value=-0.000621013 0.00174315 -0.00211204 -0.0185427 0.00710405 0.00246175 0.0101508 -0.00952406
internal_weight=602 554 487 175 312 261 159 102
internal_count=602 554 487 175 312 261 159 102
is_linear=0
shrinkage=0.081441


Tree=69
num_leaves=9
num_cat=0
split_feature=6 6 13 7 4 13 0 7
split_gain=4.93982 7.79634 10.6527 5.43401 8.11109 11.72 7.07653 4.59533
threshold=13.250000000000002 10.15 1.6168016483951175 2642.5000000000005 0.24997576770840005 1.8870480795851456 58.850000000000001 6259.0000000000009
decision_type=2 2 2 2 2 2 2 2
left_child=1 3 -3 -1 6 -6 7 -5
right_child=-2 2 -4 4 5 -7 -8 -9
leaf_value=0.019541404382327886 -0.025631662887929892 -0.0053900920579151839 0.039434347626388519 0.02891406065726685 -0.045856740307802166 -0.00029199301325655985 -0.01607382598118479 -0.0023331601244263906
leaf_weight=56 48 67 74 69 72 78 81 57
leaf_count=56 48 67 74 69 72 78 81 57
internal_value=-0.000570443 0.00160121 0.0181355 -0.00404388 -0.00774384 -0.0221642 0.00270604 0.014779
internal_weight=602 554 141 413 357 150 207 126
internal_count=602 554 141 413 357 150 207 126
is_linear=0
shrinkage=0.081441


Tree=70
num_leaves=10
num_cat=0
split_feature=6 7 4 13 12 13 10 0 3
split_gain=4.16808 6.67602 7.94923 14.0539 4.8113 6.15173 4.91132 11.1681 2.62155
threshold=13.250000000000002 2493.5000000000005 0.24997576770840005 1.8829434814939321 4.5500000000000016 1.6316049643942143 3.0499999999999976 56.750000000000007 0.27694220057652758
decision_type=2 2 2 2 2 2 2 2 2
left_child=1 -1 4 -4 6 -6 8 -8 -3
right_child=-2 2 3 -5 5 -7 7 -9 -10
leaf_value=0.025572636767871467 -0.023544485781176256 0.026449560964332239 -0.039758440864127213 0.0064357635697780196 0.00049975507333757728 0.041730591708242767 0.012063423448839821 -0.037460916391276571 -0.00060856538309403971
leaf_weight=67 48 48 84 91 48 48 63 58 47
leaf_count=67 48 48 84 91 48 48 63 58 47
internal_value=-0.000523993 0.00147082 -0.00184534 -0.0157381 0.00594725 0.0211167 -0.000795145 -0.0116763 0.0130638
internal_weight=602 554 487 175 312 96 216 121 95
internal_count=602 554 487 175 312 96 216 121 95
is_linear=0
shrinkage=0.081441


Tree=71
num_leaves=10
num_cat=0
split_feature=1 13 10 11 4 9 8 0 3
split_gain=3.96843 4.78769 9.39019 9.60926 8.93641 7.05052 5.81552 3.47245 2.0501
threshold=60.050000000000004 1.8243067408725702 2.2500000000000004 3.5785714285714287 0.38838672039864403 5.3499999999999988 0.15850000000000003 53.350000000000001 0.30983042691905766
decision_type=2 2 2 2 2 2 2 2 2
left_child=-1 4 -3 -4 6 -5 7 -2 -9
right_child=1 2 3 5 -6 -7 -8 8 -10
leaf_value=-0.021544224276812678 0.030066172621155549 -0.015141049158243006 0.049254977192789047 -0.010464735637535144 -0.029361226182778206 0.029555227155615354 -0.016405640846422993 0.012982573826337425 -0.009272208262122392
leaf_weight=54 47 69 53 65 76 53 72 66 47
leaf_count=54 47 69 53 65 76 53 72 66 47
internal_value=-0.000481308 0.00159447 0.0102179 0.0204506 -0.00512513 0.00751098 0.0028149 0.0114645 0.00372615
internal_weight=602 548 240 171 308 118 232 160 113
internal_count=602 548 240 171 308 118 232 160 113
is_linear=0
shrinkage=0.081441


Tree=72
num_leaves=9
num_cat=0
split_feature=11 4 12 4 7 2 11 8
split_gain=8.19339 12.7237 9.37522 8.57377 8.43625 4.10405 3.65111 2.88977
threshold=4.0642857142857158 0.16587474750015926 3.0142857142857147 -0.25206183926700709 3611.5000000000005 12.950000000000001 4.5357142857142874 0.14150000000000001
decision_type=2 2 2 2 2 2 2 2
left_child=1 3 -3 5 -2 -1 -6 -8
right_child=4 2 -4 -5 6 -7 7 -9
leaf_value=-0.0046396124714038287 -0.037661408294662954 0.0086315748971001211 0.046440169116351168 -0.030216364596669466 -0.018694812488764669 0.026118784307048989 0.019596220860874453 -0.0034333947945505558
leaf_weight=66 49 87 87 55 51 51 64 83
leaf_count=66 49 87 87 55 51 51 64 83
internal_value=0.00392165 0.0120099 0.0275369 -0.0036982 -0.00740842 0.00876861 7.94475e-05 0.00659353
internal_weight=593 346 174 172 247 117 198 147
internal_count=593 346 174 172 247 117 198 147
is_linear=0
shrinkage=0.081441


Tree=73
num_leaves=10
num_cat=0
split_feature=11 4 6 13 4 0 4 0 2
split_gain=6.9133 10.7358 9.76502 15.7723 7.31096 9.2149 7.23428 4.22304 3.46288
threshold=4.0642857142857158 0.16587474750015926 9.5500000000000025 2.1618444330618147 -0.26037106507032776 49.650000000000013 -0.25206183926700709 58.45000000000001 12.950000000000001
decision_type=2 2 2 2 2 2 2 2 2
left_child=1 6 3 -3 7 -6 8 -2 -1
right_child=4 2 -4 -5 5 -7 -8 -9 -10
leaf_value=-0.0042617967304354083 0.0245621057910658 0.035668681052237104 0.05610705322056294 -0.02405207802853622 0.0018222813495494437 -0.041051519879063421 -0.027755812683861073 -0.0068052820211825819 0.023991923838557364
leaf_weight=66 55 78 49 47 66 67 55 59 51
leaf_count=66 55 78 49 47 66 67 55 59 51
internal_value=0.00360227 0.0110318 0.0252945 0.0132136 -0.00680516 -0.0197768 -0.00339704 0.00832865 0.00805458
internal_weight=593 346 174 125 247 133 172 114 117
internal_count=593 346 174 125 247 133 172 114 117
is_linear=0
shrinkage=0.081441


Tree=74
num_leaves=10
num_cat=0
split_feature=0 3 11 11 12 0 6 7 8
split_gain=6.27458 7.94408 9.07796 13.8753 11.5676 9.80061 7.03798 7.08286 3.48548
threshold=55.650000000000013 0.96687895796550427 4.0642857142857158 5.0071428571428589 3.0142857142857147 51.750000000000007 10.050000000000002 4875.5000000000009 0.14650000000000002
decision_type=2 2 2 2 2 2 2 2 2
left_child=1 2 4 -4 -1 -6 7 -2 -9
right_child=6 -3 3 -5 5 -7 -8 8 -10
leaf_value=0.0041820680050681713 -0.043358594677424166 -0.018653813885506281 -0.028454033723266714 0.029817986410674256 0.0693003351739611 0.020155905627690346 0.011678262227497117 0.010197102927252625 -0.021001655567945088
leaf_weight=93 49 55 64 47 51 57 82 48 47
leaf_count=93 49 55 64 47 51 57 82 48 47
internal_value=0.00330894 0.00988286 0.0149137 -0.00377997 0.0252368 0.0433659 -0.00736639 -0.0182113 -0.00523845
internal_weight=593 367 312 111 201 108 226 144 95
internal_count=593 367 312 111 201 108 226 144 95
is_linear=0
shrinkage=0.081441


Tree=75
num_leaves=10
num_cat=0
split_feature=0 3 8 8 8 4 6 6 8
split_gain=5.29432 6.70298 7.73208 12.6218 7.6876 6.25072 5.80694 3.26348 2.31157
threshold=55.650000000000013 0.96687895796550427 0.14750000000000002 0.10850000000000001 0.069499999999999965 0.037621334799590608 10.250000000000002 8.5500000000000025 0.14750000000000002
decision_type=2 2 2 2 2 2 2 2 2
left_child=1 2 3 4 -1 6 8 -6 -2
right_child=5 -3 -4 -5 7 -7 -8 -9 -10
leaf_value=0.0017872818372916702 -0.00055784173900864345 -0.017134814397304424 0.044139920311809945 -0.015871368555920602 0.05099010706958134 -0.033196375031525852 0.021092369681230756 0.021095292962660897 -0.023484343406983882
leaf_weight=75 70 55 47 93 50 47 59 47 50
leaf_count=75 70 55 47 93 50 47 59 47 50
internal_value=0.00303948 0.0090781 0.0136992 0.00829935 0.0213685 -0.00676657 0.000174078 0.0365075 -0.0101113
internal_weight=593 367 312 265 172 226 179 97 120
internal_count=593 367 312 265 172 226 179 97 120
is_linear=0
shrinkage=0.081441


Tree=76
num_leaves=9
num_cat=0
split_feature=2 1 7 6 7 9 3 2
split_gain=6.00156 14.1435 4.75086 7.80079 9.45841 4.61122 2.72836 3.31664
threshold=10.049999999999999 63.600000000000009 3640.0000000000005 8.6500000000000004 5620.5000000000009 2.9000000000000026 0.45273815774107123 16.150000000000006
decision_type=2 2 2 2 2 2 2 2
left_child=5 -2 -3 -4 -5 -1 7 -6
right_child=1 2 3 4 6 -7 -8 -9
leaf_value=0.0024415669552073738 0.040673429832672053 0.021307516035218126 -0.02560674372313607 0.027815617013308206 -0.010523691127091278 -0.031767191182317717 -0.019315656176200215 0.0176946347253467
leaf_weight=49 66 59 82 74 67 56 70 47
leaf_count=49 66 59 82 74 67 56 70 47
internal_value=0.00178153 0.00575262 -2.43398e-05 -0.0037264 0.0032283 -0.015804 -0.00666072 0.00111052
internal_weight=570 465 399 340 258 105 184 114
internal_count=570 465 399 340 258 105 184 114
is_linear=0
shrinkage=0.081441


Tree=77
num_leaves=10
num_cat=0
split_feature=10 0 13 10 13 13 11 12 3
split_gain=10.2897 7.5734 6.45351 6.49805 5.1924 4.92339 4.59374 3.22343 2.99298
threshold=1.0500000000000009 55.650000000000013 1.8243067408725702 3.3499999999999983 1.1769613648349699 1.4438704598272947 3.5857142857142867 3.9928571428571433 -0.66528616069191593
decision_type=2 2 2 2 2 2 2 2 2
left_child=-1 2 4 -4 -2 -6 -3 -5 -8
right_child=1 6 3 7 5 -7 8 -9 -10
leaf_value=-0.03444549960509051 0.02096343333714577 -0.022817612181296701 0.049560407871423968 -0.002113734114442573 -0.027549334079439027 0.0064167236726412093 0.013319380005591646 0.027889975724930152 -0.012922550394824775
leaf_weight=48 64 79 49 47 49 67 70 48 49
leaf_count=48 64 79 49 47 49 67 70 48 49
internal_value=0.00163646 0.00495474 0.0126232 0.0254734 0.00234248 -0.00793176 -0.00759363 0.0130469 0.00251375
internal_weight=570 522 324 144 180 116 198 95 119
internal_count=570 522 324 144 180 116 198 95 119
is_linear=0
shrinkage=0.081441


Tree=78
num_leaves=9
num_cat=0
split_feature=10 1 2 1 0 1 13 13
split_gain=8.68219 6.851 13.56 6.26825 5.22421 4.96524 8.40843 3.75155
threshold=1.0500000000000009 63.45000000000001 10.049999999999999 65.65000000000002 60.350000000000001 71.050000000000011 1.8308206228497486 1.4056005406060514
decision_type=2 2 2 2 2 2 2 2
left_child=-1 2 -2 -3 5 7 -7 -5
right_child=1 3 -4 4 -6 6 -8 -9
leaf_value=-0.031640615229204978 -0.0057935880951310945 -0.026595418607554211 0.049419949954237964 -0.019150425322232278 -0.016106641231890779 0.0043868824081179092 0.046123145929259902 0.0082365333970170849
leaf_weight=48 59 53 59 54 72 89 50 86
leaf_count=48 59 53 59 54 72 89 50 86
internal_value=0.0015032 0.00455128 0.0218144 -0.000491195 0.0034509 0.00849827 0.0194014 -0.00232741
internal_weight=570 522 118 404 351 279 139 140
internal_count=570 522 118 404 351 279 139 140
is_linear=0
shrinkage=0.081441


Tree=79
num_leaves=9
num_cat=0
split_feature=10 1 9 3 2 2 3 6
split_gain=7.32578 5.78958 3.75626 4.04961 7.52055 5.031 4.3282 3.19294
threshold=1.0500000000000009 60.750000000000007 1.6500000000000024 0.67802080537253961 15.549999999999999 16.150000000000006 -0.51297808981038739 9.4500000000000011
decision_type=2 2 2 2 2 2 2 2
left_child=-1 -2 -3 5 -5 7 -7 -4
right_child=1 2 3 4 -6 6 -8 -9
leaf_value=-0.02906413187010955 0.028920764996971559 0.020598933174661899 -0.016506819990929237 0.0057526600903820453 -0.03453354910929602 1.2460923323859992e-05 0.028982325585675341 0.0078563479173709167
leaf_weight=48 56 58 88 63 60 66 71 60
leaf_count=48 56 58 88 63 60 66 71 60
internal_value=0.00138079 0.00418066 0.00120723 -0.00154973 -0.0138999 0.00378056 0.0150267 -0.00662994
internal_weight=570 522 466 408 123 285 137 148
internal_count=570 522 466 408 123 285 137 148
is_linear=0
shrinkage=0.081441


Tree=80
num_leaves=8
num_cat=0
split_feature=4 4 12 7 7 7 12
split_gain=10.4173 5.22871 4.22544 5.65491 7.78877 7.65426 4.74471
threshold=0.94636490295939868 0.74298546529340237 4.8750000000000018 5995.0000000000009 6886.0000000000009 4117.0000000000009 3.3250000000000006
decision_type=2 2 2 2 2 2 2
left_child=1 2 3 5 -5 -1 -7
right_child=-2 -3 -4 4 -6 6 -8
leaf_value=0.0079845959922217966 -0.034042911152536923 0.022968914942725783 0.015783416755280819 0.027248094251470914 -0.008962281649984815 -0.0065118134941849048 -0.037341700296987246
leaf_weight=75 56 74 87 72 87 57 79
leaf_count=75 56 74 87 72 87 57 79
internal_value=-0.000636806 0.00288663 -0.000365492 -0.00416289 0.00743532 -0.0129027 -0.0244213
internal_weight=587 531 457 370 159 211 136
internal_count=587 531 457 370 159 211 136
is_linear=0
shrinkage=0.081441


Tree=81
num_leaves=9
num_cat=0
split_feature=4 6 6 9 2 4 0 6
split_gain=8.78975 6.78615 4.96 6.58667 5.50956 7.79308 2.31884 4.7595
threshold=0.94636490295939868 7.6500000000000012 10.750000000000002 4.2500000000000009 21.750000000000007 0.25829915227078726 58.650000000000013 9.4500000000000011
decision_type=2 2 2 2 2 2 2 2
left_child=1 -1 4 -4 5 6 7 -3
right_child=-2 2 3 -5 -6 -7 -8 -9
leaf_value=0.025896302881982781 -0.031270753637616597 0.016415175806198702 -0.0041058775021781783 0.034711083352668745 0.019633880003734148 -0.036307014906979546 -0.01414220609296658 -0.012747995429113673
leaf_weight=72 56 79 64 53 48 60 85 70
leaf_count=72 56 79 64 53 48 60 85 70
internal_value=-0.000584956 0.00265156 -0.000994993 0.0134788 -0.00594674 -0.0101235 -0.00340896 0.00271439
internal_weight=587 531 459 117 342 294 234 149
internal_count=587 531 459 117 342 294 234 149
is_linear=0
shrinkage=0.081441


Tree=82
num_leaves=9
num_cat=0
split_feature=4 4 10 7 4 11 13 2
split_gain=7.41652 4.05536 4.18691 5.92176 8.40256 8.15992 4.75647 2.36583
threshold=0.94636490295939868 0.74298546529340237 1.5500000000000009 5995.0000000000009 -0.49812626372919405 3.2714285714285714 1.8870480795851456 16.350000000000005
decision_type=2 2 2 2 2 2 2 2
left_child=1 2 -1 5 7 -4 -7 -5
right_child=-2 -3 3 4 -6 6 -8 -9
leaf_value=0.018713831981282781 -0.028724336490423105 0.020121678203315594 -0.037986339662689973 -0.015431992539489481 0.030928337704546206 0.010194918972592726 -0.019019658485010006 0.0081108303906045672
leaf_weight=65 56 74 61 69 64 84 66 48
leaf_count=65 56 74 61 69 64 84 66 48
internal_value=-0.000537318 0.00243565 -0.000428425 -0.00360279 0.00720462 -0.0128735 -0.00265976 -0.00577347
internal_weight=587 531 457 392 181 211 150 117
internal_count=587 531 457 392 181 211 150 117
is_linear=0
shrinkage=0.081441


Tree=83
num_leaves=10
num_cat=0
split_feature=4 6 6 9 2 4 2 2 7
split_gain=6.25782 5.43375 3.96758 5.37941 4.0607 6.29267 3.07617 6.33056 1.9552
threshold=0.94636490295939868 7.7500000000000009 10.750000000000002 4.3499999999999988 21.500000000000007 0.13185577213185917 15.750000000000002 12.950000000000001 5007.5000000000009
decision_type=2 2 2 2 2 2 2 2 2
left_child=1 -1 4 -4 5 6 7 8 -3
right_child=-2 2 3 -5 -6 -7 -8 -9 -10
leaf_value=0.022550367469784525 -0.026385277289305509 0.005066440480605082 -0.0035243903845268302 0.031690462666097756 0.015861016879547361 -0.029572864578978467 -0.017984973535779377 0.028070231058204276 -0.017197122709260111
leaf_weight=75 56 47 66 51 50 75 59 49 59
leaf_count=75 56 47 66 51 50 75 59 49 59
internal_value=-0.00049357 0.0022373 -0.00110394 0.0118266 -0.00556685 -0.00927437 -0.00215971 0.00386461 -0.00732583
internal_weight=587 531 456 117 339 289 214 155 106
internal_count=587 531 456 117 339 289 214 155 106
is_linear=0
shrinkage=0.081441


Tree=84
num_leaves=10
num_cat=0
split_feature=3 6 10 4 10 13 6 11 11
split_gain=8.43035 14.9559 7.45001 6.72447 5.30311 9.46058 6.30028 7.6622 4.09149
threshold=-0.21861968191509912 8.1500000000000004 2.9000000000000026 0.94636490295939868 4.150000000000003 1.8413891714970421 9.0500000000000025 3.0714285714285716 5.0071428571428589
decision_type=2 2 2 2 2 2 2 2 2
left_child=1 -1 -3 4 6 -6 -2 -8 -4
right_child=3 2 8 -5 5 -7 7 -9 -10
leaf_value=0.048209127100985467 0.0077431018211194967 0.028288857518593762 -0.022668310257684361 -0.035421478786593297 -0.0067714629829674156 0.039481226030372393 2.5321297248941058e-05 -0.041992132410323173 0.0078330792600348441
leaf_weight=60 73 47 70 47 78 47 53 63 50
leaf_count=60 73 47 70 47 78 47 53 63 50
internal_value=0.0010389 0.0133362 0.000805588 -0.00669386 -0.0023932 0.0106207 -0.0110004 -0.0227956 -0.00995966
internal_weight=588 227 167 361 314 125 189 116 120
internal_count=588 227 167 361 314 125 189 116 120
is_linear=0
shrinkage=0.081441


Tree=85
num_leaves=10
num_cat=0
split_feature=2 6 7 0 9 0 6 12 6
split_gain=7.61538 7.87858 8.17644 8.26748 6.50186 6.4898 8.29459 2.71695 2.02323
threshold=9.0000000000000053 11.750000000000002 3320.0000000000005 50.550000000000004 3.7500000000000004 56.150000000000013 9.7500000000000018 3.6678571428571436 9.1500000000000004
decision_type=2 2 2 2 2 2 2 2 2
left_child=-1 2 -2 4 -4 7 8 -5 -7
right_child=1 -3 3 5 -6 6 -8 -9 -10
leaf_value=-0.023856255644066435 0.035302940904623901 -0.023324571871007782 0.0042902455493387809 0.015868597523697833 -0.033330557124032732 -0.0018605872949699737 0.02580471902345241 0.041491738386109665 -0.024923650996726415
leaf_weight=72 63 60 63 66 59 52 57 47 49
leaf_count=72 63 60 63 66 59 52 57 47 49
internal_value=0.000954316 0.00441652 0.00806696 0.00370036 -0.0139042 0.0116258 0.000967365 0.0265278 -0.0130505
internal_weight=588 516 456 393 122 271 158 113 101
internal_count=588 516 456 393 122 271 158 113 101
is_linear=0
shrinkage=0.081441


Tree=86
num_leaves=10
num_cat=0
split_feature=3 6 12 10 12 10 7 2 2
split_gain=6.67837 12.2427 6.47204 12.0557 6.99145 6.23889 5.53698 4.46668 2.83846
threshold=-0.21861968191509912 8.1500000000000004 4.7178571428571443 5.4500000000000002 3.0678571428571431 2.9000000000000026 5709.5000000000009 12.950000000000001 17.150000000000002
decision_type=2 2 2 2 2 2 2 2 2
left_child=1 -1 3 4 7 -3 -6 -2 -7
right_child=2 5 -4 -5 6 8 -8 -9 -10
leaf_value=0.043373298825921877 -0.040120053756890039 0.025634943440482651 -0.034189163437794011 0.035776374903404753 0.016178505241900301 -0.01995201287920282 -0.015595191124085415 -0.0081386444223343346 0.0054531519296688261
leaf_weight=60 56 47 47 48 88 70 62 60 50
leaf_count=60 56 47 47 48 88 70 62 60 50
internal_value=0.000876609 0.0118218 -0.0060059 -0.00178674 -0.00856578 0.000484613 0.00304526 -0.0235794 -0.0093668
internal_weight=588 227 361 314 266 167 150 116 120
internal_count=588 227 361 314 266 167 150 116 120
is_linear=0
shrinkage=0.081441


Tree=87
num_leaves=10
num_cat=0
split_feature=2 7 12 9 13 6 6 11 2
split_gain=6.25375 6.41733 7.71733 6.71301 10.4601 12.9133 6.43474 4.89427 4.22531
threshold=9.0000000000000053 7295.0000000000009 2.5000000000000004 4.5500000000000016 1.1488081171125364 8.1500000000000004 10.050000000000002 4.5785714285714301 12.500000000000005
decision_type=2 2 2 2 2 2 2 2 2
left_child=-1 2 -2 4 -4 -6 7 -5 -7
right_child=1 -3 3 6 5 8 -8 -9 -10
leaf_value=-0.021678126769433044 -0.021021233137977092 -0.018981401741894312 -0.012958615962222751 -0.031648790999448645 0.062828449428889599 -0.0031410768477646879 0.019542060004533415 0.004582028039068156 0.027186109536025058
leaf_weight=72 55 70 49 51 54 50 61 48 78
leaf_count=72 55 70 49 51 54 50 61 48 78
internal_value=0.000805225 0.00394268 0.00754086 0.0115588 0.0204398 0.0294318 -0.00126328 -0.0140832 0.01534
internal_weight=588 516 446 391 231 182 160 99 128
internal_count=588 516 446 391 231 182 160 99 128
is_linear=0
shrinkage=0.081441


Tree=88
num_leaves=10
num_cat=0
split_feature=2 12 3 12 11 8 2 7 2
split_gain=5.28663 7.02714 7.42447 8.70091 6.15268 4.79455 3.53405 4.1904 5.25511
threshold=14.999999999999998 2.6964285714285721 0.88621069759564464 4.7178571428571443 2.3214285714285716 0.12450000000000001 12.950000000000001 5380.0000000000009 10.400000000000004
decision_type=2 2 2 2 2 2 2 2 2
left_child=4 -2 3 5 -1 -3 7 8 -6
right_child=1 2 -4 -5 6 -7 -8 -9 -10
leaf_value=0.028518989782737016 -0.041744619288396512 -0.004203003529608648 -0.035690708242334522 -0.022328044780464063 -0.013539471774161859 0.028273220650054425 0.012984423882453463 -0.027204557207834872 0.02062507765281741
leaf_weight=49 48 57 50 75 79 64 67 57 48
leaf_count=49 48 57 50 75 79 64 67 57 48
internal_value=-0.00548179 -0.0132428 -0.00768049 -0.000534047 0.00212414 0.0129751 -0.00302926 -0.0088606 -0.000626468
internal_weight=594 294 246 196 300 121 251 184 127
internal_count=594 294 246 196 300 121 251 184 127
is_linear=0
shrinkage=0.081441


Tree=89
num_leaves=11
num_cat=0
split_feature=10 6 7 4 0 10 0 0 6 10
split_gain=4.28999 6.88729 8.58163 5.4752 8.00368 4.53971 6.18651 8.09415 3.79249 3.77684
threshold=4.4500000000000002 7.2500000000000009 6215.0000000000009 -0.08269194106225343 50.050000000000004 1.3499999999999981 55.550000000000004 50.150000000000013 9.9500000000000011 2.7500000000000004
decision_type=2 2 2 2 2 2 2 2 2 2
left_child=1 -1 5 8 -5 -3 7 -7 -2 -4
right_child=3 2 9 4 -6 6 -8 -9 -10 -11
leaf_value=-0.026010526809952032 -0.01502292599642982 -0.0076060175905488829 0.00161965550017351 -0.0066787255965531757 -0.050003496007520992 0.0085050924380334104 -0.003004353207108314 0.0517586365898597 0.015581987674733897 -0.029890586407267869
leaf_weight=56 58 49 49 62 52 55 51 60 50 52
leaf_count=56 58 49 49 62 52 55 51 60 50 52
internal_value=-0.00503539 0.000311314 0.0049764 -0.0139945 -0.0264427 0.014175 0.0206043 0.0310739 -0.000853884 -0.0146043
internal_weight=594 372 316 222 114 215 166 115 108 101
internal_count=594 372 316 222 114 215 166 115 108 101
is_linear=0
shrinkage=0.081441


Tree=90
num_leaves=10
num_cat=0
split_feature=2 12 9 3 12 11 11 0 0
split_gain=4.29582 5.84354 6.56152 7.5478 6.5675 5.0461 3.21746 7.5041 5.74466
threshold=14.999999999999998 2.6964285714285721 2.5499999999999976 0.37446826358596375 5.0321428571428584 2.3214285714285716 3.907142857142857 52.850000000000001 55.150000000000013
decision_type=2 2 2 2 2 2 2 2 2
left_child=5 -2 -3 4 -4 -1 7 -7 -8
right_child=1 2 3 -5 -6 6 8 -9 -10
leaf_value=0.026134544867153137 -0.037612274633974034 0.020817661798470319 0.014471577172233765 -0.033406089422098176 -0.023863790258446229 -0.036903733699181429 0.02938535343674268 0.0036391227409819453 -0.0070210954049503395
leaf_weight=49 48 47 75 75 49 48 47 82 74
leaf_count=49 48 47 75 75 49 48 47 82 74
internal_value=-0.00462536 -0.0116214 -0.00654913 -0.0130131 -0.000677535 0.00223086 -0.00243616 -0.0113317 0.00712108
internal_weight=594 294 246 199 124 300 251 130 121
internal_count=594 294 246 199 124 300 251 130 121
is_linear=0
shrinkage=0.081441


Tree=91
num_leaves=9
num_cat=0
split_feature=3 10 6 10 2 0 3 10
split_gain=3.82611 5.01118 7.71762 5.56066 5.5622 5.50325 6.76552 6.43614
threshold=0.94138322595482449 4.8499999999999988 7.2500000000000009 6.650000000000003 15.549999999999999 55.550000000000004 0.54219432480460406 2.5499999999999976
decision_type=2 2 2 2 2 2 2 2
left_child=1 2 -1 4 -3 6 -4 -7
right_child=-2 3 5 -5 -6 7 -8 -9
leaf_value=-0.022906896975096881 -0.01981770682955555 -0.0063636100759186945 0.042714219117519027 0.0047062477573737473 -0.045369497200028912 0.016220920361961173 0.0064495673238553807 -0.01871549943388405
leaf_weight=58 89 49 57 68 48 68 85 72
leaf_count=58 89 49 57 68 48 68 85 72
internal_value=-0.00424871 -0.00150464 0.00414695 -0.01315 -0.0256673 0.00971163 0.0210078 -0.00174641
internal_weight=594 505 340 165 97 282 142 140
internal_count=594 505 340 165 97 282 142 140
is_linear=0
shrinkage=0.081441


Tree=92
num_leaves=11
num_cat=0
split_feature=4 10 2 11 2 4 13 4 8 13
split_gain=12.4219 3.75631 5.66596 4.91084 4.45405 5.09312 6.31657 8.44783 3.05651 1.26624
threshold=0.96633974041180482 2.4499999999999997 22.050000000000001 3.1714285714285722 17.75 -0.49812626372919405 1.953263310546248 0.089118976521498958 0.14750000000000002 1.6405573965663536
decision_type=2 2 2 2 2 2 2 2 2 2
left_child=1 3 4 9 5 8 7 -7 -3 -1
right_child=-2 2 -4 -5 -6 6 -8 -9 -10 -11
leaf_value=0.015881537642083419 -0.036764589955190073 0.010049974680179517 0.032383953851680476 -0.024759353500767516 -0.012152511514912557 0.057588683083501284 -0.0026872272432688533 0.010762393172747443 -0.018231185165588349 -0.0030220199341099039
leaf_weight=47 48 55 66 52 69 47 52 56 47 47
leaf_count=47 48 55 66 52 69 47 52 56 47 47
internal_value=0.00292954 0.00647144 0.0106244 -0.00467902 0.00621855 0.011151 0.0204512 0.0321321 -0.00298187 0.0064302
internal_weight=586 538 392 146 326 257 155 103 102 94
internal_count=586 538 392 146 326 257 155 103 102 94
is_linear=0
shrinkage=0.081441


Tree=93
num_leaves=9
num_cat=0
split_feature=4 6 1 13 11 13 3 13
split_gain=10.4812 3.33695 4.91097 5.33813 4.67834 6.04181 4.49651 3.73208
threshold=0.96633974041180482 8.4500000000000011 75.15000000000002 1.9154757197052013 4.9071428571428575 1.6368520165630034 -0.29343379936893915 1.3073054296403224
decision_type=2 2 2 2 2 2 2 2
left_child=1 6 3 4 5 7 -1 -3
right_child=-2 2 -4 -5 -6 -7 -8 -9
leaf_value=0.0022570875910145937 -0.033770862275318683 0.011897577367635689 0.021222339981371702 -0.020234392157289699 -0.017977946144982757 0.033742881329267657 0.030744691310550271 -0.015741445272904758
leaf_weight=74 48 81 72 82 51 51 73 54
leaf_count=74 48 81 72 82 51 51 73 54
internal_value=0.00269098 0.00594446 0.0020116 -0.00232471 0.00387228 0.00986391 0.0164048 0.000841725
internal_weight=586 538 391 319 237 186 147 135
internal_count=586 538 391 319 237 186 147 135
is_linear=0
shrinkage=0.081441


Tree=94
num_leaves=8
num_cat=0
split_feature=6 10 6 0 1 0 3
split_gain=9.59161 6.12817 9.63014 5.02712 6.12338 4.99539 2.54477
threshold=6.5500000000000007 1.6500000000000024 8.3500000000000032 52.45000000000001 63.600000000000009 56.150000000000013 -0.66528616069191593
decision_type=2 2 2 2 2 2 2
left_child=-1 -2 -3 4 -4 -5 -7
right_child=1 2 3 5 -6 6 -8
leaf_value=-0.030567899374750629 -0.013746519783503497 0.03296759829964923 0.010787732693727015 0.027383195259071916 -0.02483204504654464 0.012285825051985949 -0.0095375081122400281
leaf_weight=53 89 93 57 79 73 74 68
leaf_count=53 89 93 57 79 73 74 68
internal_value=0.00247184 0.00575756 0.00966731 0.00349322 -0.00921438 0.0109683 0.00183525
internal_weight=586 533 444 351 130 221 142
internal_count=586 533 444 351 130 221 142
is_linear=0
shrinkage=0.081441


Tree=95
num_leaves=10
num_cat=0
split_feature=4 0 1 6 2 10 4 0 1
split_gain=8.31006 3.08473 7.74155 5.84872 6.29456 5.69093 5.52809 3.26977 4.38107
threshold=0.96633974041180482 61.45000000000001 75.050000000000011 8.2500000000000018 18.399999999999999 2.3499999999999983 0.68274389090025245 56.600000000000009 62.850000000000001
decision_type=2 2 2 2 2 2 2 2 2
left_child=1 2 3 6 5 -5 -1 8 -7
right_child=-2 -3 -4 4 -6 7 -8 -9 -10
leaf_value=0.038601176316767155 -0.030195907079559603 -0.013684155208780248 0.031057451801179387 -0.016701353630841635 -0.027562198347784551 2.3548409522463929e-05 0.00086571350475013649 -0.0048981259224796505 0.031779569564918349
leaf_weight=51 48 52 76 72 56 50 52 61 68
leaf_count=51 48 52 76 72 56 50 52 61 68
internal_value=0.00227053 0.00516751 0.00718472 0.00275909 -0.00287516 0.00263328 0.0195516 0.0104107 0.0183244
internal_weight=586 538 486 410 307 251 103 179 118
internal_count=586 538 486 410 307 251 103 179 118
is_linear=0
shrinkage=0.081441


Tree=96
num_leaves=9
num_cat=0
split_feature=11 0 9 1 3 3 4 3
split_gain=6.86982 5.03345 5.81513 4.55579 4.01641 3.82363 2.7699 2.57878
threshold=2.2500000000000004 53.350000000000001 3.2500000000000004 76.450000000000017 -0.86976336936302323 0.056951373111866661 0.60383265664488517 0.90892735371523092
decision_type=2 2 2 2 2 2 2 2
left_child=-1 2 -2 4 -3 -6 7 -4
right_child=1 3 6 -5 5 -7 -8 -9
leaf_value=0.026407848179987224 0.024565951654028435 0.014133248431665274 0.021088649083291031 -0.03142160716540391 -0.026682313629614058 4.8764186940973582e-05 -0.013255761267360061 -0.0052317211857213211
leaf_weight=66 81 57 47 51 62 83 78 52
leaf_count=66 81 57 47 51 62 83 78 52
internal_value=0.00168253 -0.00151126 0.00649282 -0.00967348 -0.00418175 -0.0113818 -0.00177855 0.00726437
internal_weight=577 511 258 253 202 145 177 99
internal_count=577 511 258 253 202 145 177 99
is_linear=0
shrinkage=0.081441


end of trees

feature_importances:
forecast_low=111
forecast_diurnal_range=105
day_cos=96
forecast_wind=69
day_sin=67
lag_low_1d=61
roll_low_7d_std=53
roll_low_7d_mean=52
forecast_high=49
roll_low_14d_mean=49
forecast_radiation=45
lag_low_2d=38
forecast_evap=35

parameters:
[boosting: gbdt]
[objective: regression]
[metric: l2]
[tree_learner: serial]
[device_type: cpu]
[data_sample_strategy: bagging]
[data: ]
[valid: ]
[num_iterations: 97]
[learning_rate: 0.081441]
[num_leaves: 48]
[num_threads: 2]
[seed: 42]
[deterministic: 0]
[force_col_wise: 0]
[force_row_wise: 0]
[histogram_pool_size: -1]
[max_depth: -1]
[min_data_in_leaf: 47]
[min_sum_hessian_in_leaf: 0.001]
[bagging_fraction: 0.73642]
[pos_bagging_fraction: 1]
[neg_bagging_fraction: 1]
[bagging_freq: 4]
[bagging_seed: 400]
[bagging_by_query: 0]
[feature_fraction: 0.894544]
[feature_fraction_bynode: 1]
[feature_fraction_seed: 30056]
[extra_trees: 0]
[extra_seed: 12879]
[early_stopping_round: 0]
[early_stopping_min_delta: 0]
[first_metric_only: 0]
[max_delta_step: 0]
[lambda_l1: 1.7396e-05]
[lambda_l2: 0.00669471]
[linear_lambda: 0]
[min_gain_to_split: 0]
[drop_rate: 0.1]
[max_drop: 50]
[skip_drop: 0.5]
[xgboost_dart_mode: 0]
[uniform_drop: 0]
[drop_seed: 17869]
[top_rate: 0.2]
[other_rate: 0.1]
[min_data_per_group: 100]
[max_cat_threshold: 32]
[cat_l2: 10]
[cat_smooth: 10]
[max_cat_to_onehot: 4]
[top_k: 20]
[monotone_constraints: ]
[monotone_constraints_method: basic]
[monotone_penalty: 0]
[feature_contri: ]
[forcedsplits_filename: ]
[refit_decay_rate: 0.9]
[cegb_tradeoff: 1]
[cegb_penalty_split: 0]
[cegb_penalty_feature_lazy: ]
[cegb_penalty_feature_coupled: ]
[path_smooth: 0]
[interaction_constraints: ]
[verbosity: -1]
[saved_feature_importance_type: 0]
[use_quantized_grad: 0]
[num_grad_quant_bins: 4]
[quant_train_renew_leaf: 0]
[stochastic_rounding: 1]
[linear_tree: 0]
[max_bin: 255]
[max_bin_by_feature: ]
[min_data_in_bin: 3]
[bin_construct_sample_cnt: 200000]
[data_random_seed: 175]
[is_enable_sparse: 1]
[enable_bundle: 1]
[use_missing: 1]
[zero_as_missing: 0]
[feature_pre_filter: 1]
[pre_partition: 0]
[two_round: 0]
[header: 0]
[label_column: ]
[weight_column: ]
[group_column: ]
[ignore_column: ]
[categorical_feature: ]
[forcedbins_filename: ]
[precise_float_parser: 0]
[parser_config_file: ]
[objective_seed: 16083]
[num_class: 1]
[is_unbalance: 0]
[scale_pos_weight: 1]
[sigmoid: 1]
[boost_from_average: 1]
[reg_sqrt: 0]
[alpha: 0.9]
[fair_c: 1]
[poisson_max_delta_step: 0.7]
[tweedie_variance_power: 1.5]
[lambdarank_truncation_level: 30]
[lambdarank_norm: 1]
[label_gain: ]
[lambdarank_position_bias_regularization: 0]
[eval_at: ]
[multi_error_top_k: 1]
[auc_mu_weights: ]
[num_machines: 1]
[local_listen_port: 12400]
[time_out: 120]
[machine_list_filename: ]
[machines: ]
[gpu_platform_id: -1]
[gpu_device_id: -1]
[gpu_use_dp: 0]
[num_gpu: 1]

end of parameters

pandas_categorical:[]
