tree
version=v4
num_class=1
num_tree_per_iteration=1
label_index=0
max_feature_idx=13
objective=regression
feature_names=forecast_low forecast_high forecast_diurnal_range day_sin day_cos forecast_precip forecast_wind forecast_radiation forecast_evap lag_low_1d lag_low_2d roll_low_7d_mean roll_low_14d_mean roll_low_7d_std
feature_infos=[-9:77.200000000000003] [1.2:100.90000000000001] [2.7999999999999972:39.799999999999997] [-0.99999942202469239:0.99998555065071859] [-0.99997919295908244:0.9999907524084426] [0:3.8380000000000001] [4.5:28] [174:8993] [0.0070000000000000001:0.33200000000000002] [-8.3999999999999986:15.5] [-8.3999999999999986:15.5] [-0.82857142857142896:7.6142857142857139] [0.10000000000000089:6.4428571428571431] [0.6414269805898225:7.034912934784626]
tree_sizes=1091 1222 1219 1152 1226 1239 1148 1233 1070 1153 1157 1155 1155 1158 1224 1231 1240 1074 1409 1241 1328 1071 1243 1156 1244 1245 1244 1247 1334 1146 1160 1243 1161 1246 1247 1158 1249 1163 1246 1242 1244 1227 1245 1240 1255 1162 1164 1151 1246 1160

Tree=0
num_leaves=12
num_cat=0
split_feature=2 3 8 3 7 2 7 2 2 4 2
split_gain=728.814 303.169 250.808 214.669 104.231 64.0702 63.6025 58.0872 55.029 51.5934 44.9136
threshold=19.150000000000006 -0.38242426011641079 0.11499999999999996 -0.84315017450793706 6001.5000000000009 7.0500000000000016 2403.5000000000005 24.250000000000007 11.300000000000004 0.020426410361618304 24.650000000000002
decision_type=2 2 2 2 2 2 2 2 2 2 2
left_child=3 7 -3 -1 5 -5 8 -2 -7 -8 -4
right_child=1 2 10 4 -6 6 9 -9 -10 -11 -12
leaf_value=3.0797428585336464 3.1364213586621514 2.9210480066018447 3.0567619557628229 2.8287691139665876 3.0169867028752662 2.9166447980648709 2.9387445499879252 3.2431840225416839 3.0231313015632502 2.8523952455994177 3.148907654847624
leaf_weight=57 54 66 59 49 57 59 70 60 50 86 59
leaf_count=57 54 66 59 49 57 59 70 60 50 86 59
internal_value=3.00725 3.09692 3.03763 2.94481 2.92408 2.90722 2.92172 3.19261 2.96549 2.89114 3.10283
internal_weight=726 298 184 428 371 314 265 114 109 156 118
internal_count=726 298 184 428 371 314 265 114 109 156 118
is_linear=0
shrinkage=1


Tree=1
num_leaves=13
num_cat=0
split_feature=2 3 8 3 7 9 9 5 6 2 6 4
split_gain=626.347 261.897 226.057 160.104 84.9059 73.1747 69.3294 55.2625 50.0232 40.0461 33.3118 27.526
threshold=18.450000000000003 -0.38242426011641079 0.11499999999999996 -0.8041866928211282 6001.5000000000009 4.7500000000000009 2.1500000000000008 0.055500000000000008 11.65 24.650000000000002 11.950000000000001 0.29137697329261131
decision_type=2 2 2 2 2 2 2 2 2 2 2 2
left_child=3 5 -3 -1 6 -2 7 10 -8 -4 -5 -10
right_child=1 2 9 4 -6 -7 8 -9 11 -11 -12 -13
leaf_value=0.052898215562809527 0.1050712193372111 -0.084378223123693322 0.042058430551431603 -0.11480704521304655 0.0061993071362366897 0.22125610661738307 -0.0010738778786668376 -0.06415460947749442 -0.049453851959744118 0.12735149301583429 -0.19897513433665193 -0.12741831227271744
leaf_weight=56 62 71 64 46 51 59 50 45 46 59 61 56
leaf_count=56 62 71 64 46 51 59 50 45 46 59 61 56
internal_value=-0.00372997 0.0755022 0.0217249 -0.0644554 -0.0829675 0.161724 -0.0979264 -0.133589 -0.0622632 0.0829715 -0.162791 -0.092258
internal_weight=726 315 194 411 355 121 304 152 152 123 107 102
internal_count=726 315 194 411 355 121 304 152 152 123 107 102
is_linear=0
shrinkage=0.0746787


Tree=2
num_leaves=13
num_cat=0
split_feature=2 3 8 3 7 9 9 7 2 6 2 3
split_gain=536.355 223.335 183.716 158.625 75.4653 56.2475 52.8719 50.8307 81.7993 41.85 32.9249 20.0451
threshold=19.150000000000006 -0.38242426011641079 0.11499999999999996 -0.84315017450793706 6001.5000000000009 2.1500000000000008 4.7500000000000009 3319.5000000000005 10.750000000000002 13.65 24.650000000000002 0.10837544681456417
decision_type=2 2 2 2 2 2 2 2 2 2 2 2
left_child=3 6 -3 -1 5 7 -2 8 -5 11 -4 -7
right_child=1 2 10 4 -6 9 -8 -9 -10 -11 -12 -13
leaf_value=0.05897582726655879 0.10474949863034905 -0.077190686607402303 0.038946239419369366 -0.15440053984081442 0.0042200327147026689 0.010640044403797032 0.20646540918088868 -0.18691039270391499 -0.025411669130901173 -0.10256712721604987 0.11784107324698004 -0.059462860052116685
leaf_weight=57 57 66 59 58 57 45 57 46 52 67 59 46
leaf_count=57 57 66 59 58 57 45 57 46 52 67 59 46
internal_value=-0.00345142 0.0734737 0.0225863 -0.0570114 -0.0748316 -0.0891817 0.155608 -0.120991 -0.0934241 -0.0577753 0.0783938 -0.0247966
internal_weight=726 298 184 428 371 314 114 156 110 158 118 91
internal_count=726 298 184 428 371 314 114 156 110 158 118 91
is_linear=0
shrinkage=0.0746787


Tree=3
num_leaves=12
num_cat=0
split_feature=2 3 8 3 2 6 7 7 9 2 7
split_gain=459.741 192.512 166.758 116.504 70.2407 61.7739 43.9387 51.8303 58.8551 45.0312 34.8166
threshold=18.450000000000003 -0.38242426011641079 0.11499999999999996 -0.8041866928211282 7.0500000000000016 10.850000000000003 6001.5000000000009 2403.5000000000005 2.1500000000000008 11.300000000000004 6505.0000000000009
decision_type=2 2 2 2 2 2 2 2 2 2 2
left_child=3 5 -3 -1 -5 -2 7 9 -9 -6 -4
right_child=1 2 10 4 6 -7 -8 8 -10 -11 -12
leaf_value=0.044887968789532773 0.18039877192898185 -0.072548982201947984 0.12001115154793583 -0.15502003438271333 -0.075095745551462284 0.070477060834036598 0.0054212058327996653 -0.15168256962984755 -0.056940883641026022 0.021763459910826604 0.038853638658231132
leaf_weight=56 75 71 49 48 59 46 51 66 82 49 74
leaf_count=56 75 71 49 48 59 46 51 66 82 49 74
internal_value=-0.00319368 0.0646877 0.0185812 -0.0552196 -0.0710112 0.13861 -0.0578762 -0.0704862 -0.0991907 -0.0311504 0.0711848
internal_weight=726 315 194 411 355 121 307 256 148 108 123
internal_count=726 315 194 411 355 121 307 256 148 108 123
is_linear=0
shrinkage=0.0746787


Tree=4
num_leaves=13
num_cat=0
split_feature=2 3 8 1 6 9 0 2 3 6 4 1
split_gain=396.126 224.678 151.93 72.8887 71.0714 68.6557 51.2224 41.4242 38.2523 36.7741 25.8691 15.6854
threshold=14.950000000000005 -0.43733984355855576 0.10950000000000001 53.650000000000013 10.850000000000003 2.1500000000000008 31.150000000000002 24.250000000000007 0.84313847884979054 11.550000000000002 0.25829915227078726 86.450000000000017
decision_type=2 2 2 2 2 2 2 2 2 2 2 2
left_child=5 4 3 -3 7 6 -1 -2 11 -7 -11 -4
right_child=1 2 8 -5 -6 9 -8 -9 -10 10 -12 -13
leaf_value=-0.16416814871316729 0.10388039077175781 -0.01546327092318559 0.0052245663568064827 -0.13291227709395725 0.050490226035854326 0.012425569258158079 -0.071283037075575401 0.20305282050257711 0.10761349656230124 -0.026918338006533832 -0.10573208251049955 0.061204104439493937
leaf_weight=57 46 79 71 47 60 54 79 48 46 48 45 46
leaf_count=57 46 79 71 47 60 54 79 48 46 48 45 46
internal_value=-0.00295518 0.0411345 0.0023117 -0.0592737 0.11399 -0.0719718 -0.110213 0.154522 0.0499176 -0.0365922 -0.0650541 0.0272337
internal_weight=726 443 289 126 154 283 136 94 163 147 93 117
internal_count=726 443 289 126 154 283 136 94 163 147 93 117
is_linear=0
shrinkage=0.0746787


Tree=5
num_leaves=13
num_cat=0
split_feature=2 3 8 3 2 8 6 13 3 2 0 0
split_gain=346.914 141.364 117.204 107.054 55.3231 49.3852 40.0079 43.1316 36.8181 26.0132 18.2463 13.6112
threshold=19.150000000000006 -0.38242426011641079 0.11499999999999996 -0.84315017450793706 7.0500000000000016 0.18150000000000002 14.350000000000003 2.7716673774351048 0.10837544681456417 24.650000000000002 57.550000000000004 31.850000000000005
decision_type=2 2 2 2 2 2 2 2 2 2 2 2
left_child=3 5 -3 -1 -5 -2 8 -8 10 -4 -6 -10
right_child=1 2 9 4 6 -7 7 -9 11 -11 -12 -13
leaf_value=0.049475924175203495 0.1671528395803879 -0.061048562844874671 0.028157402991007573 -0.13437420122105395 0.034359768584738902 0.067865504423533271 -0.036829681346595096 -0.13176058304288715 -0.085174665424992871 0.098284066131760314 -0.030882240152313903 -0.034574054527398881
leaf_weight=57 65 66 59 49 51 49 51 56 56 59 45 63
leaf_count=57 65 66 59 49 51 49 51 56 56 59 45 63
internal_value=-0.00273449 0.0591316 0.0186459 -0.0458095 -0.060449 0.124477 -0.0491995 -0.0865133 -0.0306294 0.0632208 0.00377758 -0.0583862
internal_weight=726 298 184 428 371 114 322 107 215 118 96 119
internal_count=726 298 184 428 371 114 322 107 215 118 96 119
is_linear=0
shrinkage=0.0746787


Tree=6
num_leaves=12
num_cat=0
split_feature=2 3 1 2 3 8 2 6 6 0 9
split_gain=314.982 89.691 70.205 67.0612 56.2268 42.9423 35.1854 28.0537 25.3434 23.5292 34.4163
threshold=18.450000000000003 -0.43733984355855576 64.90000000000002 7.0500000000000016 -0.32614396506100213 0.18150000000000002 24.650000000000002 12.550000000000002 15.350000000000003 26.050000000000004 1.9000000000000024
decision_type=2 2 2 2 2 2 2 2 2 2 2
left_child=3 5 -3 -1 7 -2 -4 -5 9 -6 -11
right_child=1 2 6 4 8 -7 -8 -9 -10 10 -12
leaf_value=-0.12622882894659415 0.15245350528231627 -0.028581043294324267 0.025948878843243768 0.037753220079266465 0.0014645508268175142 0.058368533427170251 0.1033814057296233 -0.036646423882634421 -0.095863528785988861 -0.10171674408142997 -0.022611030871806135
leaf_weight=47 62 77 72 76 56 48 60 45 57 54 71
leaf_count=47 62 77 72 76 56 48 60 45 57 54 71
internal_value=0.00128465 0.056816 0.0280884 -0.0423471 -0.0313654 0.111398 0.0611456 0.0100839 -0.0524383 -0.0387629 -0.0567848
internal_weight=725 319 209 406 359 110 132 121 238 181 125
internal_count=725 319 209 406 359 110 132 121 238 181 125
is_linear=0
shrinkage=0.0746787


Tree=7
num_leaves=13
num_cat=0
split_feature=9 12 0 1 7 4 0 8 0 11 12 0
split_gain=175.633 138.033 48.0807 58.8742 44.0948 57.2306 104.487 42.9283 54.999 39.8397 32.1061 28.1071
threshold=2.2000000000000015 3.0607142857142877 62.70000000000001 76.850000000000009 1438.5000000000002 0.75438814418115718 32.050000000000004 0.11499999999999996 29.000000000000004 2.9500000000000002 4.3964285714285731 45.300000000000004
decision_type=2 2 2 2 2 2 2 2 2 2 2 2
left_child=4 7 3 10 -1 6 -6 8 -2 -8 11 -3
right_child=1 2 -4 -5 5 -7 9 -9 -10 -11 -12 -13
leaf_value=-0.11366353297591082 0.022416725668994126 0.11949610246258942 0.0082403129735573906 0.14718035766519322 -0.14289144324356975 0.037821044621469936 0.016258116414489567 0.035482315565905684 -0.079167670602937529 -0.070004327475779782 0.0046486929161074671 0.040701527328828091
leaf_weight=45 46 51 65 56 51 50 79 55 84 48 45 50
leaf_count=45 46 51 65 56 51 50 79 55 84 48 45 50
internal_value=0.00118872 0.0297543 0.0641061 0.0820827 -0.0461067 -0.032773 -0.0526028 -0.0198237 -0.0432224 -0.0163451 0.0571136 0.080489
internal_weight=725 452 267 202 273 228 178 185 130 127 146 101
internal_count=725 452 267 202 273 228 178 185 130 127 146 101
is_linear=0
shrinkage=0.0746787


Tree=8
num_leaves=11
num_cat=0
split_feature=2 3 4 9 6 7 3 0 2 0
split_gain=246.939 86.8971 64.6229 49.6187 47.2234 44.7313 37.2653 30.2892 26.5717 13.9798
threshold=16.250000000000007 -0.43733984355855576 -0.099822328936730778 2.1500000000000008 10.850000000000003 6505.0000000000009 0.83376496542330847 31.150000000000002 9.8500000000000032 46.45000000000001
decision_type=2 2 2 2 2 2 2 2 2 2
left_child=3 4 5 7 -2 -3 -4 -1 -5 -10
right_child=1 2 6 8 -6 -7 -8 -9 9 -11
leaf_value=-0.11631034060448224 0.12495311203035832 0.10593741974936356 0.01724548466766743 -0.059397053038634358 0.033082252299372221 0.017806038866534049 -0.065312126556425612 -0.048589761862882642 0.024765553537803551 -0.026045203473730866
leaf_weight=65 83 52 62 63 50 84 60 85 63 58
leaf_count=65 83 52 62 63 50 84 60 85 63 58
internal_value=0.00109994 0.0413816 0.0161045 -0.0460561 0.0904153 0.0515034 -0.0233566 -0.0779354 -0.0200675 0.000409982
internal_weight=725 391 258 334 133 136 122 150 184 121
internal_count=725 391 258 334 133 136 122 150 184 121
is_linear=0
shrinkage=0.0746787


Tree=9
num_leaves=12
num_cat=0
split_feature=2 11 0 0 0 3 0 8 3 7 8
split_gain=215.805 67.0577 78.8072 54.9485 153.491 41.8199 38.5656 37.3992 35.0614 39.739 25.9033
threshold=18.450000000000003 2.850000000000001 63.150000000000013 31.150000000000002 24.650000000000002 0.3261394409934788 44.600000000000009 0.05050000000000001 -0.71504373327588355 5417.5000000000009 0.084999999999999964
decision_type=2 2 2 2 2 2 2 2 2 2 2
left_child=3 10 5 4 -1 -3 7 -5 -8 -10 -2
right_child=1 2 -4 6 -6 -7 8 -9 9 -11 -12
leaf_value=-0.0085772752842551789 -0.037839093364213386 0.13783283900879534 -0.0029102665455579611 -0.019139924601000641 -0.16734811026358196 0.054756647689627701 0.0099316272671877582 0.065678664022255182 -0.1142448984166293 -0.018129311357742844 0.031617825781823636
leaf_weight=84 49 83 53 69 57 57 50 50 49 47 77
leaf_count=84 49 83 53 69 57 57 50 50 49 47 77
internal_value=0.0010178 0.0469827 0.0746478 -0.0350975 -0.0727613 0.104009 -0.0150575 0.0164982 -0.0407775 -0.0671884 0.00460679
internal_weight=725 319 193 406 141 140 265 119 146 96 126
internal_count=725 319 193 406 141 140 265 119 146 96 126
is_linear=0
shrinkage=0.0746787


Tree=10
num_leaves=12
num_cat=0
split_feature=2 10 0 0 0 3 4 0 1 3 9
split_gain=184.777 58.3211 47.048 131.422 36.1986 66.8471 44.2849 33.0207 37.2645 30.0203 34.1634
threshold=18.450000000000003 0.95000000000000295 31.150000000000002 24.650000000000002 63.150000000000013 -0.31799228562170639 -0.013976481981245098 44.600000000000009 49.250000000000007 -0.71504373327588355 3.0499999999999976
decision_type=2 2 2 2 2 2 2 2 2 2 2
left_child=2 -2 3 -1 5 -3 -7 8 -4 -9 -11
right_child=1 4 7 -5 -6 6 -8 9 -10 10 -12
leaf_value=-0.0079367374880811702 -0.023556721475813225 0.12249026831023289 -0.019697780387140248 -0.1548508019257617 0.010421711629485844 0.081188715565130451 -0.015418705451639422 0.0091899489303482254 0.065214450586791484 -0.10580152037532221 -0.016683430361825458
leaf_weight=84 59 89 70 57 65 55 51 50 49 49 47
leaf_count=84 59 89 70 57 65 55 51 50 49 49 47
internal_value=0.000941792 0.0434741 -0.0324765 -0.0673276 0.058685 0.0747727 0.0347078 -0.013933 0.0152661 -0.0377323 -0.0621709
internal_weight=725 319 406 141 260 195 106 265 119 146 96
internal_count=725 319 406 141 260 195 106 265 119 146 96
is_linear=0
shrinkage=0.0746787


Tree=11
num_leaves=12
num_cat=0
split_feature=2 11 10 13 9 0 1 7 3 9 10
split_gain=161.175 56.414 56.7707 42.2258 37.5621 36.6667 22.8038 21.1687 37.297 20.3009 15.1389
threshold=16.250000000000007 2.850000000000001 2.2500000000000004 2.8653928461658063 2.1500000000000008 63.150000000000013 41.650000000000013 3686.5000000000005 0.10837544681456417 5.2500000000000009 2.0500000000000012
decision_type=2 2 2 2 2 2 2 2 2 2 2
left_child=4 3 -3 10 6 9 -1 8 -6 -4 -2
right_child=1 2 5 -5 7 -7 -8 -9 -10 -11 -12
leaf_value=-0.0965107371943148 0.049789537176792659 -0.016228321673958865 0.071663917606591507 -0.058410589761128694 0.0055928331696324524 0.017992226646620452 -0.038088352744561405 0.020490258051056594 -0.077559722766210107 0.13016657257441253 -0.0056418268579304072
leaf_weight=69 61 47 83 49 65 46 81 63 56 55 50
leaf_count=69 61 47 83 49 65 46 81 63 56 55 50
internal_value=0.00087146 0.0334147 0.0570225 -0.000669065 -0.0372256 0.0757333 -0.0649627 -0.0146137 -0.032891 0.0949803 0.0248205
internal_weight=725 391 231 160 334 184 150 184 121 138 111
internal_count=725 391 231 160 334 184 150 184 121 138 111
is_linear=0
shrinkage=0.0746787


Tree=12
num_leaves=12
num_cat=0
split_feature=2 9 12 0 7 2 6 5 12 11 6
split_gain=119.196 86.213 75.9977 39.2652 30.9401 29.3787 25.6697 24.8067 22.794 18.5899 18.4266
threshold=25.250000000000007 2.2000000000000015 3.0607142857142877 46.45000000000001 4319.5000000000009 17.950000000000003 10.750000000000002 0.055500000000000008 2.1678571428571436 2.9857142857142862 13.450000000000001
decision_type=2 2 2 2 2 2 2 2 2 2 2
left_child=1 7 4 -4 10 -5 -2 8 -1 -10 -3
right_child=6 2 3 5 -6 -7 -8 -9 9 -11 -12
leaf_value=-0.087388374394794813 0.11198124611335529 -0.020824429060581021 0.092305990607659691 -0.01064639870715363 0.022123070640909827 0.056979255157249789 0.041711068055567208 -0.0026148540993100283 -0.0059065414629716848 -0.0696022770692208 -0.082208455943024616
leaf_weight=84 49 60 61 77 50 67 71 58 56 47 50
leaf_count=84 49 60 61 77 50 67 71 58 56 47 50
internal_value=0.00236847 -0.0110157 0.0119857 0.0420903 -0.0265859 0.0208183 0.0704048 -0.0452832 -0.0585172 -0.0349716 -0.0487263
internal_weight=730 610 365 205 160 144 120 245 187 103 110
internal_count=730 610 365 205 160 144 120 245 187 103 110
is_linear=0
shrinkage=0.0746787


Tree=13
num_leaves=12
num_cat=0
split_feature=2 9 12 0 2 4 3 13 9 6 6
split_gain=102.058 73.8173 65.0707 36.0198 29.8395 26.7375 40.4344 24.6967 28.3995 28.7974 21.9789
threshold=25.250000000000007 2.2000000000000015 3.0607142857142877 61.800000000000004 18.050000000000004 0.020426410361618304 0.48314048284850658 3.401083423575415 1.2000000000000013 12.550000000000002 10.750000000000002
decision_type=2 2 2 2 2 2 2 2 2 2 2
left_child=1 7 5 4 -4 -3 -7 8 9 -1 -2
right_child=10 2 3 -5 -6 6 -8 -9 -10 -11 -12
leaf_value=-0.045873474856001226 0.10361865580245612 0.015883446106629187 0.032543353155881367 -0.0069936425050827001 0.10313710393136996 -0.0015149387251173023 -0.095570690500026659 -0.089321627218275385 -0.069047229734524984 0.025004281568133366 0.038596146023124583
leaf_weight=62 49 58 85 65 55 52 50 49 68 66 71
leaf_count=62 49 58 85 65 55 52 50 49 68 66 71
internal_value=0.0021916 -0.0101931 0.0110906 0.0389471 0.0602767 -0.0246005 -0.0476208 -0.0419015 -0.0300464 -0.00932714 0.0651471
internal_weight=730 610 365 205 140 160 102 245 196 128 120
internal_count=730 610 365 205 140 160 102 245 196 128 120
is_linear=0
shrinkage=0.0746787


Tree=14
num_leaves=13
num_cat=0
split_feature=2 9 13 3 2 2 8 6 4 11 4 6
split_gain=88.1019 51.7053 57.1207 32.5474 31.9785 24.1778 21.202 24.9654 39.2586 19.3203 17.0458 16.1099
threshold=14.950000000000005 6.650000000000003 2.4415061394128341 0.63920241694561786 7.4000000000000012 26.050000000000008 0.084999999999999964 10.65 0.59003219687534991 2.721428571428572 -0.5129677127369543 12.350000000000003
decision_type=2 2 2 2 2 2 2 2 2 2 2 2
left_child=4 2 5 11 -1 9 7 -6 -9 -2 -11 -4
right_child=1 -3 3 -5 6 -7 -8 8 -10 10 -12 -13
leaf_value=-0.080349040356154006 -0.010346652315833118 0.098734145070363682 0.044774714376147613 -0.051658625274379887 0.04301333713329053 0.08166612368000134 -0.051735872533122826 0.028035038102845723 -0.061404870911112408 0.018738336877222057 0.077957612976895949 -0.018071384852526354
leaf_weight=57 57 45 45 83 47 56 71 49 62 66 46 46
leaf_count=57 57 45 45 83 47 56 71 49 62 66 46 46
internal_value=0.00202793 0.0228498 0.0142914 -0.0178396 -0.0302969 0.0391393 -0.0178385 -0.00260605 -0.0219224 0.0250475 0.0430606 0.0130064
internal_weight=730 444 399 174 286 225 229 158 111 169 112 91
internal_count=730 444 399 174 286 225 229 158 111 169 112 91
is_linear=0
shrinkage=0.0746787


Tree=15
num_leaves=13
num_cat=0
split_feature=2 9 12 0 2 9 7 3 5 3 6 6
split_gain=78.9052 57.2187 51.9616 30.2082 23.326 26.5348 23.0931 34.5462 20.6205 27.6518 21.2726 16.4065
threshold=25.250000000000007 2.2000000000000015 3.0607142857142877 61.800000000000004 13.950000000000003 4.5999999999999979 4319.5000000000009 0.48314048284850658 0.055500000000000008 0.65233619298682533 12.65 10.750000000000002
decision_type=2 2 2 2 2 2 2 2 2 2 2 2
left_child=1 8 6 4 -4 -6 7 -3 9 10 -1 -2
right_child=11 2 3 -5 5 -7 -8 -9 -10 -11 -12 -13
leaf_value=5.6516233258636377e-05 0.090470956575790323 -0.0016695772582944765 0.0098611795789121607 -0.0074533292298112402 0.035245502498534052 0.11418555007361797 0.019912718016093147 -0.085495297667177339 0.0019719440649106309 -0.086984520776695745 -0.06374641101332465 0.034292583390304783
leaf_weight=68 49 58 45 65 47 48 50 52 58 68 51 71
leaf_count=68 49 58 45 65 47 48 50 52 58 68 51 71
internal_value=0.00187649 -0.00901316 0.00972544 0.0346183 0.0541515 0.0751311 -0.0221685 -0.0412963 -0.0369299 -0.0489956 -0.0272876 0.0572322
internal_weight=730 610 365 205 140 95 160 110 245 187 119 120
internal_count=730 610 365 205 140 95 160 110 245 187 119 120
is_linear=0
shrinkage=0.0746787


Tree=16
num_leaves=13
num_cat=0
split_feature=2 9 12 0 2 4 6 13 9 6 4 8
split_gain=67.5602 48.9918 44.4906 28.1527 22.445 20.2352 22.4622 19.0975 25.3972 26.0037 15.9497 10.1567
threshold=25.250000000000007 2.2000000000000015 3.0607142857142877 46.45000000000001 20.550000000000001 0.020426410361618304 13.450000000000001 3.401083423575415 1.2000000000000013 12.550000000000002 -0.15950993297387567 0.13950000000000004
decision_type=2 2 2 2 2 2 2 2 2 2 2 2
left_child=1 7 5 -4 11 -3 -7 8 9 -1 -2 -5
right_child=10 2 3 4 -6 6 -8 -9 -10 -11 -12 -13
leaf_value=-0.038882013470968528 0.078855112207322844 0.014705955085390771 0.074553261679159974 -0.029734204314279516 0.057054667643580165 -0.0094013478407154148 -0.079980902760185657 -0.075871537692726171 -0.060628800764333864 0.028470115698260738 0.024335073680224063 0.018358501848567684
leaf_weight=62 63 58 61 50 46 57 45 49 68 66 57 48
leaf_count=62 63 58 61 50 46 57 45 49 68 66 57 48
internal_value=0.00173636 -0.00834007 0.00899916 0.032033 0.014021 -0.020513 -0.0405395 -0.034172 -0.0237471 -0.00415358 0.0529582 -0.0061786
internal_weight=730 610 365 205 144 160 102 245 196 128 120 98
internal_count=730 610 365 205 144 160 102 245 196 128 120 98
is_linear=0
shrinkage=0.0746787


Tree=17
num_leaves=11
num_cat=0
split_feature=2 6 7 4 9 13 3 0 2 9
split_gain=59.7095 52.9386 86.8497 75.0979 43.5262 34.739 29.374 29.2758 21.1211 9.85056
threshold=10.050000000000002 14.450000000000001 2826.0000000000005 -0.031174269516803247 4.2999999999999998 3.0265885035660691 -0.86976336936302323 32.350000000000009 22.750000000000004 1.9000000000000024
decision_type=2 2 2 2 2 2 2 2 2 2
left_child=7 2 -2 -3 8 -5 -6 -1 9 -4
right_child=1 3 4 5 6 -7 -8 -9 -10 -11
leaf_value=-0.07971604625555806 0.095955898760289038 0.033076306529021111 -0.047744777156492287 -0.025502289945036317 0.093120859381329801 -0.11086524733185915 0.016802054389698395 -0.0088383919762248398 0.025045167370517905 -0.0087032670131230207
leaf_weight=65 81 82 67 63 45 46 75 65 63 78
leaf_count=65 81 82 67 63 45 46 75 65 63 78
internal_value=0.00160669 0.0115482 0.0267069 -0.020912 0.00960577 -0.0615271 0.0454217 -0.0442773 -0.0110573 -0.0267432
internal_weight=730 600 409 191 328 109 120 130 208 145
internal_count=730 600 409 191 328 109 120 130 208 145
is_linear=0
shrinkage=0.0746787


Tree=18
num_leaves=15
num_cat=0
split_feature=2 4 10 4 12 0 1 1 2 2 13 12 7 3
split_gain=61.5655 43.5741 68.3256 27.4052 27.0436 27.6905 61.3037 35.684 25.4547 18.2181 15.34 11.8649 9.29536 17.0481
threshold=16.250000000000007 0.74298546529340237 0.54999999999999727 0.011826144619637501 1.4678571428571432 24.100000000000005 42.050000000000004 76.050000000000011 26.750000000000007 10.699999999999999 2.6007322655178915 3.2142857142857157 5784.0000000000009 -0.20180236284700906
decision_type=2 2 2 2 2 2 2 2 2 2 2 2 2 2
left_child=4 2 -2 8 -1 -6 -7 9 12 -8 -11 -5 -4 -14
right_child=1 -3 3 11 5 6 7 -9 -10 10 -12 -13 13 -15
leaf_value=-0.076925046924852331 -0.073969042462430287 0.085688479714254903 0.051547587988796585 -0.035710912850950509 0.032942162486403005 -0.10523672839953238 -0.02797981282405539 -0.066678240610481068 0.083422994037770842 0.059249237304853181 0.00030927834450966886 0.016258084410237322 -0.020291255786479927 0.038898797762844009
leaf_weight=47 47 48 45 49 53 45 49 45 52 46 53 49 51 58
leaf_count=47 47 48 45 49 53 45 49 45 52 46 53 49 51 58
internal_value=-0.000912685 0.018953 0.00982674 0.022782 -0.0243636 -0.0158742 -0.0267451 -0.00844393 0.0382472 0.00926249 0.0276956 -0.00972643 0.022993 0.0112044
internal_weight=737 399 351 304 338 291 238 193 206 148 99 98 154 109
internal_count=737 399 351 304 338 291 238 193 206 148 99 98 154 109
is_linear=0
shrinkage=0.0746787


Tree=19
num_leaves=13
num_cat=0
split_feature=2 4 1 13 13 3 8 7 0 0 0 7
split_gain=53.3817 36.3156 47.7169 25.2995 25.426 22.4214 31.0096 26.5174 31.6046 39.0455 23.3338 11.8797
threshold=18.950000000000003 0.5475998096715059 64.90000000000002 2.0827513391236505 1.5461934653728251 -0.71504373327588355 0.020500000000000004 6420.0000000000009 49.050000000000004 31.150000000000002 24.650000000000002 6505.0000000000009
decision_type=2 2 2 2 2 2 2 2 2 2 2 2
left_child=5 2 -2 4 -4 -1 -7 8 9 10 -8 -5
right_child=1 -3 3 11 -6 6 7 -9 -10 -11 -12 -13
leaf_value=0.017360100980463061 -0.056706563040852351 0.084965916567910554 0.01169683847169402 0.022873286614963313 0.085763977919596127 0.022332918047137381 -0.032549040715067624 0.014389577505203142 -0.099918175702207027 0.0070842223809629273 -0.10205396988781862 -0.026880577551834196
leaf_weight=82 46 45 46 64 59 61 65 48 49 80 46 46
leaf_count=82 46 45 46 64 59 61 65 48 49 80 46 46
internal_value=-0.000844527 0.0230081 0.0123257 0.0270955 0.0533156 -0.0177794 -0.0260356 -0.0362804 -0.0464144 -0.0326882 -0.061353 0.00206712
internal_weight=737 306 261 215 105 431 349 288 240 191 111 110
internal_count=737 306 261 215 105 431 349 288 240 191 111 110
is_linear=0
shrinkage=0.0746787


Tree=20
num_leaves=14
num_cat=0
split_feature=2 4 10 4 12 1 2 2 6 4 10 4 7
split_gain=46.8772 35.0161 56.7467 22.2564 22.1906 20.7431 40.6371 20.265 15.1535 12.8009 12.5508 8.44715 15.3309
threshold=16.250000000000007 0.74298546529340237 0.54999999999999727 0.011826144619637501 1.4678571428571432 76.050000000000011 11.299999999999999 26.750000000000007 13.450000000000001 0.78724360164103002 2.2500000000000004 -0.93543596745397617 6022.0000000000009
decision_type=2 2 2 2 2 2 2 2 2 2 2 2 2
left_child=4 2 -2 7 -1 6 9 11 -5 -6 -8 -4 -13
right_child=1 -3 3 8 5 -7 10 -9 -10 -11 -12 12 -14
leaf_value=-0.068856910818220762 -0.067994003931768493 0.076377367850349945 0.04772558791780282 0.01794156153566202 -0.014484489035980394 -0.06017188292508098 -0.0024933756323067117 0.074423935991534379 -0.040986395437756562 -0.062079106870674611 0.048013676629592585 0.042043254356823691 -0.014664775219848466
leaf_weight=47 47 48 45 53 80 45 46 52 45 52 68 46 63
leaf_count=47 47 48 45 53 80 45 46 52 45 52 68 46 63
internal_value=-0.000781459 0.0165532 0.0083721 0.0201787 -0.0212446 -0.0135546 -0.005027 0.0341156 -0.00911721 -0.0332339 0.0276337 0.020505 0.00926708
internal_weight=737 399 351 304 338 291 246 206 98 132 114 154 109
internal_count=737 399 351 304 338 291 246 206 98 132 114 154 109
is_linear=0
shrinkage=0.0746787


Tree=21
num_leaves=11
num_cat=0
split_feature=2 6 7 10 6 3 2 0 13 9
split_gain=40.409 33.811 42.2413 24.1343 20.9248 17.6432 16.8943 39.21 47.2903 14.5496
threshold=18.950000000000003 17.650000000000002 3632.0000000000005 2.0500000000000012 8.4500000000000011 -0.65234524191686594 9.8500000000000032 45.45000000000001 3.0242668818214056 4.3500000000000005
decision_type=2 2 2 2 2 2 2 2 2 2
left_child=4 2 -2 -4 -1 -6 -7 8 -8 -5
right_child=1 -3 3 9 5 6 7 -9 -10 -11
leaf_value=0.030486018302944218 0.096372577280726374 -0.038242878123567324 -0.025350469141548412 0.0078653300606325773 0.010080744447038522 -0.057330580522211023 0.043133028260057167 -0.057473361094725978 -0.049448382745041153 0.053246996974709797
leaf_weight=49 45 47 56 75 79 87 80 86 50 83
leaf_count=49 45 47 56 75 79 87 80 86 50 83
internal_value=-0.000723101 0.0200299 0.0306045 0.0167747 -0.0154572 -0.0213505 -0.0295454 -0.0183541 0.00752478 0.0317051
internal_weight=737 306 259 214 431 382 303 216 130 158
internal_count=737 306 259 214 431 382 303 216 130 158
is_linear=0
shrinkage=0.0746787


Tree=22
num_leaves=13
num_cat=0
split_feature=2 9 5 5 7 6 7 12 4 0 0 1
split_gain=36.7295 28.4694 26.9942 26.5677 18.2436 17.8549 20.154 12.5728 12.3619 14.3363 19.1795 13.2349
threshold=25.250000000000007 2.2000000000000015 0.055500000000000008 0.21500000000000002 1919.0000000000002 14.450000000000001 3138.5000000000005 3.1964285714285725 0.56191161272202661 61.800000000000004 54.600000000000009 57.800000000000004
decision_type=2 2 2 2 2 2 2 2 2 2 2 2
left_child=1 2 5 4 -3 6 -1 -2 9 10 11 -6
right_child=7 3 -4 -5 8 -7 -8 -9 -10 -11 -12 -13
leaf_value=0.0038409940499215594 0.061997245579804482 0.055327337128839887 0.015886066372165157 -0.047224085220347843 0.038029980741536323 -0.079598102743293389 -0.055540567194868995 0.014601863159155088 -0.027808716104017472 -0.012590339064901297 0.066477394704146875 -0.016806678057462752
leaf_weight=60 57 47 58 48 45 52 68 69 52 81 46 54
leaf_count=60 57 47 58 48 45 52 68 69 52 81 46 54
internal_value=-0.000669101 -0.00823979 -0.0284203 0.00463677 0.0122962 -0.0426967 -0.0277055 0.0360427 0.00502116 0.012575 0.0266328 0.00811909
internal_weight=737 611 238 373 325 180 128 126 278 226 145 99
internal_count=737 611 238 373 325 180 128 126 278 226 145 99
is_linear=0
shrinkage=0.0746787


Tree=23
num_leaves=12
num_cat=0
split_feature=2 10 9 0 0 2 1 7 0 10 6
split_gain=33.6375 35.4188 27.6961 27.0555 45.7787 29.8101 20.8217 37.2235 16.6579 20.0498 16.4797
threshold=14.950000000000005 0.54999999999999727 0.75000000000000011 24.650000000000002 31.950000000000003 12.299999999999999 58.400000000000006 4296.5000000000009 61.800000000000004 4.4500000000000037 13.450000000000001
decision_type=2 2 2 2 2 2 2 2 2 2 2
left_child=3 -2 -3 -1 -5 10 -4 -8 9 -9 -6
right_child=1 2 6 4 5 -7 7 8 -10 -11 -12
leaf_value=0.02248142799657929 -0.037201998447153731 -0.033432926399198724 0.063642318873812526 -0.092783206133643131 -0.015872627459234734 -0.05944866299309344 -0.039432210430741306 0.020478740170162362 0.0046231578278494636 0.077881840324982979 0.041808929042126831
leaf_weight=63 69 46 73 54 67 54 50 71 78 65 47
leaf_count=63 69 46 73 54 67 54 50 71 78 65 47
internal_value=-0.000619133 0.0120494 0.0209224 -0.020711 -0.0329684 -0.0137421 0.0283419 0.0185807 0.0321352 0.0479141 0.00790839
internal_weight=737 452 383 285 222 168 337 264 214 136 114
internal_count=737 452 383 285 222 168 337 264 214 136 114
is_linear=0
shrinkage=0.0746787


Tree=24
num_leaves=13
num_cat=0
split_feature=5 2 5 9 9 11 1 13 11 12 8 0
split_gain=40.1977 49.735 35.4654 31.961 24.2134 28.1872 23.1723 35.8473 21.8634 17.9256 15.2767 8.73834
threshold=0.29950000000000004 24.250000000000007 0.092500000000000013 2.1500000000000008 2.9500000000000033 3.964285714285714 82.700000000000003 2.1700338774237022 2.5500000000000012 1.5392857142857148 0.036500000000000005 52.650000000000013
decision_type=2 2 2 2 2 2 2 2 2 2 2 2
left_child=1 2 3 9 -3 -6 7 -5 -9 -1 -11 -12
right_child=-2 4 -4 6 5 -7 -8 8 -10 10 11 -13
leaf_value=-0.073288899842619507 -0.054873901377284838 0.087115639268333572 0.052236627094111379 0.054295422275623839 -0.017559883971966936 0.064709227030576327 -0.040926547573305883 0.02784077434071236 -0.030914437690810755 0.013048438158311611 -0.061625699810683894 -0.017195467360901284
leaf_weight=50 68 49 54 82 48 45 51 59 88 48 47 52
leaf_count=50 68 49 54 82 48 45 51 59 88 48 47 52
internal_value=-0.000154556 0.0053743 -0.00512395 -0.0116176 0.0446318 0.0222478 0.00459681 0.0147352 -0.00733241 -0.0346635 -0.0215255 -0.0382887
internal_weight=741 673 531 477 142 93 280 229 147 197 147 99
internal_count=741 673 531 477 142 93 280 229 147 197 147 99
is_linear=0
shrinkage=0.0746787


Tree=25
num_leaves=13
num_cat=0
split_feature=5 2 1 5 3 2 6 9 9 11 12 4
split_gain=34.4181 42.5841 30.7102 40.9062 39.9199 36.9713 28.6223 22.5469 20.732 24.1344 19.3867 11.6807
threshold=0.29950000000000004 24.250000000000007 83.200000000000003 0.092500000000000013 0.19337368024598431 11.300000000000004 12.950000000000001 2.4500000000000033 2.9500000000000033 3.964285714285714 2.3857142857142857 0.25829915227078726
decision_type=2 2 2 2 2 2 2 2 2 2 2 2
left_child=1 2 3 4 5 -1 -7 11 -3 -10 -9 -6
right_child=-2 8 -4 -5 7 6 -8 10 9 -11 -12 -13
leaf_value=-0.026501213213326904 -0.050775998086689006 0.080609975387907776 -0.050829751348778637 0.068279364531050171 -0.020911633492736198 0.066152184518005086 -0.0060292161548601113 0.034981289146562414 -0.016248537527949056 0.059876841964610843 -0.034338343787726378 -0.068178804486067043
leaf_weight=68 68 49 70 47 49 88 47 45 48 45 45 72
leaf_count=68 68 49 70 47 49 88 47 45 48 45 45 72
internal_value=-0.000143014 0.00497296 -0.0047413 0.00225696 -0.00523836 0.0184036 0.0410224 -0.027984 0.0412988 0.0205864 0.000321473 -0.0490376
internal_weight=741 673 531 461 414 203 135 211 142 93 90 121
internal_count=741 673 531 461 414 203 135 211 142 93 90 121
is_linear=0
shrinkage=0.0746787


Tree=26
num_leaves=13
num_cat=0
split_feature=5 2 1 5 3 13 13 9 9 11 12 3
split_gain=29.4694 36.4613 26.2947 35.0247 34.1802 34.576 43.1595 19.3051 17.7512 20.6644 16.5992 10.4333
threshold=0.29950000000000004 24.250000000000007 83.200000000000003 0.092500000000000013 0.19337368024598431 2.199403865466687 2.7930177577615458 2.4500000000000033 2.9500000000000033 3.964285714285714 2.3857142857142857 0.82414472752956958
decision_type=2 2 2 2 2 2 2 2 2 2 2 2
left_child=1 2 3 4 5 -1 -7 11 -3 -10 -9 -6
right_child=-2 8 -4 -5 7 6 -8 10 9 -11 -12 -13
leaf_value=0.06045511003239757 -0.046984120266641206 0.074590143816250842 -0.047033859764262401 0.063180366350847603 -0.063777721314606864 -0.057365917058759965 0.029102291385228584 0.032368939284185473 -0.01503512208385133 0.055405330268043382 -0.031774006406395466 -0.01924434325549286
leaf_weight=68 68 49 70 47 71 53 82 45 48 45 45 50
leaf_count=68 68 49 70 47 71 53 82 45 48 45 45 50
internal_value=-0.000132333 0.00460159 -0.00438723 0.00208841 -0.00484717 0.0170293 -0.00484451 -0.0258942 0.0382147 0.019049 0.000297466 -0.0453755
internal_weight=741 673 531 461 414 203 135 211 142 93 90 121
internal_count=741 673 531 461 414 203 135 211 142 93 90 121
is_linear=0
shrinkage=0.0746787


Tree=27
num_leaves=13
num_cat=0
split_feature=7 2 3 4 2 2 4 6 9 3 9 4
split_gain=32.1772 28.5576 33.4159 30.3933 44.7214 24.0346 52.9523 19.3111 13.5449 22.1318 9.89967 9.38972
threshold=963.50000000000011 26.600000000000001 0.65233619298682533 0.054805126479326859 13.899999999999997 16.250000000000007 0.41202506375868281 14.450000000000001 5.1500000000000012 -0.33425342068356551 2.3999999999999999 -0.15950993297387567
decision_type=2 2 2 2 2 2 2 2 2 2 2 2
left_child=-1 2 5 -4 -5 7 8 10 9 -7 -2 -3
right_child=1 11 3 4 -6 6 -8 -9 -10 -11 -12 -13
leaf_value=-0.057973984593196345 0.026957975838144698 0.065536249241105959 0.0052157351874728098 0.0021316899035338441 -0.096006014221722322 -0.039319475609960464 0.095617075990231545 -0.051152255609073723 0.040127182091484213 0.02591923499331214 -0.012483744007623305 0.018053267406487036
leaf_weight=50 62 48 87 45 61 58 49 46 49 58 83 45
leaf_count=50 62 48 87 45 61 58 49 46 49 58 83 45
internal_value=-0.000122451 0.00406363 -0.00192337 -0.0274958 -0.0543438 0.010263 0.0274499 -0.00899353 0.00720619 -0.00670013 0.004381 0.0425607
internal_weight=741 691 598 193 106 405 214 191 165 116 145 93
internal_count=741 691 598 193 106 405 214 191 165 116 145 93
is_linear=0
shrinkage=0.0746787


Tree=28
num_leaves=14
num_cat=0
split_feature=7 6 6 3 8 4 0 0 9 13 0 1 3
split_gain=27.5507 25.7957 49.4665 32.2516 41.8452 29.5577 38.3185 30.4403 22.1908 13.5086 13.0699 8.67987 7.37705
threshold=963.50000000000011 18.450000000000003 16.350000000000005 0.24372619187392147 0.033500000000000009 0.69521084835931835 42.400000000000006 33.250000000000007 4.2500000000000009 2.5318447898648624 61.050000000000004 78.750000000000014 0.75014288946266361
decision_type=2 2 2 2 2 2 2 2 2 2 2 2 2
left_child=-1 2 3 4 -2 6 7 -5 9 11 -10 -6 -8
right_child=1 -3 -4 5 8 -7 12 -9 10 -11 -12 -13 -14
leaf_value=-0.053644573794656154 0.087535692368401516 0.053317015882017954 -0.068819358344887088 -0.0043379563341429221 0.03333884659329267 -0.064131025232458838 -0.015742105382745033 0.075305164025705543 0.055176553957597713 -0.035353742013114406 0.0038722684641107875 -0.010441567364808455 -0.05718117910276875
leaf_weight=50 46 54 54 64 46 52 50 46 72 60 45 56 46
leaf_count=50 46 54 54 64 46 52 50 46 72 60 45 56 46
internal_value=-0.000113306 0.00376017 -0.000440894 0.00589263 0.0215423 -0.0138211 -0.00112151 0.0289674 0.0106617 -0.00723683 0.0354442 0.00930256 -0.0355984
internal_weight=741 691 637 583 325 258 206 110 279 162 117 102 96
internal_count=741 691 637 583 325 258 206 110 279 162 117 102 96
is_linear=0
shrinkage=0.0746787


Tree=29
num_leaves=12
num_cat=0
split_feature=11 0 0 6 7 3 6 4 10 0 0
split_gain=26.7222 28.9636 106.29 17.29 17.0038 45.1869 26.3395 23.7978 17.5872 16.6648 21.8629
threshold=0.56428571428571483 31.350000000000005 24.650000000000002 12.950000000000001 4248.0000000000009 0.88621069759564464 15.15 -0.29342786347392819 3.2500000000000004 54.350000000000001 64.850000000000009
decision_type=2 2 2 2 2 2 2 2 2 2 2
left_child=-1 2 3 -2 5 8 7 9 -3 -6 -11
right_child=1 4 -4 -5 6 -7 -8 -9 -10 10 -12
leaf_value=0.054389851507725663 0.051167377669677674 0.034704514041836401 -0.10515999150320518 -0.013235750403185474 -0.042622527352818164 -0.068749422875536134 0.060478519894455927 0.044386458975025161 -0.015017372242172167 0.034630180115004107 -0.024195760198389621
leaf_weight=47 47 76 65 46 55 57 59 65 83 72 69
leaf_count=47 47 76 65 46 55 57 59 65 83 72 69
internal_value=-0.000104844 -0.00379542 -0.0318948 0.0193121 0.00448762 -0.011702 0.0154156 0.00522892 0.00874907 -0.00775703 0.00584302
internal_weight=741 694 158 93 536 216 320 261 159 196 141
internal_count=741 694 158 93 536 216 320 261 159 196 141
is_linear=0
shrinkage=0.0746787


Tree=30
num_leaves=12
num_cat=0
split_feature=5 5 2 9 0 3 12 2 7 8 7
split_gain=24.754 31.341 27.3573 23.1452 23.3395 23.6322 19.6719 19.507 18.5668 36.4417 14.5384
threshold=0.29950000000000004 0.092500000000000013 11.300000000000004 4.2999999999999998 61.250000000000007 0.45273815774107123 2.1178571428571438 24.750000000000004 3190.0000000000005 0.095500000000000015 7203.0000000000009
decision_type=2 2 2 2 2 2 2 2 2 2 2
left_child=1 2 6 7 5 -5 -1 8 -4 -10 -11
right_child=-2 -3 3 4 -6 -7 -8 -9 9 10 -12
leaf_value=0.0042171636851595197 -0.040432162981972761 0.057443568420068467 0.017433960151457685 0.075671896547449935 -0.013819385312557561 0.0088086789728217298 -0.055279736879404302 0.033724520534446793 -0.0813469054850217 -0.02330895562684758 0.029144478284371049
leaf_weight=55 68 62 85 74 45 49 71 68 47 82 46
leaf_count=55 68 62 85 74 45 49 71 68 47 82 46
internal_value=0.00253967 0.00681173 0.00176482 0.00965855 0.0321993 0.0490354 -0.0293089 -0.00188671 -0.0112004 -0.0251086 -0.00445849
internal_weight=752 684 622 496 168 123 126 328 260 175 128
internal_count=752 684 622 496 168 123 126 328 260 175 128
is_linear=0
shrinkage=0.0746787


Tree=31
num_leaves=13
num_cat=0
split_feature=12 6 4 6 4 2 10 7 13 6 10 13
split_gain=23.3366 27.511 46.5609 41.1943 38.5873 32.0413 34.9572 31.1815 26.8176 31.7087 19.6187 16.0468
threshold=1.0821428571428575 9.1500000000000004 0.0032254414201910004 16.950000000000003 -0.34234976856068172 11.300000000000004 1.7999999999999987 3319.5000000000005 1.632681105899453 12.050000000000002 3.9500000000000033 2.406538612154919
decision_type=2 2 2 2 2 2 2 2 2 2 2 2
left_child=-1 7 4 5 8 -4 -7 -2 -3 -10 -8 -11
right_child=1 2 3 -5 -6 6 10 -9 9 11 -12 -13
leaf_value=0.053300898587227315 0.079231489671637054 -0.052053384724216868 -0.052351500645092072 -0.088125741973086077 0.062352565940408271 -0.04020100886496572 0.068280785169673661 0.0033602316229981105 -0.025249587119651175 0.071878767705661942 -0.0010725582573637101 0.010463502130827853
leaf_weight=47 46 47 85 54 68 58 46 88 73 46 45 49
leaf_count=47 46 47 85 54 68 58 46 88 73 46 45 49
internal_value=0.00235001 -0.00104672 -0.00819317 -0.0293322 0.0133194 -0.0157645 0.00510735 0.0294056 -0.0021888 0.0117614 0.0339852 0.0402015
internal_weight=752 705 571 288 283 234 149 134 215 168 91 95
internal_count=752 705 571 288 283 234 149 134 215 168 91 95
is_linear=0
shrinkage=0.0746787


Tree=32
num_leaves=12
num_cat=0
split_feature=5 5 9 6 2 7 10 10 6 0 4
split_gain=20.2881 27.0653 24.2927 20.5553 18.9634 14.5992 13.363 16.8331 20.8684 11.1383 10.4038
threshold=0.29950000000000004 0.062000000000000006 3.7500000000000004 10.950000000000001 8.9000000000000021 5807.5000000000009 4.549999999999998 2.2500000000000004 10.750000000000002 48.150000000000013 0.28313308994381586
decision_type=2 2 2 2 2 2 2 2 2 2 2
left_child=1 2 4 5 -1 -4 7 8 -6 -5 -10
right_child=-2 -3 3 9 6 -7 -8 -9 10 -11 -12
leaf_value=-0.054083595378497613 -0.036728369026145291 0.044451491609297344 0.068965297148703461 0.018517996164812388 -0.052630882625478513 0.013677312893678328 -0.032854595258326139 0.030045907346721922 0.034365079629143098 -0.025806618260608087 -0.013485859123393003
leaf_weight=51 68 89 57 71 47 50 73 86 45 57 58
leaf_count=51 68 89 57 71 47 50 73 86 45 57 58
internal_value=0.00217452 0.00604206 0.000296777 0.0189732 -0.0118948 0.0431298 -0.00493154 0.0037057 -0.011396 -0.00122031 0.00741991
internal_weight=752 684 595 235 360 107 309 236 150 128 103
internal_count=752 684 595 235 360 107 309 236 150 128 103
is_linear=0
shrinkage=0.0746787


Tree=33
num_leaves=13
num_cat=0
split_feature=12 6 4 6 4 7 10 2 13 6 4 8
split_gain=20.1086 23.3876 39.2006 34.9233 31.8239 27.6559 27.636 26.5837 22.9342 27.1137 18.9843 13.8638
threshold=1.0821428571428575 9.1500000000000004 0.0032254414201910004 16.950000000000003 -0.34234976856068172 3319.5000000000005 0.95000000000000295 10.550000000000002 1.632681105899453 12.050000000000002 0.42763731121559989 0.18950000000000003
decision_type=2 2 2 2 2 2 2 2 2 2 2 2
left_child=-1 5 4 6 8 -2 -4 -8 -3 -10 -9 -11
right_child=1 2 3 -5 -6 -7 7 10 9 11 -12 -13
leaf_value=0.049308065010547367 0.073861221745264688 -0.048187729577423399 -0.056461415365708915 -0.081260302251164415 0.056538217662278373 0.0024078510340717831 -0.04463662769304997 -0.017498918110909964 -0.023398384480016531 0.0088952308609955323 0.043593876388461732 0.065955041190836325
leaf_weight=47 46 47 64 54 68 88 50 46 73 48 74 47
leaf_count=47 46 47 64 54 68 88 50 46 73 48 74 47
internal_value=0.00201213 -0.00114094 -0.00773009 -0.0271265 0.012009 0.0269367 -0.0146341 0.00111272 -0.00207464 0.0108261 0.020175 0.0371249
internal_weight=752 705 571 288 283 134 234 170 215 168 120 95
internal_count=752 705 571 288 283 134 234 170 215 168 120 95
is_linear=0
shrinkage=0.0746787


Tree=34
num_leaves=13
num_cat=0
split_feature=7 6 6 5 9 3 1 2 4 1 4 0
split_gain=19.1127 27.8631 32.7447 19.5817 19.2668 20.2831 18.0465 15.2556 17.6141 25.3953 14.5087 14.4898
threshold=943.00000000000011 18.450000000000003 16.350000000000005 0.083500000000000005 4.2999999999999998 0.24372619187392147 77.550000000000011 24.750000000000004 0.67007489853957602 55.050000000000004 -0.6391983530350368 19.350000000000005
decision_type=2 2 2 2 2 2 2 2 2 2 2 2
left_child=-1 2 3 4 7 6 -6 8 9 -2 -11 -10
right_child=1 -3 -4 -5 5 -7 -8 -9 11 10 -12 -13
leaf_value=-0.045328321705338036 0.031552733804430612 0.054928889327074008 -0.056967838793610955 0.040007620799776197 0.07002078136654287 -0.017957936122641249 0.010513051249123807 0.026074789078227256 -0.013576862106360591 -0.0038694430185152906 -0.054295472758806168 -0.072534648492609766
leaf_weight=45 72 57 51 79 54 51 60 56 46 82 52 47
leaf_count=45 72 57 51 79 54 51 60 56 46 82 52 47
internal_value=0.00186186 0.00486549 0.000475306 0.00536614 0.000103286 0.0211882 0.038701 -0.00969676 -0.0163965 -0.00421779 -0.0234378 -0.0433728
internal_weight=752 707 650 599 520 165 114 355 299 206 134 93
internal_count=752 707 650 599 520 165 114 355 299 206 134 93
is_linear=0
shrinkage=0.0746787


Tree=35
num_leaves=12
num_cat=0
split_feature=0 0 0 4 6 6 3 0 3 10 9
split_gain=18.0744 72.9797 26.0333 34.0044 24.0545 22.7237 14.0613 11.6474 17.777 13.0833 13.3579
threshold=23.450000000000003 31.350000000000005 40.750000000000007 0.011826144619637501 13.450000000000001 16.050000000000004 0.10837544681456417 68.250000000000014 0.2603727204637144 2.7999999999999989 4.2500000000000009
decision_type=2 2 2 2 2 2 2 2 2 2 2
left_child=6 -2 4 5 -3 7 -1 8 9 -4 -11
right_child=1 2 3 -5 -6 -7 -8 -9 -10 10 -12
leaf_value=0.061093779710583877 -0.070321402108227168 0.0053736452648994277 0.053492500175822202 -0.046981191078212609 0.063880680524775829 0.056369776774551787 0.0073080508063991306 -0.035616457317401283 -0.020305194454897615 -0.022254080146940764 0.03404898637952164
leaf_weight=46 79 86 49 81 72 45 66 45 89 47 47
leaf_count=46 79 86 49 81 72 45 66 45 89 47 47
internal_value=0.00172282 -0.00312046 0.00634279 -0.00373013 0.0320351 0.00714981 0.0293987 -0.000846239 0.005898 0.0222063 0.00589746
internal_weight=752 640 561 403 158 322 112 277 232 143 94
internal_count=752 640 561 403 158 322 112 277 232 143 94
is_linear=0
shrinkage=0.0746787


Tree=36
num_leaves=13
num_cat=0
split_feature=13 9 8 6 4 13 0 6 13 9 13 9
split_gain=25.0101 23.0429 22.3031 20.2062 37.4137 36.5286 22.7463 20.4899 29.3271 16.0504 17.7598 15.5409
threshold=2.1634957636539713 3.4000000000000026 0.12650000000000003 14.350000000000003 -0.03976928634766979 3.0265885035660691 21.550000000000004 12.750000000000002 2.6090496068036679 1.2500000000000002 1.7159607406298947 3.7500000000000004
decision_type=2 2 2 2 2 2 2 2 2 2 2 2
left_child=1 9 -3 6 -5 -6 -2 8 -8 -1 -11 -10
right_child=3 2 -4 4 5 -7 7 -9 11 10 -12 -13
leaf_value=0.031462735133003614 0.043273633026810546 0.076473248245194997 0.014519412505143927 0.013766544913528909 -0.009608575619807715 -0.098938658776567365 -0.059262540072007645 0.030680898238844848 -0.022069847108475912 -0.054548501591719582 0.010386564283702457 0.030771963023322333
leaf_weight=45 54 52 86 60 45 59 72 54 73 48 46 54
leaf_count=45 54 52 86 60 45 59 72 54 73 48 46 54
internal_value=-0.00155881 0.0162475 0.0378644 -0.0120309 -0.0331938 -0.0602863 -0.000725627 -0.0101168 -0.0211875 -0.00521384 -0.0227718 0.000398333
internal_weight=748 277 138 471 164 104 307 253 199 139 94 127
internal_count=748 277 138 471 164 104 307 253 199 139 94 127
is_linear=0
shrinkage=0.0746787


Tree=37
num_leaves=12
num_cat=0
split_feature=13 9 10 4 0 0 0 4 13 0 13
split_gain=21.4142 19.7298 20.8071 17.5049 24.3506 41.8267 19.9316 28.8623 15.7718 14.9249 8.0503
threshold=2.1634957636539713 3.4000000000000026 2.4500000000000033 0.94066717844141279 26.050000000000004 32.350000000000009 40.20000000000001 -0.091258822863740582 2.9547361644030516 58.350000000000001 2.5847998806793062
decision_type=2 2 2 2 2 2 2 2 2 2 2
left_child=1 2 -1 4 -2 -6 -7 8 10 -3 -8
right_child=3 9 -4 -5 5 6 7 -9 -10 -11 -12
leaf_value=0.022254731026021265 0.039468629757411396 0.054133747486035784 -0.035653102720631075 -0.046795754563358237 -0.070090398181352362 0.0323370402096207 0.0093329775828127175 -0.059832777636335738 0.040218874763956892 0.0034531482794625651 -0.030412002528892312
leaf_weight=74 58 86 65 66 59 74 54 54 46 52 60
leaf_count=74 58 86 65 66 59 74 54 54 46 52 60
internal_value=-0.0014424 0.0150342 -0.00482448 -0.0111324 -0.00532064 -0.012807 -0.00107188 -0.0126245 0.00330832 0.0350367 -0.0115854
internal_weight=748 277 139 471 405 347 288 214 160 138 114
internal_count=748 277 139 471 405 347 288 214 160 138 114
is_linear=0
shrinkage=0.0746787


Tree=38
num_leaves=13
num_cat=0
split_feature=13 9 9 6 4 13 8 6 13 9 0 8
split_gain=18.3352 18.0329 26.4016 16.9146 29.5983 30.9242 19.648 22.0526 19.7141 21.4139 13.7501 15.1415
threshold=2.1634957636539713 2.4500000000000033 1.2999999999999992 14.350000000000003 -0.03976928634766979 3.0265885035660691 0.022500000000000003 12.550000000000002 2.6090496068036679 3.7500000000000004 57.550000000000004 0.12650000000000003
decision_type=2 2 2 2 2 2 2 2 2 2 2 2
left_child=1 2 -1 6 -5 -6 -2 8 -8 -10 11 -3
right_child=3 10 -4 4 5 -7 7 -9 9 -11 -12 -13
leaf_value=0.02732345663882968 0.045043972759513773 0.070813040537574853 -0.051418072944317897 0.012104808338348091 -0.007132669138584115 -0.089324810732279145 -0.052411825048871874 0.028681625246310984 -0.028556241904713925 0.034881935414841095 0.0014096003315269112 0.016137930934042529
leaf_weight=47 46 57 48 60 45 59 70 68 73 50 69 56
leaf_count=47 46 57 48 60 45 59 70 68 73 50 69 56
internal_value=-0.00133468 0.0139115 -0.0124618 -0.0103011 -0.0296637 -0.053761 4.24773e-05 -0.00788884 -0.0207738 -0.00276835 0.0276777 0.0437175
internal_weight=748 277 95 471 164 104 307 261 193 123 182 113
internal_count=748 277 95 471 164 104 307 261 193 123 182 113
is_linear=0
shrinkage=0.0746787


Tree=39
num_leaves=13
num_cat=0
split_feature=12 3 7 1 3 0 9 12 13 10 13 2
split_gain=16.9832 23.7218 33.9724 27.0211 20.7385 26.6502 20.2757 20.4973 18.6848 18.695 17.5916 15.628
threshold=1.0821428571428575 0.14250626876356548 3801.0000000000005 53.95000000000001 -0.074117382312902935 64.850000000000009 5.7500000000000009 3.382142857142858 2.5847998806793062 3.7500000000000004 2.6939084360562013 18.450000000000003
decision_type=2 2 2 2 2 2 2 2 2 2 2 2
left_child=-1 4 3 10 5 6 7 -2 9 -4 -3 -9
right_child=1 2 8 -5 -6 -7 -8 11 -10 -11 -12 -13
leaf_value=0.040808409133569229 0.030983033544659387 0.0096375749588829811 -0.0046905374302122641 -0.09275743089389428 0.055440704705157592 -0.04053302849723877 0.05027796629790264 0.0054162972054524368 -0.025939918045617433 0.059215772348320428 -0.054665839754995213 -0.047889794082491659
leaf_weight=50 79 46 59 47 46 66 61 71 75 45 49 54
leaf_count=50 79 46 59 47 46 66 61 71 75 45 49 54
internal_value=-0.00123501 -0.00424672 -0.0191665 -0.046443 0.00845682 0.00192732 0.0125024 0.0012067 0.00247194 0.0229613 -0.0235295 -0.017612
internal_weight=748 698 321 142 377 331 265 204 179 104 95 125
internal_count=748 698 321 142 377 331 265 204 179 104 95 125
is_linear=0
shrinkage=0.0746787


Tree=40
num_leaves=13
num_cat=0
split_feature=2 8 13 8 3 6 3 3 9 3 13 11
split_gain=14.846 16.9801 26.3205 16.802 17.5295 12.1355 12.6149 14.3117 19.9057 18.5908 10.0398 7.99
threshold=16.250000000000007 0.046500000000000007 2.0827513391236505 0.11499999999999996 -0.33425342068356551 8.9500000000000011 0.80417553764032002 0.15951094710994368 4.049999999999998 -0.55657520495441892 1.7742823712102063 3.7785714285714298
decision_type=2 2 2 2 2 2 2 2 2 2 2 2
left_child=5 -2 10 -4 -5 -1 7 8 9 -7 11 -3
right_child=1 2 3 4 -6 6 -8 -9 -10 -11 -12 -13
leaf_value=0.022869105246452165 0.050336934413194485 -0.0088686285630175023 -0.04380105263826458 -0.03094982849045836 0.024250527052647169 0.0022625977203757338 0.0083721626553221861 -0.054556659686707393 0.023033951728197031 -0.062199636518206314 0.052166618376962882 0.034715581611403507
leaf_weight=47 48 49 71 55 77 45 76 71 53 56 55 45
leaf_count=47 48 49 71 55 77 45 76 71 53 56 55 45
internal_value=-0.00114278 0.0086704 0.00298858 -0.0145066 0.00125037 -0.0124223 -0.0179329 -0.0268182 -0.0140297 -0.0334789 0.0268242 0.0119962
internal_weight=748 400 352 203 132 348 301 225 154 101 149 94
internal_count=748 400 352 203 132 348 301 225 154 101 149 94
is_linear=0
shrinkage=0.0746787


Tree=41
num_leaves=13
num_cat=0
split_feature=12 3 6 7 1 10 6 13 13 13 7 1
split_gain=15.2741 20.2284 29.8554 27.4967 23.2054 15.8795 27.3128 15.2084 20.3405 14.9394 11.5792 11.1811
threshold=1.0821428571428575 0.14250626876356548 14.450000000000001 3801.0000000000005 53.95000000000001 2.7500000000000004 14.65 2.801530192831867 2.4218252366052844 2.6939084360562013 3632.0000000000005 85.850000000000009
decision_type=2 2 2 2 2 2 2 2 2 2 2 2
left_child=-1 2 7 4 9 -5 -7 8 10 -3 -2 -12
right_child=1 3 -4 5 -6 6 -8 -9 -10 -11 11 -13
leaf_value=0.038814310486229055 0.048150496051003668 0.0095682985138412398 -0.037387082098691043 -0.022689613928994327 -0.085150468106771696 -0.015082580250356475 0.06391468575000861 0.044282466700724922 -0.036332490449927014 -0.04968969928009017 -0.013574002174294084 0.031564090475469535
leaf_weight=50 53 46 67 81 47 52 46 86 47 49 69 55
leaf_count=50 53 46 67 81 47 52 46 86 47 49 69 55
internal_value=-0.00105744 -0.00391359 0.00781732 -0.017691 -0.0422305 0.00177612 0.0219978 0.0175873 0.00733826 -0.0209964 0.0189345 0.00644694
internal_weight=748 698 377 321 142 179 98 310 224 95 177 124
internal_count=748 698 377 321 142 179 98 310 224 95 177 124
is_linear=0
shrinkage=0.0746787


Tree=42
num_leaves=13
num_cat=0
split_feature=11 7 11 0 4 0 0 7 4 10 5 9
split_gain=22.1892 28.2074 20.4716 20.6432 22.8195 22.0088 23.2978 14.7805 20.7455 12.9486 10.1715 23.2728
threshold=0.80714285714285683 1129.5000000000002 1.8500000000000008 42.400000000000006 0.011826144619637501 32.600000000000009 25.000000000000004 7221.5000000000009 -0.29342786347392819 1.2500000000000002 0.030000000000000002 4.400000000000003
decision_type=2 2 2 2 2 2 2 2 2 2 2 2
left_child=-1 -2 9 5 7 6 -4 8 10 -3 11 -5
right_child=1 2 3 4 -6 -7 -8 -9 -10 -11 -12 -13
leaf_value=0.044763834180020438 -0.051511187000579828 0.001069338447937938 0.042631971875900919 -0.055903047549106855 -0.048214816045436315 0.062900961633584662 -0.029915188775718818 0.037070011898636013 0.040583748952012041 -0.05223843324257272 0.010057920439853835 0.01222270090181681
leaf_weight=64 57 48 52 67 49 70 47 69 49 54 62 48
leaf_count=64 57 48 52 67 49 70 47 69 49 54 62 48
internal_value=0.00274702 -0.0012546 0.00340334 0.00947877 -0.00102127 0.0308516 0.0081904 0.00681768 -0.00241866 -0.0271525 -0.0143233 -0.027468
internal_weight=736 672 615 513 344 169 99 295 226 102 177 115
internal_count=736 672 615 513 344 169 99 295 226 102 177 115
is_linear=0
shrinkage=0.0746787


Tree=43
num_leaves=13
num_cat=0
split_feature=0 0 10 0 11 11 13 6 9 12 10 6
split_gain=19.3309 55.424 13.1863 11.5336 14.5855 19.2164 11.8146 19.1152 24.3004 15.5041 12.4953 8.13602
threshold=22.400000000000002 31.000000000000004 2.0500000000000012 69.200000000000003 4.378571428571429 4.8142857142857141 2.8773742455924718 11.850000000000003 3.2500000000000004 2.2928571428571436 2.2000000000000015 9.5500000000000025
decision_type=2 2 2 2 2 2 2 2 2 2 2 2
left_child=2 -2 -1 4 6 -6 7 10 -9 -8 -3 -12
right_child=1 3 -4 -5 5 -7 9 8 -10 -11 11 -13
leaf_value=0.05830834785819216 -0.067769516571956789 -0.025705221724919652 0.0061107884101922446 -0.031203534149175136 -0.050621934292984214 0.010535756944235608 0.02886621417976639 0.016683889230089535 0.080660548644465951 -0.026125759579399829 0.042009040730298902 -0.0019417642829418407
leaf_weight=53 65 50 55 45 49 69 47 79 57 73 48 46
leaf_count=53 65 50 55 45 49 69 47 79 57 73 48 46
internal_value=0.00254187 -0.00247711 0.0317263 0.0050611 0.00821151 -0.0148603 0.0150177 0.0234198 0.0434977 -0.00458723 0.00445731 0.0205012
internal_weight=736 628 108 563 518 118 400 280 136 120 144 94
internal_count=736 628 108 563 518 118 400 280 136 120 144 94
is_linear=0
shrinkage=0.0746787


Tree=44
num_leaves=13
num_cat=0
split_feature=11 7 11 10 0 10 7 13 13 13 10 3
split_gain=18.123 23.7029 17.3287 20.7186 28.9697 41.6578 20.1489 19.2899 13.8936 16.0736 11.0796 5.9413
threshold=0.80714285714285683 1129.5000000000002 1.8500000000000008 0.54999999999999727 42.400000000000006 4.2500000000000009 7221.5000000000009 1.5461934653728251 2.0481067719689166 2.8610687313859295 1.2500000000000002 -0.63921128368950708
decision_type=2 2 2 2 2 2 2 2 2 2 2 2
left_child=-1 -2 10 -4 5 -5 7 -6 -9 11 -3 -10
right_child=1 2 3 4 6 -7 -8 8 9 -11 -12 -13
leaf_value=0.040324365583975959 -0.047333719186998843 0.0009985682897080165 -0.034277724249377597 0.077213431080428371 -0.0470966948042408 -0.0081530941225513767 0.039707354130117709 0.034031669716212687 -0.045983423490223961 0.027084618595273533 -0.048312061387996791 -0.0096844861393577484
leaf_weight=64 57 48 56 80 54 53 63 58 45 47 54 57
leaf_count=64 57 48 56 80 54 53 63 58 45 47 54 57
internal_value=0.00235205 -0.00126437 0.00300548 0.00859512 0.0138487 0.0431952 0.00180212 -0.00734744 0.00302195 -0.00904896 -0.0251071 -0.0256988
internal_weight=736 672 615 513 457 133 324 261 207 149 102 102
internal_count=736 672 615 513 457 133 324 261 207 149 102 102
is_linear=0
shrinkage=0.0746787


Tree=45
num_leaves=12
num_cat=0
split_feature=12 6 0 1 10 0 13 8 2 2 0
split_gain=16.3019 23.0729 15.3772 37.1861 18.8174 29.4571 10.464 9.48485 11.3022 17.0737 10.7575
threshold=1.0821428571428575 17.650000000000002 24.650000000000002 42.050000000000004 0.95000000000000295 40.20000000000001 2.5051836347985361 0.22150000000000003 24.550000000000001 21.150000000000009 58.850000000000001
decision_type=2 2 2 2 2 2 2 2 2 2 2
left_child=-1 2 -2 -4 -5 6 -6 8 9 10 -7
right_child=1 -3 3 4 5 7 -8 -9 -10 -11 -12
leaf_value=0.043792036909194747 0.033772575533889147 -0.039032945729124878 -0.064775669443650916 -0.028301612676926199 0.072624683621031139 0.0086507335224054443 0.023566250755349523 0.029644523177176196 -0.03640643028922888 0.042607106827253813 -0.030882271001190478
leaf_weight=49 84 78 46 77 48 85 49 52 52 46 70
leaf_count=49 84 78 46 77 48 85 49 52 52 46 70
internal_value=0.0021764 -0.000791826 0.00410606 -0.000640591 0.00551854 0.0119965 0.0478427 0.000596272 -0.00537413 0.00265414 -0.00920289
internal_weight=736 687 609 525 479 402 97 305 253 201 155
internal_count=736 687 609 525 479 402 97 305 253 201 155
is_linear=0
shrinkage=0.0746787


Tree=46
num_leaves=12
num_cat=0
split_feature=6 4 6 6 5 6 9 6 4 12 0
split_gain=14.6698 21.8518 19.6451 31.007 11.9724 31.8794 12.9145 15.6806 15.3476 19.2601 6.73059
threshold=8.0500000000000025 0.94066717844141279 18.450000000000003 16.350000000000005 0.062000000000000006 13.050000000000002 3.7500000000000004 10.950000000000001 0.66367808336324663 2.6428571428571437 54.600000000000009
decision_type=2 2 2 2 2 2 2 2 2 2 2
left_child=-1 2 3 4 6 -6 8 -8 9 -2 -11
right_child=1 -3 -4 -5 5 -7 7 -9 -10 10 -12
leaf_value=0.03772778833622438 0.025294211190827875 -0.040295557862557563 0.044823635295716376 -0.057568059317613642 -0.014944127674985225 0.072975804627365276 0.037331196009539561 -0.0083120594792053821 -0.048759521069809568 -0.04372187137862197 -0.0062039567464246834
leaf_weight=59 81 71 58 49 46 46 86 82 50 48 60
leaf_count=59 81 71 58 49 46 46 86 82 50 48 60
internal_value=0.00201387 -0.00109857 0.00349382 -0.000880515 0.00468601 0.0290159 -0.000813623 0.015053 -0.0119667 -0.00223312 -0.0228786
internal_weight=736 677 606 548 499 92 407 168 239 189 108
internal_count=736 677 606 548 499 92 407 168 239 189 108
is_linear=0
shrinkage=0.0746787


Tree=47
num_leaves=12
num_cat=0
split_feature=0 0 1 1 2 7 3 13 6 13 9
split_gain=14.5496 43.7146 20.2165 14.0243 22.9957 18.4211 25.4983 12.0588 26.9918 30.7097 14.1618
threshold=22.400000000000002 31.000000000000004 28.250000000000004 53.150000000000013 11.85 4248.0000000000009 0.37446826358596375 1.5461934653728251 12.050000000000002 2.5318447898648624 3.7500000000000004
decision_type=2 2 2 2 2 2 2 2 2 2 2
left_child=2 -2 -1 4 -3 6 -5 -7 10 -10 -9
right_child=1 3 -4 5 -6 7 -8 8 9 -11 -12
leaf_value=-0.0017162456937483426 -0.060477320605156239 0.00012368397751974608 0.063306422074271049 0.0025838496363713827 0.069145248421868838 -0.021548187481414797 -0.060847482532545259 -0.031191462848930197 0.080297408883127044 0.00030992763096709329 0.016735254349380026
leaf_weight=60 65 67 48 86 45 59 60 65 59 49 73
leaf_count=60 65 67 48 86 45 59 60 65 59 49 73
internal_value=0.00186348 -0.0024908 0.0271828 0.00420393 0.0278556 -0.00166967 -0.0234839 0.00877254 0.0160446 0.0440068 -0.00583893
internal_weight=736 628 108 563 112 451 146 305 246 108 138
internal_count=736 628 108 563 112 451 146 305 246 108 138
is_linear=0
shrinkage=0.0746787


Tree=48
num_leaves=13
num_cat=0
split_feature=2 4 6 2 10 4 1 3 2 13 13 13
split_gain=13.0113 24.718 24.3885 15.3567 32.1638 14.2562 24.3823 17.5593 9.8877 9.01221 21.793 12.4143
threshold=16.250000000000007 0.71952396275653763 8.9500000000000011 28.700000000000003 1.0499999999999974 0.59003219687534991 56.550000000000004 -0.26866367175705824 10.750000000000002 2.0827513391236505 2.7105165088073213 1.5461934653728251
decision_type=2 2 2 2 2 2 2 2 2 2 2 2
left_child=2 3 -1 4 -2 6 -4 -8 -7 11 -11 -6
right_child=1 -3 5 -5 9 8 7 -9 -10 10 -12 -13
leaf_value=0.036997424522438135 -0.058800879600763377 0.059099140351408987 0.0257123730073677 0.0349620291867331 -0.0042439407743239546 -0.060553666150251186 0.00076453126665159093 -0.06345130231264963 -0.018534751016789423 -0.034527760828892196 0.026910269392253394 0.047862071182911477
leaf_weight=47 54 45 73 59 51 64 47 48 61 74 57 51
leaf_count=47 54 45 73 59 51 64 47 48 61 74 57 51
internal_value=-0.0022566 0.00703411 -0.0129409 0.000262629 -0.00687071 -0.0209515 -0.00674244 -0.0316814 -0.0400485 0.00516464 -0.00779518 0.0218091
internal_weight=731 391 340 346 287 293 168 95 125 233 131 102
internal_count=731 391 340 346 287 293 168 95 125 233 131 102
is_linear=0
shrinkage=0.0746787


Tree=49
num_leaves=12
num_cat=0
split_feature=12 12 0 0 1 8 1 0 6 0 8
split_gain=23.9367 23.7781 21.0425 26.37 18.3259 22.2661 21.0664 17.1388 20.1758 15.6185 6.3617
threshold=1.0821428571428575 1.4678571428571432 24.650000000000002 32.600000000000009 57.95000000000001 0.11499999999999996 51.050000000000004 64.850000000000009 14.550000000000002 54.350000000000001 0.18950000000000003
decision_type=2 2 2 2 2 2 2 2 2 2 2
left_child=-1 -2 -3 -4 6 -6 -5 8 9 -7 -11
right_child=1 2 3 4 5 7 -8 -9 -10 10 -12
leaf_value=0.048887124610637232 -0.056927594295075733 0.033179647802212178 -0.047388014612061567 -0.0031355846653790811 -0.041469773323012535 -0.026457256719949335 0.06576195384422992 -0.026595196229210284 0.057632481178228875 0.041008005790950992 0.0019241221029888901
leaf_weight=48 47 83 78 55 86 67 45 84 45 45 48
leaf_count=48 47 83 78 55 86 67 45 84 45 45 48
internal_value=-0.00208808 -0.00567053 -0.00188266 -0.00714518 -0.000536869 -0.0081116 0.0278684 0.00181506 0.0134564 0.00103178 0.0208357
internal_weight=731 683 636 553 475 375 100 289 205 160 93
internal_count=731 683 636 553 475 375 100 289 205 160 93
is_linear=0
shrinkage=0.0746787


end of trees

feature_importances:
forecast_low=73
forecast_diurnal_range=72
forecast_wind=62
day_sin=53
lag_low_1d=51
day_cos=45
roll_low_7d_std=44
forecast_radiation=40
forecast_high=27
lag_low_2d=27
forecast_evap=26
roll_low_14d_mean=25
forecast_precip=18
roll_low_7d_mean=17

parameters:
[boosting: gbdt]
[objective: regression]
[metric: l2]
[tree_learner: serial]
[device_type: cpu]
[data_sample_strategy: bagging]
[data: ]
[valid: ]
[num_iterations: 50]
[learning_rate: 0.0746787]
[num_leaves: 37]
[num_threads: 2]
[seed: 42]
[deterministic: 0]
[force_col_wise: 0]
[force_row_wise: 0]
[histogram_pool_size: -1]
[max_depth: -1]
[min_data_in_leaf: 45]
[min_sum_hessian_in_leaf: 0.001]
[bagging_fraction: 0.926493]
[pos_bagging_fraction: 1]
[neg_bagging_fraction: 1]
[bagging_freq: 6]
[bagging_seed: 400]
[bagging_by_query: 0]
[feature_fraction: 0.960339]
[feature_fraction_bynode: 1]
[feature_fraction_seed: 30056]
[extra_trees: 0]
[extra_seed: 12879]
[early_stopping_round: 0]
[early_stopping_min_delta: 0]
[first_metric_only: 0]
[max_delta_step: 0]
[lambda_l1: 7.24703e-07]
[lambda_l2: 0.000141301]
[linear_lambda: 0]
[min_gain_to_split: 0]
[drop_rate: 0.1]
[max_drop: 50]
[skip_drop: 0.5]
[xgboost_dart_mode: 0]
[uniform_drop: 0]
[drop_seed: 17869]
[top_rate: 0.2]
[other_rate: 0.1]
[min_data_per_group: 100]
[max_cat_threshold: 32]
[cat_l2: 10]
[cat_smooth: 10]
[max_cat_to_onehot: 4]
[top_k: 20]
[monotone_constraints: ]
[monotone_constraints_method: basic]
[monotone_penalty: 0]
[feature_contri: ]
[forcedsplits_filename: ]
[refit_decay_rate: 0.9]
[cegb_tradeoff: 1]
[cegb_penalty_split: 0]
[cegb_penalty_feature_lazy: ]
[cegb_penalty_feature_coupled: ]
[path_smooth: 0]
[interaction_constraints: ]
[verbosity: -1]
[saved_feature_importance_type: 0]
[use_quantized_grad: 0]
[num_grad_quant_bins: 4]
[quant_train_renew_leaf: 0]
[stochastic_rounding: 1]
[linear_tree: 0]
[max_bin: 255]
[max_bin_by_feature: ]
[min_data_in_bin: 3]
[bin_construct_sample_cnt: 200000]
[data_random_seed: 175]
[is_enable_sparse: 1]
[enable_bundle: 1]
[use_missing: 1]
[zero_as_missing: 0]
[feature_pre_filter: 1]
[pre_partition: 0]
[two_round: 0]
[header: 0]
[label_column: ]
[weight_column: ]
[group_column: ]
[ignore_column: ]
[categorical_feature: ]
[forcedbins_filename: ]
[precise_float_parser: 0]
[parser_config_file: ]
[objective_seed: 16083]
[num_class: 1]
[is_unbalance: 0]
[scale_pos_weight: 1]
[sigmoid: 1]
[boost_from_average: 1]
[reg_sqrt: 0]
[alpha: 0.9]
[fair_c: 1]
[poisson_max_delta_step: 0.7]
[tweedie_variance_power: 1.5]
[lambdarank_truncation_level: 30]
[lambdarank_norm: 1]
[label_gain: ]
[lambdarank_position_bias_regularization: 0]
[eval_at: ]
[multi_error_top_k: 1]
[auc_mu_weights: ]
[num_machines: 1]
[local_listen_port: 12400]
[time_out: 120]
[machine_list_filename: ]
[machines: ]
[gpu_platform_id: -1]
[gpu_device_id: -1]
[gpu_use_dp: 0]
[num_gpu: 1]

end of parameters

pandas_categorical:[]
