tree
version=v4
num_class=1
num_tree_per_iteration=1
label_index=0
max_feature_idx=13
objective=regression
feature_names=forecast_low forecast_high forecast_diurnal_range day_sin day_cos forecast_precip forecast_wind forecast_radiation forecast_evap lag_low_1d lag_low_2d roll_low_7d_mean roll_low_14d_mean roll_low_7d_std
feature_infos=[18.199999999999999:79.700000000000003] [29.699999999999999:105.40000000000001] [3.6000000000000014:40.700000000000003] [-0.99999942202469239:0.99998555065071859] [-0.99997919295908244:0.9999907524084426] [0:4.399] [4.5:42.899999999999999] [227:8424] [0.010999999999999999:0.32900000000000001] [-11.900000000000006:10.5] [-11.900000000000006:10.5] [-8.2714285714285722:3.7428571428571433] [-6.5:2.7571428571428567] [0.38483144114696272:7.7226629998675875]
tree_sizes=1110 1138 1222 1219 1028 1218 1064 1055 1230 1239 1031 1215 1226 1069 1067 1148 1241 1148 1069 1050 1233 1153 1326 1222 1154 1084 1148 1143 1159 1077 1160 1149 1240 1239 1250 1244 1163 1237 1124 1156 1151 1067 1321 1164 1251 1156 1147

Tree=0
num_leaves=12
num_cat=0
split_feature=0 3 1 1 0 13 4 11 0 11 11
split_gain=611.934 334.593 322.736 144.824 257.447 109.108 77.6266 69.5033 58.2958 30.1913 28.8488
threshold=50.150000000000013 -0.92923668111203817 70.600000000000009 89.100000000000009 59.250000000000007 3.7268970572293112 0.30778899014954286 -1.0357142857142854 55.250000000000007 -1.5071428571428571 -0.42142857142857176
decision_type=2 2 2 2 2 2 2 2 2 2 2
left_child=2 -2 5 4 8 -1 7 -6 -3 -5 -11
right_child=1 3 -4 9 6 -7 -8 -9 -10 10 -12
leaf_value=-1.916100074498186 -2.0642322689018897 -1.8642761955402005 -2.3020561763887559 -1.9577944173845689 -1.8642933194961906 -2.095019949261387 -1.6504317735344609 -1.7123883298920468 -2.0080907231712297 -1.8271997970022582 -1.9285922164804072
leaf_weight=40 56 39 33 63 37 45 41 39 32 32 38
leaf_count=40 56 39 33 63 37 45 41 39 32 32 38
internal_value=-1.93528 -1.88618 -2.09227 -1.85507 -1.81044 -2.01063 -1.73843 -1.78613 -1.92887 -1.91827 -1.88247
internal_weight=495 377 118 321 188 85 117 76 71 133 70
internal_count=495 377 118 321 188 85 117 76 71 133 70
is_linear=0
shrinkage=1


Tree=1
num_leaves=12
num_cat=0
split_feature=2 9 0 0 4 3 3 3 3 2 6
split_gain=844.099 205.926 152.082 136.846 130.737 110.738 109.204 73.8326 71.7802 59.3352 55.6949
threshold=24.450000000000006 -1.3500000000000012 49.250000000000007 47.45000000000001 0.28313308994381586 0.67802080537253961 -0.46801505794253101 0.93237596376505805 0.10837544681456417 18.400000000000009 13.850000000000003
decision_type=2 2 2 2 2 2 2 2 2 2 2
left_child=1 2 -1 -2 10 8 -5 -7 9 -3 -4
right_child=3 5 4 6 -6 7 -8 -9 -10 -11 -12
leaf_value=-0.15666496579615485 -0.2931069524583973 0.17612527904991121 -0.071952401482230782 -0.21805691067380301 0.1621670783039961 0.27020891590560298 -0.039092852016557933 0.1056916375979077 -0.017939225199516132 0.037645208394926986 0.043057589146238098
leaf_weight=35 45 40 54 40 34 35 46 34 43 38 51
leaf_count=35 45 40 54 40 34 35 46 34 43 38 51
internal_value=-0.00928944 0.0525527 -0.00944207 -0.181248 0.0275135 0.109412 -0.122523 0.189382 0.0636726 0.108871 -0.0159364
internal_weight=495 364 174 131 139 190 86 69 121 78 105
internal_count=495 364 174 131 139 190 86 69 121 78 105
is_linear=0
shrinkage=0.0789854


Tree=2
num_leaves=13
num_cat=0
split_feature=6 0 1 1 4 8 0 1 11 4 10 10
split_gain=238.547 198.271 217.369 135.823 135.164 117.622 121.372 61.028 55.3825 41.9045 41.7827 16.3781
threshold=11.250000000000002 58.650000000000013 87.450000000000017 72.450000000000017 -0.46800559042974538 0.10650000000000001 49.250000000000007 79.350000000000009 -1.5142857142857149 -0.30164489695395941 -2.4500000000000024 -0.40000000000000208
decision_type=2 2 2 2 2 2 2 2 2 2 2 2
left_child=3 5 7 -1 -5 -2 -7 -3 10 -9 -4 -10
right_child=1 2 8 4 -6 6 -8 9 11 -11 -12 -13
leaf_value=0.024638383839960146 0.043020845481402066 0.069141738169534103 -0.10038503940962312 -0.03583058858673447 -0.24595255915614531 -0.22398550368117148 -0.026761097490235461 0.13748135673502973 0.10076270153476678 0.2603612899849862 0.01884023679803477 0.021288829075499449
leaf_weight=37 54 33 36 33 46 33 48 35 32 36 37 34
leaf_count=37 54 33 36 33 46 33 48 35 32 36 37 34
internal_value=-0.000758513 0.0296141 0.072278 -0.0998698 -0.158388 -0.0470609 -0.107315 0.158649 0.00753745 0.20002 -0.039735 0.0600687
internal_weight=494 378 243 116 79 135 81 104 139 71 73 66
internal_count=494 378 243 116 79 135 81 104 139 71 73 66
is_linear=0
shrinkage=0.0789854


Tree=3
num_leaves=13
num_cat=0
split_feature=2 9 2 1 11 11 7 1 9 9 9 0
split_gain=595.128 192.096 113.696 97.1998 52.3324 50.3687 31.2338 42.8361 31.0291 27.422 20.4094 11.717
threshold=24.450000000000006 -2.7499999999999996 28.550000000000001 87.850000000000009 -2.714285714285714 -3.9285714285714288 5342.5000000000009 79.350000000000009 -0.45000000000000279 -3.3499999999999992 -4.8499999999999988 55.750000000000007
decision_type=2 2 2 2 2 2 2 2 2 2 2 2
left_child=1 5 4 6 -2 -1 7 11 -5 10 -7 -3
right_child=2 3 -4 8 -6 9 -8 -9 -10 -11 -12 -13
leaf_value=-0.10093621646038163 -0.015755085565080349 0.14866981115878744 -0.2469718251080551 -0.0117940135563477 -0.14997987777863109 -0.0083528020883607487 0.069150381200421912 0.22289243556186383 0.080267914238242477 -0.051117098229423293 0.08044465356527894 0.081291059207203642
leaf_weight=39 33 36 48 51 41 32 36 38 41 35 32 32
leaf_count=39 33 36 48 51 41 32 36 38 41 35 32 32
internal_value=-0.000688234 0.0489264 -0.152103 0.0925288 -0.0903436 -0.024891 0.133536 0.155248 0.0290584 0.00490392 0.035794 0.117203
internal_weight=494 372 122 234 74 138 142 106 92 99 64 68
internal_count=494 372 122 234 74 138 142 106 92 99 64 68
is_linear=0
shrinkage=0.0789854


Tree=4
num_leaves=11
num_cat=0
split_feature=9 0 4 7 6 0 6 9 11 7
split_gain=205.462 165.212 163.355 134.96 177.477 129.728 96.1122 69.6496 33.1547 27.807
threshold=-2.9500000000000024 52.500000000000007 0.30778899014954286 2478.0000000000005 10.15 59.250000000000007 13.65 -0.24999999999999992 -0.17857142857142952 6175.0000000000009
decision_type=2 2 2 2 2 2 2 2 2 2
left_child=1 -1 6 -2 -5 -6 -3 9 -9 -7
right_child=3 2 -4 4 5 7 -8 8 -10 -11
leaf_value=-0.15908028612279451 0.18002530515882562 -0.12732283322854043 0.13802058883578752 -0.12955191435865127 -0.042475625107458309 0.094154755695098596 0.03645152893336738 0.17979926868174365 0.082033644074730919 -0.0022651376133561597
leaf_weight=59 46 52 38 36 58 32 39 55 37 44
leaf_count=59 46 52 38 36 58 32 39 55 37 44
internal_value=0.0154264 -0.049596 0.000354193 0.0551681 0.0331837 0.0591786 -0.0569566 0.09437 0.140659 0.038121
internal_weight=496 188 129 308 262 226 91 168 92 76
internal_count=496 188 129 308 262 226 91 168 92 76
is_linear=0
shrinkage=0.0789854


Tree=5
num_leaves=13
num_cat=0
split_feature=2 3 6 11 7 1 2 2 6 11 1 13
split_gain=357.216 105.522 120.204 79.0325 64.0982 118.16 57.2112 55.7263 53.4712 42.9083 26.0346 13.4048
threshold=24.650000000000002 0.57077594689671507 16.450000000000003 -3.2571428571428558 3412.0000000000005 80.250000000000014 17.349999999999998 17.349999999999998 11.750000000000002 -1.5071428571428571 96.050000000000011 1.8709558481181083
decision_type=2 2 2 2 2 2 2 2 2 2 2 2
left_child=1 4 6 -2 -1 -6 -3 -4 -7 -5 11 -10
right_child=3 2 7 9 5 8 -8 -9 10 -11 -12 -13
leaf_value=0.096349340197193906 -0.024624364791062947 0.10944342761685288 0.11334897901891505 -0.2093297795423994 -0.13629779048028071 -0.039734441359516127 -0.037473035805865425 0.25982306559556984 0.047052680384436836 -0.086138108264227145 0.0011823883852756399 0.11639790993200336
leaf_weight=55 48 32 34 41 33 49 34 32 32 32 33 41
leaf_count=55 48 32 34 41 33 49 34 32 32 32 33 41
internal_value=0.014208 0.0523125 0.10919 -0.10375 0.0213487 -0.000507624 0.0335149 0.184617 0.0282994 -0.155553 0.0599018 0.0862237
internal_weight=496 375 132 121 243 188 66 66 155 73 106 73
internal_count=496 375 132 121 243 188 66 66 155 73 106 73
is_linear=0
shrinkage=0.0789854


Tree=6
num_leaves=11
num_cat=0
split_feature=9 0 11 6 11 0 1 0 1 9
split_gain=211.992 85.2616 189.178 140.846 81.4391 68.9401 79.1629 91.4186 46.4373 21.1055
threshold=-2.9500000000000024 62.95000000000001 -2.3428571428571421 10.850000000000003 -0.37142857142857155 52.750000000000007 84.350000000000009 70.050000000000011 86.550000000000011 -0.099999999999997827
decision_type=2 2 2 2 2 2 2 2 2 2
left_child=5 2 -2 -3 -4 -1 -7 -8 -5 -10
right_child=1 3 4 8 -6 6 7 -9 9 -11
leaf_value=-0.12688983877123378 0.12727799761152492 -0.067376073832183164 -0.15188542177552006 0.18019389056227197 0.014942420248905705 0.059712446010615851 -0.16133639621558057 0.011619617447763193 0.051973561666199833 0.12229009160360614
leaf_weight=60 44 32 42 47 32 45 37 39 57 52
leaf_count=60 44 32 42 47 32 45 37 39 57 52
internal_value=0.0101103 0.0502178 -0.00227483 0.0832512 -0.0795263 -0.0576062 -0.0231154 -0.0723715 0.114253 0.0856691
internal_weight=487 306 118 188 74 181 121 76 156 109
internal_count=487 306 118 188 74 181 121 76 156 109
is_linear=0
shrinkage=0.0789854


Tree=7
num_leaves=11
num_cat=0
split_feature=9 7 4 9 9 8 3 7 1 9
split_gain=179.836 68.5263 130.403 75.6806 52.2814 45.2854 35.7696 27.3033 25.3481 22.5359
threshold=-2.9500000000000024 4014.0000000000005 0.14037931941357637 -0.45000000000000279 -5.7499999999999991 0.22750000000000004 0.42179998225932674 4911.0000000000009 91.15000000000002 1.4500000000000031
decision_type=2 2 2 2 2 2 2 2 2 2
left_child=4 9 3 5 6 -3 -1 -6 -5 -2
right_child=1 2 -4 8 7 -7 -8 -9 -10 -11
leaf_value=-0.16953931436809924 0.14083119864009622 0.0786043507735745 -0.081470056040452321 0.065825738887545032 0.017004190145845095 -0.040096213811638456 -0.051407547325112483 -0.059480436526829147 0.15772076732129145 0.059969874040992452
leaf_weight=32 49 33 56 36 58 51 33 58 41 40
leaf_count=32 49 33 56 36 58 51 33 58 41 40
internal_value=0.00931701 0.0462599 0.0222271 0.0583968 -0.0530492 0.0063441 -0.109817 -0.0210989 0.11497 0.104673
internal_weight=487 306 217 161 181 84 65 116 77 89
internal_count=487 306 217 161 181 84 65 116 77 89
is_linear=0
shrinkage=0.0789854


Tree=8
num_leaves=13
num_cat=0
split_feature=7 0 3 7 5 3 9 11 5 0 9 9
split_gain=222.436 365.015 135.812 98.8932 88.802 82.5439 60.4863 42.5345 41.1204 24.6605 17.7008 12.7294
threshold=3664.0000000000005 55.750000000000007 -0.72696319516528884 7100.5000000000009 1.0000000180025095e-35 0.039769539193789956 -6.4499999999999984 -3.0642857142857127 0.010000000000000002 48.350000000000009 -1.2499999999999998 -0.65000000000000202
decision_type=2 2 2 2 2 2 2 2 2 2 2 2
left_child=4 6 7 8 5 -1 -2 -3 11 -8 -5 -4
right_child=1 2 3 10 -6 -7 9 -9 -10 -11 -12 -13
leaf_value=0.063576092588593175 -0.22348462676111494 -0.12009334813417803 0.16499464763479271 -0.058952521568857115 0.010031875089473721 0.23234843646364317 -0.13530112411181927 -0.0096533549460909064 0.029984656241302393 -0.048840470872824483 0.022690587303814767 0.10183660526291272
leaf_weight=37 38 39 42 32 50 36 58 50 34 33 34 42
leaf_count=37 38 39 42 32 50 36 58 50 34 33 34 42
internal_value=-0.00143932 -0.0299084 0.0217776 0.060566 0.0914734 0.147032 -0.139415 -0.0582318 0.103891 -0.104127 -0.0166492 0.133611
internal_weight=525 402 273 184 123 73 129 89 118 91 66 84
internal_count=525 402 273 184 123 73 129 89 118 91 66 84
is_linear=0
shrinkage=0.0789854


Tree=9
num_leaves=13
num_cat=0
split_feature=7 11 5 12 9 11 11 9 13 8 9 11
split_gain=188.769 171.432 75.315 74.7022 74.6148 54.8791 49.0162 45.1258 42.6014 18.9515 11.6715 5.61147
threshold=3664.0000000000005 -1.3428571428571423 1.0000000180025095e-35 -1.9964285714285717 -0.95000000000000273 -4.0785714285714265 -2.2428571428571424 -3.2499999999999996 3.3580035799494259 0.20199999999999999 -5.2000000000000002 -2.828571428571427
decision_type=2 2 2 2 2 2 2 2 2 2 2 2
left_child=2 5 3 -1 -3 10 7 -7 -8 -6 -2 -9
right_child=1 4 -4 -5 9 6 8 11 -10 -11 -12 -13
leaf_value=0.22607776018885381 -0.15882989271475997 -0.034457120181332346 0.0092395296520495062 0.064290376993517584 0.051329867065211671 -0.063959128095922788 -0.039630300418692088 0.054334614165250691 -0.16088422656694923 0.1255359599811269 -0.09205920139662388 0.0075788918056132757
leaf_weight=32 34 48 50 41 45 57 41 34 33 43 35 32
leaf_count=32 34 48 50 41 45 57 41 34 33 43 35 32
internal_value=-0.00132075 -0.0275494 0.0842695 0.135437 0.0445157 -0.0644556 -0.0430969 -0.0123851 -0.0939245 0.0877755 -0.125199 0.0319113
internal_weight=525 402 123 73 136 266 197 123 74 88 69 66
internal_count=525 402 123 73 136 266 197 123 74 88 69 66
is_linear=0
shrinkage=0.0789854


Tree=10
num_leaves=11
num_cat=0
split_feature=8 0 6 4 12 6 8 6 3 6
split_gain=152.032 169.007 93.988 108.569 69.4603 49.5812 46.291 29.9865 26.5213 15.1291
threshold=0.076500000000000012 58.850000000000001 10.15 0.28313308994381586 -1.8828571428571428 18.150000000000002 0.10750000000000001 13.65 -0.85227431625818906 15.15
decision_type=2 2 2 2 2 2 2 2 2 2
left_child=-1 5 -3 4 8 6 -2 -8 -4 -6
right_child=1 2 3 -5 9 -7 7 -9 -10 -11
leaf_value=0.11437822186620508 -0.023198447960697116 -0.09942020827351454 -0.092548102168222762 0.17449945853631049 0.028779915150569751 0.0028577326812450946 -0.094836603935699704 -0.18712236282844827 -0.0018008101465030917 0.086647945112099112
leaf_weight=63 33 35 32 32 57 34 55 38 55 58
leaf_count=63 33 35 32 32 57 34 55 38 55 58
internal_value=-0.000161915 -0.0170207 0.0211661 0.0392723 0.0177686 -0.0813228 -0.104166 -0.132722 -0.0353665 0.0581072
internal_weight=492 429 269 234 202 160 126 93 87 115
internal_count=492 429 269 234 202 160 126 93 87 115
is_linear=0
shrinkage=0.0789854


Tree=11
num_leaves=13
num_cat=0
split_feature=7 0 6 4 13 4 11 10 1 0 11 7
split_gain=108.993 137.366 80.768 79.2797 58.2445 62.8492 52.6396 42.5102 21.7897 38.8428 19.7106 15.4105
threshold=2478.0000000000005 58.850000000000001 10.15 0.25829915227078726 4.1631259389168713 0.67007489853957602 -1.8428571428571432 -4.450000000000002 96.850000000000009 70.450000000000017 -1.5071428571428571 6094.5000000000009
decision_type=2 2 2 2 2 2 2 2 2 2 2 2
left_child=10 4 -3 7 6 -6 -2 -4 9 -9 -1 -11
right_child=1 2 3 -5 5 -7 -8 8 -10 11 -12 -13
leaf_value=0.051313593705952433 0.029962070047618 -0.091567873468287764 -0.060389467769256876 0.15256295611325521 -0.056424971153462407 -0.20838036258696058 -0.089373976121881651 -0.0052373436593423734 -0.022833745495918156 0.044850086919417928 0.14008333431965464 0.11410738972062309
leaf_weight=32 45 35 35 32 37 32 47 50 32 38 32 45
leaf_count=32 45 35 35 32 37 32 47 50 32 38 32 45
internal_value=-0.000149153 -0.0145579 0.020142 0.0370652 -0.0722039 -0.127135 -0.0308277 0.0185034 0.0353368 0.0494546 0.0959542 0.082596
internal_weight=492 428 267 232 161 69 92 200 165 133 64 83
internal_count=492 428 267 232 161 69 92 200 165 133 64 83
is_linear=0
shrinkage=0.0789854


Tree=12
num_leaves=13
num_cat=0
split_feature=2 6 1 1 8 9 0 1 4 11 0 4
split_gain=318.449 121.495 59.166 50.5479 42.5817 42.1707 36.5549 35.4722 66.7731 22.8324 21.1589 25.0112
threshold=27.300000000000008 10.850000000000003 72.750000000000014 63.20000000000001 0.10950000000000001 -2.9000000000000017 49.650000000000013 73.950000000000017 -0.49812626372919405 -2.2500000000000004 70.450000000000017 -0.89404254237865755
decision_type=2 2 2 2 2 2 2 2 2 2 2 2
left_child=1 7 3 -3 -4 -6 -2 -1 -9 -7 -11 -12
right_child=6 2 4 -5 5 9 -8 8 -10 10 11 -13
leaf_value=0.016263849446709375 -0.21791832762590468 0.05457333245242349 0.13358427983363289 -0.079236905244778472 -0.0084878821679205269 0.12636341047207819 -0.10150063253865949 0.00026375982763500455 -0.15019065249899871 0.0062291881507036389 0.026115430537375178 0.12109826993126468
leaf_weight=32 36 32 44 39 59 35 33 33 41 40 32 39
leaf_count=32 36 32 44 39 59 35 33 33 41 40 32 39
internal_value=-0.00504074 0.0204224 0.044727 -0.0187002 0.0628777 0.0476216 -0.162479 -0.0527966 -0.082879 0.0704067 0.052615 0.0785189
internal_weight=495 426 320 71 249 205 69 106 74 146 111 71
internal_count=495 426 320 71 249 205 69 106 74 146 111 71
is_linear=0
shrinkage=0.0789854


Tree=13
num_leaves=11
num_cat=0
split_feature=2 6 10 12 5 3 10 2 10 6
split_gain=270.233 103.041 57.5368 41.1556 42.533 75.3118 51.7236 75.6623 38.8906 16.8104
threshold=27.300000000000008 10.850000000000003 -2.5999999999999974 -0.40000000000000052 0.030000000000000002 0.85226249403558707 -4.950000000000002 16.250000000000004 -2.2499999999999996 14.450000000000001
decision_type=2 2 2 2 2 2 2 2 2 2
left_child=1 2 -1 4 5 6 -3 -8 -2 -9
right_child=8 3 -4 -5 -6 -7 7 9 -10 -11
leaf_value=-0.10573287869649213 -0.086872387760020736 -0.062623727399701914 0.010415565118994883 0.10418583643759345 -0.035540468660069865 0.12887436682513953 0.13555832841627238 -0.034762021771186952 -0.20676752217863384 0.034419049909266516
leaf_weight=54 33 38 52 54 52 50 38 41 36 47
leaf_count=54 33 38 52 54 52 50 38 41 36 47
internal_value=-0.00463228 0.0188215 -0.0486025 0.0412064 0.0283596 0.0439625 0.0179749 0.0424114 -0.149665 0.00200292
internal_weight=495 426 106 320 266 214 164 126 69 88
internal_count=495 426 106 320 266 214 164 126 69 88
is_linear=0
shrinkage=0.0789854


Tree=14
num_leaves=11
num_cat=0
split_feature=9 3 6 4 8 13 3 11 11 9
split_gain=96.7095 63.8058 62.9255 50.1749 273.655 58.6376 52.9982 51.9174 26.897 26.2095
threshold=-5.349999999999997 0.54219432480460406 19.650000000000002 0.14037931941357637 0.15550000000000003 4.561714897584765 0.34235194516023087 -2.1999999999999988 -0.74285714285714255 -1.0499999999999969
decision_type=2 2 2 2 2 2 2 2 2 2
left_child=1 -1 3 6 5 7 9 -5 -8 -2
right_child=2 -3 -4 4 -6 -7 8 -9 -10 -11
leaf_value=-0.13516269081519613 -0.038680213018696556 0.0046377075743358693 0.10057588222490108 0.059235934793612798 -0.22211421200642431 0.11917902217154587 0.12063171252202004 -0.068022427709645575 0.034072832447296947 0.039216094721574259
leaf_weight=48 63 35 50 39 35 33 44 41 47 47
leaf_count=48 63 35 50 39 35 33 44 41 47 47
internal_value=0.00151748 -0.0760168 0.017687 0.00576497 -0.0290795 0.0305694 0.0315022 -0.00578165 0.076105 -0.00524995
internal_weight=482 83 399 349 148 113 201 80 91 110
internal_count=482 83 399 349 148 113 201 80 91 110
is_linear=0
shrinkage=0.0789854


Tree=15
num_leaves=12
num_cat=0
split_feature=2 3 8 9 12 8 12 12 8 9 2
split_gain=270.883 67.285 78.5723 62.5742 56.0827 82.0348 53.5791 90.1712 61.4512 23.945 18.9131
threshold=28.550000000000001 0.40614137006726808 0.22300000000000003 -5.349999999999997 -1.332142857142858 0.15550000000000003 -1.1142857142857154 -2.867857142857142 0.14350000000000002 -1.0499999999999969 20.750000000000004
decision_type=2 2 2 2 2 2 2 2 2 2 2
left_child=1 3 6 -1 5 -5 7 -3 -9 -6 -7
right_child=-2 2 -4 4 9 10 -8 8 -10 -11 -12
leaf_value=-0.10785626234731785 -0.18537755346403142 0.11600854502011194 0.15432100801754237 0.11079306806896189 -0.089058425494684471 0.022987681043173943 0.11787665016923504 0.021392593392520094 -0.11577806162188814 -0.0052295942618072275 -0.059081088627498245
leaf_weight=33 44 32 40 59 36 37 33 45 37 53 33
leaf_count=33 44 32 40 59 36 37 33 45 37 53 33
internal_value=0.00140293 0.0202039 0.0560788 -0.0064593 0.0088163 0.0421529 0.0292345 0.00343145 -0.0403052 -0.0393209 -0.0154711
internal_weight=482 438 187 251 218 129 147 114 82 89 70
internal_count=482 438 187 251 218 129 147 114 82 89 70
is_linear=0
shrinkage=0.0789854


Tree=16
num_leaves=13
num_cat=0
split_feature=2 12 10 11 4 4 13 10 11 12 12 1
split_gain=164.93 59.5044 58.2813 48.018 32.4704 102.466 65.9453 38.4633 74.8794 31.0669 22.3755 20.104
threshold=24.650000000000002 -0.51785714285714424 0.1500000000000021 -3.278571428571428 0.45082531555062549 0.70747208174348741 4.1770336678083302 -3.0499999999999967 -0.79285714285714326 -2.4892857142857143 -0.010714285714286549 89.550000000000011
decision_type=2 2 2 2 2 2 2 2 2 2 2 2
left_child=1 4 3 -2 7 -6 -7 9 11 -1 -3 -9
right_child=2 10 -4 -5 5 6 -8 8 -10 -11 -12 -13
leaf_value=-0.0017433483535480457 0.022273941815071297 0.13981691922684558 -0.16825515423168905 -0.097055824883638897 0.1557942251039568 0.061784366680241572 -0.080015048627579632 0.099917941025671392 -0.080929203170835518 -0.10323092928488278 0.046131070957624268 0.023803979504689977
leaf_weight=37 36 32 35 50 35 43 39 37 35 39 33 54
leaf_count=37 36 32 35 50 35 43 39 37 35 39 33 54
internal_value=-0.00170829 0.0235973 -0.0821501 -0.0469162 0.00950538 0.042642 -0.00545965 -0.00960768 0.0170627 -0.0540368 0.0925051 0.0549307
internal_weight=505 384 121 86 319 117 82 202 126 76 65 91
internal_count=505 384 121 86 319 117 82 202 126 76 65 91
is_linear=0
shrinkage=0.0789854


Tree=17
num_leaves=12
num_cat=0
split_feature=2 9 2 9 12 4 9 9 13 7 7
split_gain=142.247 67.9004 45.0279 44.9573 47.8341 41.3756 23.2532 20.7372 19.6327 19.254 24.3448
threshold=28.550000000000001 -6.4499999999999984 21.850000000000005 2.4000000000000026 -0.51785714285714424 0.44312301391210612 -2.4000000000000017 -2.7499999999999996 1.7129738628213651 6794.0000000000009 5284.5000000000009
decision_type=2 2 2 2 2 2 2 2 2 2 2
left_child=1 -1 3 4 5 7 -7 -3 -9 10 -4
right_child=-2 2 9 -5 -6 6 -8 8 -10 -11 -12
leaf_value=-0.083973408681125905 -0.13401270918078753 -0.03111594759388852 0.00095348879109083623 -0.038460405755382614 0.12263975460436059 0.13096498512453078 0.04156536752561011 0.081132126336641491 0.0035050153168193132 0.021801004204998305 -0.090487084134543289
leaf_weight=42 46 52 35 42 46 33 42 32 57 41 37
leaf_count=42 46 52 35 42 46 33 42 32 57 41 37
internal_value=-0.00156829 0.0116702 0.0213425 0.037186 0.0493745 0.0336959 0.0811193 0.00835509 0.0315989 -0.0211373 -0.045813
internal_weight=505 459 417 304 262 216 75 141 89 113 72
internal_count=505 459 417 304 262 216 75 141 89 113 72
is_linear=0
shrinkage=0.0789854


Tree=18
num_leaves=11
num_cat=0
split_feature=2 10 10 8 13 1 2 9 1 3
split_gain=138.747 51.182 64.8949 55.6615 52.7909 52.0838 54.9208 48.9983 46.2907 43.2203
threshold=28.550000000000001 -2.9000000000000017 -0.40000000000000208 0.10950000000000001 3.002181117574807 75.750000000000014 16.450000000000006 -0.95000000000000273 80.65000000000002 -0.72696319516528884
decision_type=2 2 2 2 2 2 2 2 2 2
left_child=1 3 4 -1 7 -4 -7 -3 -5 -10
right_child=-2 2 5 8 -6 6 -8 -9 9 -11
leaf_value=0.062801015137170055 -0.1139983653234574 0.00059029893518597039 -0.066606595236685481 -0.11751910254692356 0.16566783163558313 0.1172248465495235 -0.0097987171549629611 0.12467378743661524 -0.064061315213511355 0.040845826222518408
leaf_weight=41 59 53 47 37 33 33 59 32 51 47
leaf_count=41 59 53 47 37 33 33 59 32 51 47
internal_value=-0.000338069 0.0151122 0.0376047 -0.0176401 0.0806835 0.000917098 0.0355895 0.0474963 -0.0421908 -0.0135837
internal_weight=492 433 257 176 118 139 92 85 135 98
internal_count=492 433 257 176 118 139 92 85 135 98
is_linear=0
shrinkage=0.0789854


Tree=19
num_leaves=11
num_cat=0
split_feature=2 6 1 12 8 1 1 9 5 0
split_gain=117.701 54.499 54.5558 59.8888 50.6036 63.6587 62.1375 32.2805 20.1209 1.44101
threshold=28.550000000000001 12.15 76.550000000000011 -1.8428571428571427 0.10950000000000001 80.65000000000002 87.450000000000017 -1.4500000000000026 0.010000000000000002 74.950000000000017
decision_type=2 2 2 2 2 2 2 2 2 2
left_child=1 2 -1 -4 8 -6 -7 -8 -3 -9
right_child=-2 4 3 -5 5 6 7 9 -10 -11
leaf_value=-0.095580147882212751 -0.10499443742703485 0.13710507651108597 -0.042731543517976318 0.083800017084363895 -0.056839988619577925 0.11336218179957636 -0.043316102997015833 0.055682990103164541 0.051807768630895576 0.030400771989462942
leaf_weight=47 59 33 58 39 57 50 46 32 38 33
leaf_count=47 59 33 58 39 57 50 46 32 38 33
internal_value=-0.000306127 0.0139216 -0.0257121 0.00797568 0.0337259 0.0147749 0.0402302 0.0071406 0.0916836 0.0430977
internal_weight=492 433 144 97 289 218 161 111 71 65
internal_count=492 433 144 97 289 218 161 111 71 65
is_linear=0
shrinkage=0.0789854


Tree=20
num_leaves=13
num_cat=0
split_feature=4 3 2 1 4 7 1 4 2 2 3 3
split_gain=84.6877 51.1639 73.3523 35.6164 70.2545 61.6436 34.4612 29.4324 25.7802 21.6522 21.7749 16.7323
threshold=0.96177147954086906 0.76140650896573492 27.300000000000008 76.550000000000011 0.86004965528756494 4411.5000000000009 75.350000000000009 -0.6652727025667432 17.800000000000008 17.800000000000008 -0.26866367175705824 -0.9354548908432756
decision_type=2 2 2 2 2 2 2 2 2 2 2 2
left_child=1 3 6 4 -1 -5 -3 9 -8 -7 -11 -9
right_child=-2 2 -4 5 -6 7 8 11 -10 10 -12 -13
leaf_value=-0.11696024355627725 -0.11594303705805482 0.014140674476242912 -0.061034074380540086 0.089619192419888485 0.028042804573834252 -0.042896022615636659 0.062588541341438153 -0.022511385950280453 0.15672080633644922 -0.012122854950169546 0.073500897778047164 -0.09521025349171866
leaf_weight=51 40 44 34 41 35 33 44 49 32 34 40 34
leaf_count=51 40 44 34 41 35 33 44 49 32 34 40 34
internal_value=-0.00559452 0.00374294 0.0411196 -0.0143639 -0.0577598 0.00172241 0.0701986 -0.0171603 0.102439 0.0100927 0.0339421 -0.0524882
internal_weight=511 471 154 317 86 231 120 190 76 107 74 83
internal_count=511 471 154 317 86 231 120 190 76 107 74 83
is_linear=0
shrinkage=0.0789854


Tree=21
num_leaves=12
num_cat=0
split_feature=3 12 2 3 11 11 0 6 3 6 13
split_gain=65.5547 78.8768 114.843 52.7997 45.2795 88.2161 55.2901 38.1561 35.0646 15.9794 23.6363
threshold=0.76140650896573492 -2.6214285714285714 23.150000000000009 0.9193901325473397 -4.235714285714284 -3.399999999999999 59.250000000000007 16.650000000000002 -0.17647087149565663 10.850000000000003 1.8709558481181083
decision_type=2 2 2 2 2 2 2 2 2 2 2
left_child=4 -2 3 -3 -1 -6 8 9 -7 -8 -11
right_child=1 2 -4 -5 5 6 7 -9 -10 10 -12
leaf_value=-0.092711463352956033 0.14828241814299334 0.12770910947404385 -0.11690135352091251 0.0039347853780267129 0.10569288281975737 -0.024673612092604453 -0.024119071307748138 -0.064026088187152969 -0.12708410071640203 -0.0051366139165706266 0.072208710391782033
leaf_weight=51 32 37 33 52 35 39 40 48 46 47 51
leaf_count=51 32 37 33 52 35 39 40 48 46 47 51
internal_value=-0.00515265 0.0378803 0.0087878 0.055575 -0.0237613 -0.0122162 -0.0275047 -0.00329578 -0.0802878 0.017711 0.0349499
internal_weight=511 154 122 89 357 306 271 186 85 138 98
internal_count=511 154 122 89 357 306 271 186 85 138 98
is_linear=0
shrinkage=0.0789854


Tree=22
num_leaves=14
num_cat=0
split_feature=6 12 4 9 12 4 13 13 13 8 9 12 13
split_gain=69.2292 63.7853 33.6828 28.6271 31.1711 27.046 26.6627 22.2448 28.5909 22.1787 16.1244 28.8409 6.63705
threshold=9.6500000000000004 -0.38571428571428656 0.94066717844141279 -4.7499999999999991 -2.4107142857142851 -0.6523320455745395 2.9900623465434828 3.5111386588527793 2.6347945398363288 0.14450000000000002 -0.45000000000000279 -1.6464285714285702 1.4673412825863466
decision_type=2 2 2 2 2 2 2 2 2 2 2 2 2
left_child=6 2 3 4 -2 -3 -1 8 10 -9 11 12 -5
right_child=1 5 -4 7 -6 -7 -8 9 -10 -11 -12 -13 -14
leaf_value=-0.019481433876082897 -0.0024075947898017204 0.032895549586414732 0.068971729377614976 -0.01235824311865218 -0.10845474005103249 0.13563787560066931 -0.11926718263518463 0.0092904233858840096 0.068493041023981446 -0.07689236102988066 0.043304159589886232 -0.078906358882984626 0.037490985687683748
leaf_weight=32 37 32 40 33 33 33 36 38 52 36 38 32 33
leaf_count=32 37 32 40 33 33 33 36 38 52 36 38 32 33
internal_value=0.00154993 0.0131175 0.000459621 -0.00774642 -0.0526341 0.0853085 -0.0725491 0.00418496 0.018679 -0.0324184 -0.000249209 -0.017303 0.0123214
internal_weight=505 437 372 332 70 65 68 262 188 74 136 98 66
internal_count=505 437 372 332 70 65 68 262 188 74 136 98 66
is_linear=0
shrinkage=0.0789854


Tree=23
num_leaves=13
num_cat=0
split_feature=2 7 7 6 2 7 7 2 7 6 6 12
split_gain=119.024 56.744 50.0519 63.3028 41.7776 37.6417 35.4816 25.5267 22.6223 51.8189 32.5589 5.80402
threshold=24.350000000000005 4820.5000000000009 2678.5000000000005 11.750000000000002 13.500000000000005 5669.0000000000009 6634.5000000000009 14.100000000000003 6007.0000000000009 16.350000000000005 18.350000000000005 -2.2464285714285706
decision_type=2 2 2 2 2 2 2 2 2 2 2 2
left_child=2 -2 4 5 -1 -4 -3 -5 10 -10 11 -9
right_child=1 6 3 7 -6 -7 -8 8 9 -11 -12 -13
leaf_value=0.024343468508568791 0.0084779849947169156 -0.15851645174811546 -0.11849289321328545 -0.031111322089121585 0.14986305648875112 -0.0060280474450488423 -0.05020741998169416 0.1218770477714155 -0.034425267979588454 0.082840822389143629 0.0072137778422926083 0.074373046672102802
leaf_weight=35 39 41 32 37 32 45 36 33 59 39 40 37
leaf_count=35 39 41 32 37 32 45 36 33 59 39 40 37
internal_value=0.00142497 -0.0687607 0.0223962 0.00941557 0.0845372 -0.0529787 -0.108091 0.0290915 0.0398787 0.0120773 0.0644994 0.0970017
internal_weight=505 116 389 322 67 77 77 245 208 98 110 70
internal_count=505 116 389 322 67 77 77 245 208 98 110 70
is_linear=0
shrinkage=0.0789854


Tree=24
num_leaves=12
num_cat=0
split_feature=2 6 2 5 6 6 1 10 7 13 10
split_gain=75.3334 53.212 48.6362 70.6227 54.5565 35.9444 31.9323 36.5788 19.5636 37.3523 6.87789
threshold=28.350000000000001 8.4500000000000011 17.800000000000008 0.030000000000000002 16.450000000000003 18.750000000000004 81.550000000000011 -2.8499999999999974 2720.5000000000005 3.3664302957281254 -0.40000000000000208
decision_type=2 2 2 2 2 2 2 2 2 2 2
left_child=1 -1 3 8 6 -6 -4 -8 -3 -10 -9
right_child=-2 2 4 -5 5 -7 7 10 9 -11 -12
leaf_value=-0.092383319924715449 -0.10098331196922189 0.062612195616369035 0.061319225350379675 -0.1008083436699557 0.14816874257894783 0.031574159610407548 -0.059399880425403256 0.051636127091482228 0.028077585960623118 -0.075171947982612272 0.00010489676661218823
leaf_weight=35 50 32 51 51 35 32 57 34 61 34 32
leaf_count=35 50 32 51 51 35 32 57 34 61 34 32
internal_value=-0.00896443 0.00113451 0.00898528 -0.0222734 0.0321398 0.0927258 0.00871693 -0.0129627 0.0091377 -0.00870519 0.0268973
internal_weight=504 454 419 178 241 67 174 123 127 95 66
internal_count=504 454 419 178 241 67 174 123 127 95 66
is_linear=0
shrinkage=0.0789854


Tree=25
num_leaves=11
num_cat=0
split_feature=12 3 11 11 4 12 12 12 3 3
split_gain=63.4522 52.5979 50.7758 64.1993 53.6766 40.3892 31.0034 63.8622 56.7982 21.863
threshold=-0.81785714285714195 0.42179998225932674 -0.52142857142857213 -1.5071428571428571 0.74298546529340237 -3.0178571428571419 -2.1035714285714282 -2.7357142857142853 -0.88622299073327826 0.3261394409934788
decision_type=2 2 2 2 2 2 2 2 2 2
left_child=2 -2 3 4 6 -6 7 8 -1 -8
right_child=1 -3 -4 -5 5 -7 9 -9 -10 -11
leaf_value=-0.051277022073583263 -0.013714072543247337 0.097626570930780976 -0.10492808497876563 0.059253838692878258 -0.030240540204841345 -0.14468212495931751 -0.0095895872059630436 -0.095796582103892358 0.071479730055389282 0.080970730270970181
leaf_weight=46 49 57 42 63 41 37 32 55 48 34
leaf_count=46 49 57 42 63 41 37 32 55 48 34
internal_value=-0.00824877 0.0460057 -0.0227393 -0.0129969 -0.0285875 -0.0847366 -0.00814131 -0.0281652 0.0112352 0.0368183
internal_weight=504 106 398 356 293 78 215 149 94 66
internal_count=504 106 398 356 293 78 215 149 94 66
is_linear=0
shrinkage=0.0789854


Tree=26
num_leaves=12
num_cat=0
split_feature=12 9 3 8 0 0 1 12 0 1 1
split_gain=73.7177 58.6484 58.1764 41.0151 57.7975 43.4121 38.617 31.2557 40.4753 27.5973 8.80333
threshold=-0.81785714285714195 -5.2000000000000002 0.75014288946266361 0.076500000000000012 60.45000000000001 51.650000000000013 89.750000000000014 -2.8107142857142851 75.15000000000002 81.350000000000009 89.100000000000009
decision_type=2 2 2 2 2 2 2 2 2 2 2
left_child=1 9 6 -3 5 -5 -2 -6 10 -1 -9
right_child=2 3 -4 4 7 -7 -8 8 -10 -11 -12
leaf_value=-0.11177418900314627 -0.050804049650093726 0.070928078372934578 0.14218647544146715 -0.017801555718088401 -0.048980909063911608 -0.13126230636216549 0.063113659363512584 0.081061006042973477 -0.027758127516853102 -0.026921373051953204 0.028838037392356384
leaf_weight=54 32 40 32 48 42 38 44 54 50 44 34
leaf_count=54 32 40 32 48 42 38 44 54 50 44 34
internal_value=-0.00513277 -0.0206576 0.052791 -0.00357096 -0.0148351 -0.0681254 0.0149352 0.0105363 0.028768 -0.0738434 0.061069
internal_weight=512 404 108 306 266 86 76 180 138 98 88
internal_count=512 404 108 306 266 86 76 180 138 98 88
is_linear=0
shrinkage=0.0789854


Tree=27
num_leaves=12
num_cat=0
split_feature=4 0 1 3 0 13 13 7 1 13 2
split_gain=56.722 59.696 45.8963 50.061 43.0055 34.9399 58.6581 26.0021 10.2197 8.60084 2.95428
threshold=-0.39036009226888668 75.65000000000002 63.20000000000001 0.94978112945126536 60.45000000000001 4.1300568018528647 3.1309511062423678 4597.5000000000009 94.450000000000017 3.3664302957281254 17.050000000000001
decision_type=2 2 2 2 2 2 2 2 2 2 2
left_child=1 8 -2 4 5 6 -4 -6 10 -5 -1
right_child=2 -3 3 9 7 -7 -8 -9 -10 -11 -12
leaf_value=0.10199310215055543 0.040047542994873342 -0.029594127225524833 -0.12659551375965347 0.048022925173354457 0.037400697751285808 -0.14389745061535034 0.016659475829417271 -0.047363552319065888 0.030600680755115788 -0.0066140964968637844 0.068318500400105273
leaf_weight=35 59 61 35 36 35 44 36 63 33 35 40
leaf_count=35 59 61 35 36 35 44 36 63 33 35 40
internal_value=-0.00472986 0.0326836 -0.0232112 -0.0364101 -0.0555768 -0.088373 -0.0537326 -0.0169253 0.0680088 0.0208617 0.0842513
internal_weight=512 169 343 284 213 115 71 98 108 71 75
internal_count=512 169 343 284 213 115 71 98 108 71 75
is_linear=0
shrinkage=0.0789854


Tree=28
num_leaves=12
num_cat=0
split_feature=2 0 0 4 6 12 4 12 12 4 11
split_gain=70.3529 42.774 80.9636 30.9611 35.7779 31.0566 26.914 26.8724 35.9739 21.7471 10.2373
threshold=24.450000000000006 57.250000000000007 61.350000000000001 -0.21862536810265823 12.350000000000003 -2.0178571428571428 0.76556758748011056 -2.9892857142857134 -1.9107142857142858 -0.75013812021657655 -0.74285714285714255
decision_type=2 2 2 2 2 2 2 2 2 2 2
left_child=1 6 -3 5 -5 -4 -1 -2 -9 10 -7
right_child=7 2 3 4 -6 9 -8 8 -10 -11 -12
leaf_value=0.097447978738923677 -0.016248558253145768 -0.13064395747483629 -0.067374770486948177 -0.026070123107811212 0.077981844166907635 0.0085870196281583114 0.010301003682509515 -0.15724987365370249 -0.047412143844907086 0.056560310018190924 -0.043442705172968846
leaf_weight=41 43 32 53 32 57 50 49 33 44 36 44
leaf_count=41 43 32 53 32 57 50 49 33 44 36 44
internal_value=-0.013769 0.00231821 -0.0117991 0.00212396 0.0403882 -0.0163972 0.0501824 -0.0667228 -0.0946984 0.00426212 -0.0155954
internal_weight=514 394 304 272 89 183 90 120 77 130 94
internal_count=514 394 304 272 89 183 90 120 77 130 94
is_linear=0
shrinkage=0.0789854


Tree=29
num_leaves=11
num_cat=0
split_feature=7 2 5 6 10 3 6 6 3 3
split_gain=67.1237 32.9464 43.8749 38.6012 32.2463 23.7136 59.4569 21.7354 20.8113 10.2911
threshold=2678.5000000000005 24.450000000000006 0.030000000000000002 11.850000000000003 -2.4000000000000017 0.71503381463111937 17.650000000000002 16.650000000000002 -0.23537230790205757 -0.62588817255938378
decision_type=2 2 2 2 2 2 2 2 2 2
left_child=-1 2 3 9 -3 6 8 -7 -5 -2
right_child=1 4 -4 5 -6 7 -8 -9 -10 -11
leaf_value=0.065028604889395686 -0.020100441022694895 -0.014171080499083754 -0.078032495382911377 0.058927070813889981 -0.097745515566132521 0.010115397193412567 -0.087901354110004951 0.10142911453026139 -0.0087021606281927864 -0.081928105734745987
leaf_weight=61 36 54 51 63 63 32 36 34 51 33
leaf_count=61 36 54 51 63 63 32 36 34 51 33
internal_value=-0.012684 -0.0231846 -0.0105561 0.00146228 -0.0593119 0.0179469 0.000477958 0.0574026 0.0285302 -0.0499062
internal_weight=514 453 336 285 117 216 150 66 114 69
internal_count=514 453 336 285 117 216 150 66 114 69
is_linear=0
shrinkage=0.0789854


Tree=30
num_leaves=12
num_cat=0
split_feature=8 12 3 2 12 12 2 1 0 9 8
split_gain=94.4258 52.3317 54.2678 51.5959 28.9215 43.6676 22.5734 54.6977 25.4064 12.7179 12.0129
threshold=0.10750000000000001 -1.2785714285714282 0.2603727204637144 24.600000000000001 -3.0999999999999992 -1.6535714285714291 14.600000000000007 84.250000000000014 72.950000000000017 -0.95000000000000273 0.25750000000000006
decision_type=2 2 2 2 2 2 2 2 2 2 2
left_child=1 2 -1 6 -5 -6 -2 -8 9 -9 -10
right_child=3 -3 -4 4 5 -7 7 8 10 -11 -12
leaf_value=0.18344702102845256 -0.045241573662315411 -0.0066743570147281099 0.051208113346448841 0.00073952417225528835 -0.15523000105503376 -0.030806830771786319 0.084592420267021753 -0.078776943679509312 0.046440532799482889 -0.010619099633734077 -0.005021549580212099
leaf_weight=33 44 38 48 35 32 40 56 32 52 38 61
leaf_count=33 44 38 48 35 32 40 56 32 52 38 61
internal_value=0.00779291 0.0693984 0.105286 -0.0109634 -0.0577008 -0.0863334 0.00665071 0.0162721 -0.00454681 -0.0420095 0.0185172
internal_weight=509 119 81 390 107 72 283 239 183 70 113
internal_count=509 119 81 390 107 72 283 239 183 70 113
is_linear=0
shrinkage=0.0789854


Tree=31
num_leaves=12
num_cat=0
split_feature=8 6 13 8 3 13 7 1 8 1 6
split_gain=81.415 36.3511 35.9826 51.8951 48.5972 47.271 28.6364 28.3893 24.4282 25.805 9.15354
threshold=0.052500000000000005 20.150000000000002 4.931892663790026 0.16450000000000004 -0.38242426011641079 1.6631124155974146 5669.0000000000009 73.200000000000003 0.23049999999999998 94.300000000000026 12.850000000000003
decision_type=2 2 2 2 2 2 2 2 2 2 2
left_child=-1 2 3 4 -2 10 -7 -6 -8 -10 -5
right_child=1 -3 -4 5 7 6 8 -9 9 -11 -12
leaf_value=0.12524337866573937 0.1067979794156213 0.065438425941560907 -0.082899284471367615 0.062128755186630052 -0.029861765240147109 -0.100006751653298 0.018687774101362058 0.049821678404214371 -0.1083021569131072 -0.015852551579455421 0.0031626116497855883
leaf_weight=34 42 46 37 32 60 46 46 52 32 47 35
leaf_count=34 42 46 37 32 60 46 46 52 32 47 35
internal_value=0.00716986 -0.00124809 -0.00843662 -0.00136659 0.0343163 -0.0245236 -0.0465959 0.00698977 -0.02681 -0.0535071 0.0315681
internal_weight=509 475 429 392 154 238 171 112 125 79 67
internal_count=509 475 429 392 154 238 171 112 125 79 67
is_linear=0
shrinkage=0.0789854


Tree=32
num_leaves=13
num_cat=0
split_feature=7 6 3 4 6 3 8 6 0 0 11 0
split_gain=50.9343 70.5251 71.1018 59.8469 44.7866 35.0492 31.6906 28.7896 51.7199 18.1906 13.4529 13.2816
threshold=3644.0000000000005 17.350000000000005 0.37446826358596375 0.76556758748011056 19.650000000000002 0.79383249484937135 0.18050000000000002 13.850000000000003 75.350000000000009 72.950000000000017 -1.8142857142857129 65.050000000000011
decision_type=2 2 2 2 2 2 2 2 2 2 2 2
left_child=1 2 -1 4 5 7 -7 9 -9 11 -11 -2
right_child=3 -3 -4 -5 -6 6 -8 8 -10 10 -12 -13
leaf_value=0.15335557813712331 -0.014195468436050478 -0.052772778928090285 0.0043342855702222178 -0.092016248221638383 0.071583263347904366 -0.0029273810814059273 -0.10656566446009715 0.082444263529379017 -0.037858173419760936 -0.022225737191730856 0.047573570258067965 -0.079208632358089767
leaf_weight=44 42 32 37 53 45 34 41 58 36 37 32 38
leaf_count=44 42 32 37 53 45 34 41 58 36 37 32 38
internal_value=-0.000802997 0.0461893 0.0854857 -0.0136068 -0.00211358 -0.0125937 -0.0598001 0.00190995 0.0361989 -0.0196135 0.00991071 -0.0452802
internal_weight=529 113 81 416 363 318 75 243 94 149 69 80
internal_count=529 113 81 416 363 318 75 243 94 149 69 80
is_linear=0
shrinkage=0.0789854


Tree=33
num_leaves=13
num_cat=0
split_feature=7 6 3 6 9 10 2 3 13 12 6 7
split_gain=43.2211 59.857 60.2815 49.8912 38.5284 34.9276 68.679 60.2296 23.7324 24.2502 30.1381 5.33842
threshold=3644.0000000000005 17.350000000000005 0.37446826358596375 15.550000000000002 -5.2000000000000002 0.54999999999999727 17.800000000000008 0.61237135649459018 2.0813133293597965 -0.86071428571428643 12.250000000000002 7316.5000000000009
decision_type=2 2 2 2 2 2 2 2 2 2 2 2
left_child=1 2 -1 4 -2 6 -5 -8 11 10 -10 -6
right_child=3 -3 -4 5 8 -7 7 -9 9 -11 -12 -13
leaf_value=0.14124323015389217 -0.089400165410712759 -0.048604737818814026 0.0039919555330359376 -0.044364969819421542 -0.00051203417507619657 -0.036807765262194279 0.027439000161559417 0.17259786024436266 -0.10440873403903488 0.0097937809512535379 -0.0058123246325269438 0.039662452438780027
leaf_weight=44 59 32 37 34 53 42 41 32 48 41 33 33
leaf_count=44 59 32 37 34 53 42 41 32 48 41 33 33
internal_value=-0.000744421 0.0425412 0.0787496 -0.0125413 -0.0330007 0.0240119 0.0480366 0.0912948 -0.0169242 -0.0393606 -0.0644408 0.014716
internal_weight=529 113 81 416 267 149 107 73 208 122 81 86
internal_count=529 113 81 416 267 149 107 73 208 122 81 86
is_linear=0
shrinkage=0.0789854


Tree=34
num_leaves=13
num_cat=0
split_feature=5 8 4 4 9 11 0 13 3 11 11 3
split_gain=25.6722 32.9807 47.3941 36.3763 29.442 30.5312 28.4441 27.0481 23.7276 22.4129 17.6113 13.6746
threshold=1.0000000180025095e-35 0.16699999999999998 0.32410992729244009 0.96177147954086906 0.79999999999999905 -0.57857142857142907 59.250000000000007 3.7268970572293112 0.29342972903661901 -1.5142857142857149 -1.0000000000000007 -0.85227431625818906
decision_type=2 2 2 2 2 2 2 2 2 2 2 2
left_child=1 3 4 6 5 9 7 -1 -2 11 -10 -3
right_child=8 2 -4 -5 -6 -7 -8 -9 10 -11 -12 -13
leaf_value=0.076122853662312251 0.015608700293324191 -0.042165283484971075 -0.094121182057971486 -0.030633559359845821 0.070033872721278104 -0.07478854939948601 0.11358258919194834 -0.0088272821383653787 -0.10078265061900511 0.063431317593527492 -0.01901843500552812 0.016735512308863231
leaf_weight=48 45 43 32 35 40 32 42 45 32 37 35 57
leaf_count=48 45 43 32 35 40 32 42 45 32 37 35 57
internal_value=0.00500624 0.0141677 -0.00456387 0.0408175 0.00907149 -0.00526228 0.0594619 0.0348445 -0.0284682 0.01086 -0.0583134 -0.00843023
internal_weight=523 411 241 170 209 169 135 93 112 137 67 100
internal_count=523 411 241 170 209 169 135 93 112 137 67 100
is_linear=0
shrinkage=0.0789854


Tree=35
num_leaves=13
num_cat=0
split_feature=10 9 4 5 4 12 4 3 10 2 3 12
split_gain=26.8033 56.4752 63.3364 48.8862 33.1857 48.1642 32.4466 25.3281 18.9434 10.6648 6.13365 14.5298
threshold=-6.4499999999999984 -5.099999999999997 0.44312301391210612 0.11449999999999996 0.45847758937963173 -1.9714285714285713 0.14888728888808322 0.34235194516023087 0.95000000000000295 21.699999999999999 -0.21861968191509912 -2.0178571428571428
decision_type=2 2 2 2 2 2 2 2 2 2 2 2
left_child=-1 2 -2 4 6 -6 7 9 -9 10 11 -3
right_child=1 3 -4 -5 5 -7 -8 8 -10 -11 -12 -13
leaf_value=0.053372127775823806 0.008484930377046597 -0.016943139323387028 -0.14032019816424965 -0.073964228830558879 0.11704473869561798 0.0080680968268915659 -0.066913484926739222 0.079781541988034124 0.0035157373427718193 -0.046509627379946406 -0.021940749738592578 0.058048880726793949
leaf_weight=62 35 32 36 39 46 57 35 50 35 32 32 32
leaf_count=62 35 32 36 39 46 57 35 50 35 32 32 32
internal_value=0.00460593 -0.00191771 -0.0667392 0.00984186 0.0192001 0.0568957 0.0034787 0.015122 0.0485692 -0.00696295 0.00605126 0.0203005
internal_weight=523 461 71 390 351 103 248 213 85 128 96 64
internal_count=523 461 71 390 351 103 248 213 85 128 96 64
is_linear=0
shrinkage=0.0789854


Tree=36
num_leaves=12
num_cat=0
split_feature=8 3 12 11 11 12 0 9 2 0 7
split_gain=40.5079 52.7215 21.6478 29.8884 29.2969 26.347 26.3428 29.6083 23.0412 19.8914 4.63951
threshold=0.096500000000000016 0.57077594689671507 -0.74285714285714322 -0.84285714285714253 -1.4285714285714277 0.032142857142856307 53.250000000000007 -0.95000000000000273 23.950000000000006 72.050000000000011 6923.5000000000009
decision_type=2 2 2 2 2 2 2 2 2 2 2
left_child=1 -1 3 4 6 10 -2 8 9 -8 -4
right_child=2 -3 5 -5 -6 -7 7 -9 -10 -11 -12
leaf_value=0.0093090614529522438 -0.061709839192686244 0.13201383615718418 0.079869949626097989 -0.080702394515288503 0.051728524850491557 -0.029348547610730882 -0.041238814389932162 -0.057875620540146569 0.069493830193343653 0.03182297358255886 0.035974657457882697
leaf_weight=62 60 34 32 37 47 32 45 43 38 48 32
leaf_count=62 60 34 32 37 47 32 45 43 38 48 32
internal_value=0.00669897 0.0529374 -0.00398406 -0.0139422 -0.00509357 0.0288331 -0.0165761 -0.000919155 0.0176534 -0.00335552 0.058177
internal_weight=510 96 414 318 281 96 234 174 131 93 64
internal_count=510 96 414 318 281 96 234 174 131 93 64
is_linear=0
shrinkage=0.0789854


Tree=37
num_leaves=13
num_cat=0
split_feature=7 7 1 1 10 12 7 12 13 1 7 4
split_gain=35.8247 30.0458 21.2285 52.734 24.1918 26.2992 25.5717 15.2428 53.4059 51.1798 9.41657 14.8992
threshold=2836.5000000000005 1832.5000000000002 66.40000000000002 73.200000000000003 0.54999999999999727 -0.442857142857144 6175.0000000000009 -2.7357142857142853 3.0825159172458725 85.450000000000017 7413.0000000000009 -0.77243990499604276
decision_type=2 2 2 2 2 2 2 2 2 2 2 2
left_child=1 -1 -2 -4 5 7 -6 8 -5 -9 11 -11
right_child=2 -3 3 4 6 -7 -8 9 -10 10 -12 -13
leaf_value=0.0075443997857444749 0.045585604060140089 0.11552091401162363 -0.094059512595440431 -0.023604741315230351 0.0058098349741491249 0.076898798456729534 -0.075611474972480913 -0.096024995643790217 0.10673867252609967 0.070260312699194388 -0.020418671286565552 -0.00028030920105495108
leaf_weight=33 52 32 40 46 51 36 45 34 34 33 32 42
leaf_count=33 52 32 40 46 51 36 45 34 34 33 32 42
internal_value=0.00617239 0.0609529 -0.00179309 -0.00810341 0.00159123 0.0142725 -0.0321885 0.00399707 0.03159 -0.0115439 0.0151505 0.0305426
internal_weight=510 65 445 393 353 257 96 221 80 141 107 75
internal_count=510 65 445 393 353 257 96 221 80 141 107 75
is_linear=0
shrinkage=0.0789854


Tree=38
num_leaves=12
num_cat=0
split_feature=4 13 7 4 1 3 1 1 12 6 6
split_gain=76.6666 54.4611 50.9633 51.1037 37.1921 47.4587 30.1156 27.6213 15.8397 12.7277 9.84554
threshold=0.74298546529340237 4.1631259389168713 5449.0000000000009 0.30778899014954286 83.15000000000002 0.45273815774107123 78.450000000000017 66.750000000000014 -1.4071428571428579 15.15 11.65
decision_type=2 2 2 2 2 2 2 2 2 2 2
left_child=2 7 3 8 -4 9 -5 -2 -1 10 -6
right_child=1 -3 4 6 5 -7 -8 -9 -10 -11 -12
leaf_value=-0.019902322521789414 0.029222129804706169 -0.13271819879651225 -0.075295195492663752 0.038576679478861557 -0.026288524296303475 0.068854903564409098 0.14223054145720046 -0.070644799932393518 0.050155203895976469 -0.056617273632903961 0.024647265429296624
leaf_weight=54 36 42 45 32 54 52 40 33 32 41 42
leaf_count=54 36 42 45 32 54 52 40 33 32 41 42
internal_value=-0.0037712 -0.0617446 0.0126036 0.0472811 -0.010742 0.00454271 0.0963892 -0.0183063 0.00597784 -0.0197502 -0.00383542
internal_weight=503 111 392 158 234 189 72 69 86 137 96
internal_count=503 111 392 158 234 189 72 69 86 137 96
is_linear=0
shrinkage=0.0789854


Tree=39
num_leaves=12
num_cat=0
split_feature=13 10 2 13 5 1 10 12 13 9 0
split_gain=36.7801 79.2045 34.8269 66.5025 43.235 35.3592 32.3763 48.6218 21.5097 18.1863 7.55372
threshold=4.1631259389168713 -2.2499999999999996 28.550000000000001 2.6687342097073614 0.062000000000000006 88.65000000000002 -4.599999999999997 -1.1142857142857154 1.5274394024782381 -0.65000000000000202 75.050000000000011
decision_type=2 2 2 2 2 2 2 2 2 2 2
left_child=2 -2 3 4 5 -1 -5 9 -7 -8 -10
right_child=1 -3 -4 6 -6 8 7 -9 10 -11 -12
leaf_value=0.066775516245074648 -0.11141783211874827 0.028596392870006256 -0.0704559339860929 0.10832070276767004 -0.09684017061668207 0.014723485029105809 -0.036139328766773254 0.10911144534928741 -0.022484612363321436 0.038779466159139846 -0.07486719856920758
leaf_weight=39 54 47 33 46 34 63 46 34 36 36 35
leaf_count=39 54 47 33 46 34 63 46 34 36 36 35
internal_value=-0.0034708 -0.0461031 0.00720018 0.0141892 -0.0154141 0.000495984 0.0521154 0.0296861 -0.0186742 -0.00305057 -0.0485363
internal_weight=503 101 402 369 207 173 162 116 134 82 71
internal_count=503 101 402 369 207 173 162 116 134 82 71
is_linear=0
shrinkage=0.0789854


Tree=40
num_leaves=12
num_cat=0
split_feature=2 2 6 10 6 1 8 13 10 2 13
split_gain=33.1842 39.2135 52.3758 49.802 47.5087 44.7274 41.9146 35.1271 23.0069 18.0227 14.4353
threshold=28.550000000000001 18.550000000000001 18.850000000000005 0.54999999999999727 16.350000000000005 80.350000000000009 0.12350000000000001 2.2678390645884536 0.54999999999999727 21.699999999999999 2.5495519144686987
decision_type=2 2 2 2 2 2 2 2 2 2 2
left_child=1 2 6 4 5 -3 8 -8 -1 -7 -11
right_child=-2 3 -4 -5 -6 9 7 -9 -10 10 -12
leaf_value=-0.031626471670662126 -0.058532795683767257 0.10046406298029591 0.054603116177130234 -0.043341839926226304 0.13301034323541905 0.043723088221871244 -0.027229019631695717 -0.1367540838628403 0.053486105145540551 0.014299054615088529 -0.058242080821046219
leaf_weight=52 49 42 51 44 35 45 38 36 32 35 33
leaf_count=52 49 42 51 44 35 45 38 36 32 35 33
internal_value=0.00309653 0.00995008 -0.0148624 0.0321808 0.0497557 0.0308505 -0.0373877 -0.0807324 0.00060508 0.00483193 -0.0206673
internal_weight=492 443 209 234 190 155 158 74 84 113 68
internal_count=492 443 209 234 190 155 158 74 84 113 68
is_linear=0
shrinkage=0.0789854


Tree=41
num_leaves=11
num_cat=0
split_feature=12 9 12 2 10 10 12 7 10 3
split_gain=34.0418 52.9745 45.539 37.8437 21.397 24.8889 25.3273 23.1724 41.0689 24.2981
threshold=-0.48571428571428565 2.9500000000000033 0.057142857142856406 28.250000000000007 -6.4499999999999984 -5.099999999999997 -3.085714285714285 6665.5000000000009 -2.4500000000000024 0.19337368024598431
decision_type=2 2 2 2 2 2 2 2 2 2
left_child=1 3 -2 4 -1 -6 -7 8 -8 -10
right_child=2 -3 -4 -5 5 6 7 -9 9 -11
leaf_value=0.069993671783251971 0.093430058445700362 -0.10422163966450432 -0.024436913757274761 -0.068961996899817121 -0.06195645376798007 0.062398267068904091 -0.077785258769488344 0.041729802171454063 0.047510685309445966 -0.026992088792698841
leaf_weight=34 53 32 33 42 32 50 47 60 55 54
leaf_count=34 53 32 33 42 32 50 47 60 55 54
internal_value=0.00284936 -0.00667787 0.0480142 0.0016253 0.0106041 0.00377341 0.011742 0 -0.0160286 0.0104527
internal_weight=492 406 86 374 332 298 266 216 156 109
internal_count=492 406 86 374 332 298 266 216 156 109
is_linear=0
shrinkage=0.0789854


Tree=42
num_leaves=14
num_cat=0
split_feature=0 1 13 0 0 0 10 13 9 9 10 13 0
split_gain=28.2759 44.3468 36.8756 60.2657 48.7132 30.4494 29.9995 20.6013 30.2789 22.4849 20.5208 16.7882 12.1628
threshold=43.650000000000013 82.250000000000014 3.7268970572293112 58.850000000000001 57.250000000000007 62.45000000000001 -2.2499999999999996 1.6631124155974146 -0.24999999999999992 -2.3499999999999974 0.54999999999999727 2.9346026290670868 73.950000000000017
decision_type=2 2 2 2 2 2 2 2 2 2 2 2 2
left_child=6 2 4 -4 11 -3 -1 12 9 -9 -10 -2 -7
right_child=1 5 3 -5 -6 7 -8 8 10 -11 -12 -13 -14
leaf_value=0.08868271761454595 -0.013886557070056073 0.077079812357168515 -0.14783129553106236 -0.0048368642064946718 -0.085106730093233648 0.064481922227347679 -0.011610544241488472 -0.021683496619461697 0.060047835089709949 -0.10517836657714104 -0.027260966898245451 0.066073319077895265 0.0006687990255633922
leaf_weight=36 32 32 44 32 39 33 38 56 35 32 32 33 44
leaf_count=36 32 32 44 32 39 33 38 56 35 32 32 33 44
internal_value=-0.00817405 -0.0157335 -0.0459728 -0.0878377 -0.0152226 0.00482312 0.036963 -0.00507406 -0.0217225 -0.0522308 0.0181069 0.0264601 0.0282284
internal_weight=518 444 180 76 104 264 74 232 155 88 67 65 77
internal_count=518 444 180 76 104 264 74 232 155 88 67 65 77
is_linear=0
shrinkage=0.0789854


Tree=43
num_leaves=12
num_cat=0
split_feature=3 13 13 13 13 13 13 13 2 13 13
split_gain=24.9289 23.6307 37.4684 44.7461 27.4689 37.3278 39.3054 31.8982 34.7327 15.352 3.21488
threshold=0.9916835347852474 1.6631124155974146 2.6687342097073614 2.3924981336377655 3.0825159172458725 3.3633883142421945 3.7268970572293112 5.4805887519103216 20.050000000000001 1.9535625287961467 1.2490946159033658
decision_type=2 2 2 2 2 2 2 2 2 2 2
left_child=1 10 3 9 -4 -6 -7 8 -8 -3 -1
right_child=-2 2 4 -5 5 6 7 -9 -10 -11 -12
leaf_value=0.013763314152682119 0.057760459347528804 -0.060049908330456932 0.052156253285238117 -0.11872037117897234 -0.093855357289633165 0.054220510349473762 -0.087606497367025707 0.045832903389839239 -0.00011747040659934522 0.0088050232734952858 0.047238641527557891
leaf_weight=45 34 35 46 45 32 56 56 32 58 47 32
leaf_count=45 34 35 46 45 32 56 56 32 58 47 32
internal_value=-0.0075309 -0.0121511 -0.0197656 -0.0553586 -0.00356363 -0.0145866 -0.00194831 -0.0236038 -0.0432373 -0.0203875 0.0278862
internal_weight=518 484 407 127 280 234 202 146 114 82 77
internal_count=518 484 407 127 280 234 202 146 114 82 77
is_linear=0
shrinkage=0.0789854


Tree=44
num_leaves=13
num_cat=0
split_feature=13 13 11 10 10 11 3 10 11 11 8 11
split_gain=19.7095 26.5247 57.525 25.053 24.6156 42.5275 17.5458 19.3526 15.3171 21.7551 13.1934 12.7096
threshold=5.1928749146057482 4.1480632265033011 -1.8785714285714288 -0.24999999999999992 0.75000000000000011 -0.24285714285714266 -0.8041866928211282 -1.0499999999999969 -3.399999999999999 -2.1071428571428554 0.21550000000000002 -1.0857142857142863
decision_type=2 2 2 2 2 2 2 2 2 2 2 2
left_child=1 3 -3 6 -5 -6 10 8 -8 -10 -1 -11
right_child=-2 2 -4 4 5 -7 7 -9 9 11 -12 -13
leaf_value=0.0095028254136972773 0.056932776504990595 -0.1151489398275134 0.022163842075261692 -0.082313110019800906 0.048881652104516574 -0.058506326473568827 0.053482905732070866 0.078797126156909245 -0.044749127803026346 0.06226669848411364 -0.0538190427697239 -0.0052202197599119076
leaf_weight=51 32 40 36 37 45 47 46 37 43 33 34 36
leaf_count=51 32 40 36 37 45 47 46 37 43 33 34 36
internal_value=-0.00304916 -0.00704032 -0.049894 0.000883323 -0.0278746 -0.00580368 0.0141904 0.0272748 0.0151062 -0.000511748 -0.0156361 0.0268223
internal_weight=517 485 76 409 129 92 280 195 158 112 85 69
internal_count=517 485 76 409 129 92 280 195 158 112 85 69
is_linear=0
shrinkage=0.0789854


Tree=45
num_leaves=12
num_cat=0
split_feature=11 11 2 8 3 8 0 2 2 4 6
split_gain=19.396 19.4147 17.8667 22.9458 44.4667 38.4329 34.0097 25.7488 35.7781 17.1308 13.3388
threshold=-4.235714285714284 -3.4857142857142871 26.70000000000001 0.20550000000000002 0.42179998225932674 0.14250000000000002 68.65000000000002 11.600000000000003 15.500000000000005 -0.93543596745397617 14.050000000000002
decision_type=2 2 2 2 2 2 2 2 2 2 2
left_child=10 -2 3 5 9 7 -7 -3 -9 -5 -1
right_child=1 2 -4 4 -6 6 -8 8 -10 -11 -12
leaf_value=-0.007061694765785294 0.053642878495133939 -0.038539211862769152 -0.046382299730301356 0.042672450346962688 0.10980779517549519 -0.10481493025763396 -0.0044266919510772638 0.09363490852828063 -0.0022365208175195018 -0.025226363055329284 -0.077085837531002135
leaf_weight=35 43 41 50 40 33 41 44 40 61 55 34
leaf_count=35 43 41 50 40 33 41 44 40 61 55 34
internal_value=-0.00280338 0.00316713 -0.00215227 0.00403191 0.0308069 -0.0109947 -0.053041 0.0140602 0.0355731 0.00319245 -0.0418021
internal_weight=517 448 405 355 128 227 85 142 101 95 69
internal_count=517 448 405 355 128 227 85 142 101 95 69
is_linear=0
shrinkage=0.0789854


Tree=46
num_leaves=12
num_cat=0
split_feature=4 8 1 13 1 4 4 9 0 1 0
split_gain=26.1305 24.6461 26.4617 29.934 24.9985 46.8658 30.3341 18.1698 13.2553 9.20039 1.75865
threshold=0.96177147954086906 0.17450000000000002 84.750000000000014 2.9346026290670868 78.250000000000014 0.28313308994381586 0.86004965528756494 -2.8499999999999974 72.950000000000017 97.050000000000011 75.050000000000011
decision_type=2 2 2 2 2 2 2 2 2 2 2
left_child=1 4 -3 8 6 -6 7 -1 -4 10 -10
right_child=-2 2 3 -5 5 -7 -8 -9 9 -11 -12
leaf_value=-0.073028574203039501 -0.061911662274473936 -0.060555346524592414 -0.043374205621570079 0.060171689923687058 0.0032875852542326215 0.11629494062556205 0.052354187209914194 0.0039057011504586001 0.033621692699902186 -0.029832817426903725 0.0072581668345678696
leaf_weight=34 41 56 62 42 51 42 44 43 32 35 35
leaf_count=34 41 56 62 42 51 42 44 43 32 35 35
internal_value=-0.00138585 0.00379372 -0.012409 0.000601174 0.0237063 0.0544986 0 -0.0298559 -0.0145565 0.00280193 0.0200919
internal_weight=517 476 262 206 214 93 121 77 164 102 67
internal_count=517 476 262 206 214 93 121 77 164 102 67
is_linear=0
shrinkage=0.0789854


end of trees

feature_importances:
forecast_low=45
forecast_high=45
day_sin=45
forecast_diurnal_range=44
forecast_wind=43
lag_low_1d=43
roll_low_7d_std=43
roll_low_7d_mean=41
roll_low_14d_mean=40
day_cos=38
forecast_radiation=33
lag_low_2d=29
forecast_evap=27
forecast_precip=10

parameters:
[boosting: gbdt]
[objective: regression]
[metric: l2]
[tree_learner: serial]
[device_type: cpu]
[data_sample_strategy: bagging]
[data: ]
[valid: ]
[num_iterations: 47]
[learning_rate: 0.0789854]
[num_leaves: 45]
[num_threads: 2]
[seed: 42]
[deterministic: 0]
[force_col_wise: 0]
[force_row_wise: 0]
[histogram_pool_size: -1]
[max_depth: -1]
[min_data_in_leaf: 32]
[min_sum_hessian_in_leaf: 0.001]
[bagging_fraction: 0.636549]
[pos_bagging_fraction: 1]
[neg_bagging_fraction: 1]
[bagging_freq: 2]
[bagging_seed: 400]
[bagging_by_query: 0]
[feature_fraction: 0.63574]
[feature_fraction_bynode: 1]
[feature_fraction_seed: 30056]
[extra_trees: 0]
[extra_seed: 12879]
[early_stopping_round: 0]
[early_stopping_min_delta: 0]
[first_metric_only: 0]
[max_delta_step: 0]
[lambda_l1: 0.204991]
[lambda_l2: 0.00184225]
[linear_lambda: 0]
[min_gain_to_split: 0]
[drop_rate: 0.1]
[max_drop: 50]
[skip_drop: 0.5]
[xgboost_dart_mode: 0]
[uniform_drop: 0]
[drop_seed: 17869]
[top_rate: 0.2]
[other_rate: 0.1]
[min_data_per_group: 100]
[max_cat_threshold: 32]
[cat_l2: 10]
[cat_smooth: 10]
[max_cat_to_onehot: 4]
[top_k: 20]
[monotone_constraints: ]
[monotone_constraints_method: basic]
[monotone_penalty: 0]
[feature_contri: ]
[forcedsplits_filename: ]
[refit_decay_rate: 0.9]
[cegb_tradeoff: 1]
[cegb_penalty_split: 0]
[cegb_penalty_feature_lazy: ]
[cegb_penalty_feature_coupled: ]
[path_smooth: 0]
[interaction_constraints: ]
[verbosity: -1]
[saved_feature_importance_type: 0]
[use_quantized_grad: 0]
[num_grad_quant_bins: 4]
[quant_train_renew_leaf: 0]
[stochastic_rounding: 1]
[linear_tree: 0]
[max_bin: 255]
[max_bin_by_feature: ]
[min_data_in_bin: 3]
[bin_construct_sample_cnt: 200000]
[data_random_seed: 175]
[is_enable_sparse: 1]
[enable_bundle: 1]
[use_missing: 1]
[zero_as_missing: 0]
[feature_pre_filter: 1]
[pre_partition: 0]
[two_round: 0]
[header: 0]
[label_column: ]
[weight_column: ]
[group_column: ]
[ignore_column: ]
[categorical_feature: ]
[forcedbins_filename: ]
[precise_float_parser: 0]
[parser_config_file: ]
[objective_seed: 16083]
[num_class: 1]
[is_unbalance: 0]
[scale_pos_weight: 1]
[sigmoid: 1]
[boost_from_average: 1]
[reg_sqrt: 0]
[alpha: 0.9]
[fair_c: 1]
[poisson_max_delta_step: 0.7]
[tweedie_variance_power: 1.5]
[lambdarank_truncation_level: 30]
[lambdarank_norm: 1]
[label_gain: ]
[lambdarank_position_bias_regularization: 0]
[eval_at: ]
[multi_error_top_k: 1]
[auc_mu_weights: ]
[num_machines: 1]
[local_listen_port: 12400]
[time_out: 120]
[machine_list_filename: ]
[machines: ]
[gpu_platform_id: -1]
[gpu_device_id: -1]
[gpu_use_dp: 0]
[num_gpu: 1]

end of parameters

pandas_categorical:[]
