tree
version=v4
num_class=1
num_tree_per_iteration=1
label_index=0
max_feature_idx=13
objective=regression
feature_names=forecast_low forecast_high forecast_diurnal_range day_sin day_cos forecast_precip forecast_wind forecast_radiation forecast_evap lag_low_1d lag_low_2d roll_low_7d_mean roll_low_14d_mean roll_low_7d_std
feature_infos=[17.399999999999999:79.200000000000003] [31.600000000000001:108.2] [4.1000000000000014:46.799999999999997] [-0.99999942202469239:0.99998555065071859] [-0.99997919295908244:0.9999907524084426] [0:3.0950000000000002] [4.2999999999999998:28.300000000000001] [205:8339] [0.012999999999999999:0.33600000000000002] [-8.7000000000000028:12.799999999999995] [-8.7000000000000028:12.799999999999995] [-1.6428571428571419:7.3000000000000016] [-0.79999999999999916:6.5285714285714276] [0.36709931185156658:5.7581825836514318]
tree_sizes=1321 1382 1397 1399 1221 1317 1386 1365 1393 1403 1386 1403 1314 1314 1326 1480 1315 1395 1317 1320 1319 1314 1332 1302 1396 1485 1393 1322 1391 1480 1320 1305 1402 1398 1400 1385 1482 1239 1405 1325 1402 1402 1411 1495 1333 1411 1498 1323 1337 1414 1502 1508 1409 1401 1405

Tree=0
num_leaves=15
num_cat=0
split_feature=11 5 1 2 6 2 12 11 3 6 13 13 3 12
split_gain=491.317 178.194 114.388 96.5381 58.128 68.8783 46.4048 40.7107 36.8212 35.9422 35.3144 33.8457 23.2442 10.2689
threshold=3.3000000000000007 0.071500000000000008 77.200000000000003 21.350000000000001 9.8500000000000032 25.250000000000004 1.8321428571428577 1.6357142857142863 -0.52766804058324157 13.950000000000001 2.4853858106360369 2.6858084608918111 -0.031173458710879145 0.70357142857142929
decision_type=2 2 2 2 2 2 2 2 2 2 2 2 2 2
left_child=1 2 7 -2 6 9 -4 11 -5 12 -7 -1 -6 -13
right_child=3 -3 4 8 5 10 -8 -9 -10 -11 -12 13 -14 -15
leaf_value=2.1277054276805343 2.1936207567554447 2.0193094913335252 2.0606643376017999 2.349159991883575 2.2204145528097445 2.2851048234567535 2.1652682371792848 2.1542882633655527 2.2613352308791916 2.1091043082999916 2.1935121752232845 2.0755738555406822 2.1547348913296296 2.0199348900235514
leaf_weight=28 39 45 27 39 30 27 32 30 34 36 33 28 49 27
leaf_count=28 39 45 27 39 30 27 32 30 34 36 33 28 49 27
internal_value=2.16054 2.12929 2.14377 2.2695 2.1674 2.18452 2.11688 2.09505 2.30943 2.15763 2.23557 2.07383 2.17995 2.04704
internal_weight=504 392 347 112 234 175 59 113 73 115 60 83 79 55
internal_count=504 392 347 112 234 175 59 113 73 115 60 83 79 55
is_linear=0
shrinkage=1


Tree=1
num_leaves=15
num_cat=0
split_feature=9 3 5 10 4 13 4 6 2 8 2 6 6 8
split_gain=405.359 160.217 153.143 131.346 55.7644 57.8134 43.9574 70.3943 77.7304 45.4379 41.9326 35.6591 26.1675 31.5267
threshold=2.4500000000000033 0.22700754078277599 0.11399999999999996 2.6000000000000054 -0.15101602693478736 2.7656050732452164 0.56191161272202661 8.9500000000000011 26.250000000000007 0.20650000000000002 23.950000000000006 12.15 12.950000000000001 0.11549999999999996
decision_type=2 2 2 2 2 2 2 2 2 2 2 2 2 2
left_child=2 3 6 11 -3 -6 7 -1 9 -9 -5 -2 13 -8
right_child=1 4 -4 10 5 -7 12 8 -10 -11 -12 -13 -14 -15
leaf_value=-0.08893585134891914 0.070552860049446081 0.062065783554772866 -0.16611425262285018 0.092461631102994005 0.02415555874863299 -0.092197216756440159 -0.0052956917903175136 0.028289142185816102 0.09346479819607903 -0.057390063633081627 0.17764182743769355 -0.023087683303963023 -0.11014418028126371 -0.088110601474938904
leaf_weight=31 29 29 33 38 28 31 37 40 29 46 50 27 28 28
leaf_count=31 29 29 33 38 28 31 37 40 29 46 50 27 28 28
internal_value=0.0011945 0.0585748 -0.0477689 0.0968865 -0.00435031 -0.0372938 -0.0310505 -0.0107074 0.0107349 -0.0176199 0.141741 0.0256402 -0.0627117 -0.0414528
internal_weight=504 232 272 144 88 59 239 146 115 86 88 56 93 65
internal_count=504 232 272 144 88 59 239 146 115 86 88 56 93 65
is_linear=0
shrinkage=0.0591741


Tree=2
num_leaves=15
num_cat=0
split_feature=11 5 1 2 8 6 2 13 6 13 3 0 4 3
split_gain=398.116 143.49 95.0826 78.7803 59.3624 48.2384 56.9167 38.6847 32.811 28.8405 28.3362 23.0182 16.985 17.3646
threshold=3.3000000000000007 0.071500000000000008 77.200000000000003 21.350000000000001 0.10450000000000001 9.8500000000000032 25.250000000000004 2.0445629901331821 11.350000000000003 2.7873855293380725 -0.52766804058324157 46.20000000000001 -0.87810534180523914 0.88621069759564464
decision_type=2 2 2 2 2 2 2 2 2 2 2 2 2 2
left_child=1 2 4 -2 -1 7 8 -4 -7 -8 -5 -6 -10 -14
right_child=3 -3 5 10 11 6 9 -9 12 -11 -12 -13 13 -15
leaf_value=-0.0074198853593078935 0.030659243384130296 -0.12570639298112338 0.0071625360392615946 0.17018496141899428 -0.059837394110017768 0.051264870520935021 0.107426888709653 -0.088129829134688087 0.014613267403222054 0.024857642551902159 0.092941862901337532 -0.13148002531206776 -0.07301356062574417 -0.0061204814713235285
leaf_weight=47 39 45 31 39 35 30 32 28 31 28 34 31 27 27
leaf_count=47 39 45 31 39 35 30 32 28 31 28 34 31 27 27
internal_value=0.00111796 -0.0270154 -0.0140205 0.0992012 -0.0584399 0.00752509 0.0231198 -0.0384959 -0.00132927 0.0695267 0.135267 -0.0943754 -0.0201228 -0.0400049
internal_weight=504 392 347 112 113 234 175 59 115 60 73 66 85 54
internal_count=504 392 347 112 113 234 175 59 115 60 73 66 85 54
is_linear=0
shrinkage=0.0591741


Tree=3
num_leaves=15
num_cat=0
split_feature=11 1 11 11 2 3 0 7 8 10 3 8 8 13
split_gain=353.102 102.886 70.3267 79.9579 69.8747 48.4422 63.9995 46.5145 31.9796 31.25 25.1205 22.1599 17.7762 15.8823
threshold=3.3000000000000007 76.950000000000017 2.3357142857142867 1.1928571428571437 21.350000000000001 -0.031173458710879145 70.15000000000002 6781.0000000000009 0.10350000000000001 2.7500000000000004 -0.52766804058324157 0.20850000000000002 0.15250000000000002 1.9738755422278496
decision_type=2 2 2 2 2 2 2 2 2 2 2 2 2 2
left_child=1 2 3 8 -2 9 11 -8 -1 13 -6 12 -7 -3
right_child=4 5 -4 -5 10 6 7 -9 -10 -11 -12 -13 -14 -15
leaf_value=-0.003643420470317862 0.028872695025106081 0.025490086749884653 0.017331661598973144 -0.15606653532616907 0.1602680816195938 0.015126913933061469 -0.12410004980248182 -0.018102933949875034 -0.085637261618745492 0.069371515876516882 0.087538156440999229 0.038914862000941394 -0.051553868293134193 -0.03213179516331021
leaf_weight=30 39 42 27 39 39 27 30 28 37 38 34 39 28 27
leaf_count=30 39 42 27 39 39 27 30 28 37 38 34 39 28 27
internal_value=0.00105233 -0.0254429 -0.0676199 -0.0892341 0.0934244 -0.00367737 -0.0251088 -0.0736434 -0.0492844 0.0267373 0.127391 0.00511712 -0.019011 0.00285915
internal_weight=504 392 133 106 112 259 152 58 67 107 73 94 55 69
internal_count=504 392 133 106 112 259 152 58 67 107 73 94 55 69
is_linear=0
shrinkage=0.0591741


Tree=4
num_leaves=13
num_cat=0
split_feature=11 5 11 9 0 2 2 2 7 11 9 4
split_gain=313.196 124.73 82.0256 67.1463 63.4173 45.2431 39.3265 38.663 35.999 27.2712 27.061 26.9913
threshold=3.3000000000000007 0.081500000000000003 1.9000000000000015 3.5999999999999983 52.250000000000007 17.450000000000006 21.250000000000007 25.450000000000006 4100.5000000000009 1.1714285714285715 2.7500000000000004 0.75438814418115718
decision_type=2 2 2 2 2 2 2 2 2 2 2 2
left_child=1 2 4 -2 8 -6 -4 -5 -1 -7 -8 -10
right_child=3 -3 6 7 5 9 10 -9 11 -11 -12 -13
leaf_value=-0.016666941943226241 0.020938073287754246 -0.11957263999095863 -0.022600578190960067 0.067894466261107581 -0.065958799967249848 0.04414432307694257 0.012232491059567752 0.15530548726946475 -0.061455751869236533 -0.026686309619999141 0.074415630434363278 -0.13993398306479063
leaf_weight=29 36 42 47 32 31 50 50 44 37 30 48 28
leaf_count=29 36 42 47 32 31 50 50 44 37 30 48 28
internal_value=0.000988049 -0.0239651 -0.0123059 0.087984 -0.036354 -0.0059801 0.021703 0.119327 -0.0719537 0.0175819 0.042959 -0.0962394
internal_weight=504 392 350 112 205 111 145 76 94 80 98 65
internal_count=504 392 350 112 205 111 145 76 94 80 98 65
is_linear=0
shrinkage=0.0591741


Tree=5
num_leaves=14
num_cat=0
split_feature=11 5 11 2 1 6 7 2 8 3 11 11 3
split_gain=277.79 110.579 72.7704 57.3145 53.3309 55.6489 53.0157 34.8646 24.4703 21.7813 20.139 12.831 11.9171
threshold=3.3000000000000007 0.081500000000000003 1.9000000000000015 21.350000000000001 76.950000000000017 9.8500000000000032 3539.0000000000005 21.250000000000007 0.18050000000000002 -0.52766804058324157 2.3999999999999999 0.82857142857142885 -0.11692013674435768
decision_type=2 2 2 2 2 2 2 2 2 2 2 2 2
left_child=1 2 4 -2 6 -6 -1 -4 -7 -5 -9 -8 -12
right_child=3 -3 7 9 5 8 11 10 -10 -11 12 -13 -14
leaf_value=0.0012407286246960824 0.024426660716204748 -0.11259739928001278 -0.021280185929606298 0.14413835335622432 -0.074422410254684365 0.055875636509874614 -0.072389042002032958 -0.00096231483023071049 -0.0087649178630118951 0.076693908386076468 0.079793128341171179 -0.12911742138741031 0.029632382435562987
leaf_weight=27 39 42 47 39 31 34 36 29 50 34 38 27 31
leaf_count=27 39 42 47 39 31 34 36 29 50 34 38 27 31
internal_value=0.000924058 -0.0225763 -0.0115983 0.0828551 -0.0342491 -0.0074571 -0.0682053 0.0204345 0.0176113 0.113613 0.0404483 -0.097697 0.0577101
internal_weight=504 392 350 112 205 115 90 145 84 73 98 63 69
internal_count=504 392 350 112 205 115 90 145 84 73 98 63 69
is_linear=0
shrinkage=0.0591741


Tree=6
num_leaves=15
num_cat=0
split_feature=6 9 4 2 4 11 0 6 11 6 6 11 0 9
split_gain=189.514 148.613 104.678 91.9892 96.1056 99.8178 47.491 43.3562 40.0896 33.2748 23.597 19.0973 17.8047 14.4927
threshold=15.550000000000002 -1.1500000000000019 0.40418040343369127 15.399999999999997 0.66367808336324663 1.5142857142857153 72.050000000000011 9.8500000000000032 3.1428571428571437 10.750000000000002 11.250000000000002 2.9857142857142862 64.450000000000017 2.5999999999999983
decision_type=2 2 2 2 2 2 2 2 2 2 2 2 2 2
left_child=1 7 -2 13 5 10 8 -1 12 -6 -5 -8 -7 -3
right_child=2 3 -4 4 9 6 11 -9 -10 -11 -12 -13 -14 -15
leaf_value=-0.1194028811423009 -0.02057029319151624 -0.0036887680209659319 -0.16206982815107596 -0.063542340586716706 0.15611797124052465 0.017942658758541941 0.045997720413932193 -0.017789781049922015 0.12839090017819244 0.067373721997994823 0.0048818430707409672 -0.014403757842275586 0.080283103205578424 -0.061728574277138279
leaf_weight=27 44 32 31 33 32 30 40 32 39 30 37 33 35 28
leaf_count=27 44 32 31 33 32 30 40 32 39 30 37 33 35 28
internal_value=0.00650256 0.0217318 -0.0798847 0.0356879 0.0486957 0.0320041 0.0556071 -0.0650298 0.0811858 0.114242 -0.027643 0.0187988 0.0519409 -0.0311195
internal_weight=503 428 75 369 309 247 177 59 104 62 70 73 65 60
internal_count=503 428 75 369 309 247 177 59 104 62 70 73 65 60
is_linear=0
shrinkage=0.0591741


Tree=7
num_leaves=15
num_cat=0
split_feature=6 9 4 9 6 3 6 6 3 8 1 7 9 6
split_gain=174.668 124.702 76.0391 49.972 43.6489 39.0477 48.4078 38.53 29.1629 28.8746 27.8228 38.0176 33.8442 12.6362
threshold=17.550000000000004 3.0999999999999983 0.92843842216862604 -1.0999999999999976 15.15 0.039769539193789956 11.850000000000003 11.15 -0.72696319516528884 0.20450000000000002 75.850000000000009 5206.5000000000009 2.2500000000000004 10.850000000000003
decision_type=2 2 2 2 2 2 2 2 2 2 2 2 2 2
left_child=1 2 3 7 10 6 8 -1 -3 -7 -5 -12 13 -13
right_child=-2 5 -4 4 -6 9 -8 -9 -10 -11 11 12 -14 -15
leaf_value=-0.1117691285300846 -0.12024188171859131 0.070659696129605695 0.085844809677855446 -0.03444729663987222 -0.068673245002003738 -0.012743906161839074 0.021007304088889758 -0.013675654509424635 0.15267446204563132 0.067525760926990808 0.060508744782950451 -0.0098833467815377836 -0.053990898836971404 0.040348022663621814
leaf_weight=29 35 33 28 43 30 36 31 27 31 27 51 29 30 43
leaf_count=29 35 33 28 43 30 36 31 27 31 27 51 29 30 43
internal_value=0.00612046 0.0157135 -0.00610957 -0.0154038 -0.00294272 0.0583911 0.0822512 -0.065125 0.111442 0.021972 0.00729821 0.01912 -0.00180885 0.020202
internal_weight=503 468 310 282 226 158 95 56 64 63 196 153 102 72
internal_count=503 468 310 282 226 158 95 56 64 63 196 153 102 72
is_linear=0
shrinkage=0.0591741


Tree=8
num_leaves=15
num_cat=0
split_feature=6 2 9 9 6 6 2 8 11 3 10 7 9 0
split_gain=154.935 131.392 83.8428 75.1994 78.4404 50.0173 39.2127 58.339 30.4896 25.4577 32.3801 19.8622 17.6441 11.7014
threshold=17.550000000000004 23.150000000000009 2.4500000000000033 -0.84999999999999776 15.050000000000002 8.9500000000000011 15.399999999999997 0.12350000000000001 1.5785714285714285 -0.065535378769913832 3.9500000000000033 6781.0000000000009 2.5999999999999983 73.250000000000014
decision_type=2 2 2 2 2 2 2 2 2 2 2 2 2 2
left_child=1 3 5 -1 6 -3 12 -8 -9 10 -4 -7 -5 -10
right_child=-2 2 9 4 -6 11 7 8 13 -11 -12 -13 -14 -15
leaf_value=-0.094324345955264274 -0.1132474416214377 -0.033819714096023655 0.070701421473480533 0.0057388653733371296 -0.085918697383591244 0.067948382068664201 0.1018553499684918 -0.043629821912157772 0.052804147805286208 0.050444495292386426 0.16001795762439255 0.0040699458185329647 -0.059652648945236336 0.0028916093573889802
leaf_weight=35 35 46 33 29 32 46 31 27 36 41 27 27 28 30
leaf_count=35 35 46 33 29 32 46 31 27 36 41 27 27 28 30
internal_value=0.00576348 0.0147984 0.0480256 -0.0147224 -0.00141238 0.0142377 0.0137641 0.032391 0.00872806 0.0875137 0.112089 0.0445495 -0.026672 0.0303487
internal_weight=503 468 220 248 213 119 181 124 93 101 60 73 57 66
internal_count=503 468 220 248 213 119 181 124 93 101 60 73 57 66
is_linear=0
shrinkage=0.0591741


Tree=9
num_leaves=15
num_cat=0
split_feature=6 9 3 6 0 8 0 10 6 8 5 9 10 3
split_gain=137.435 102.769 65.4825 108.39 60.1678 65.8783 37.6682 38.3134 37.5971 28.776 25.4571 20.8797 13.8867 10.0387
threshold=17.550000000000004 -1.1500000000000019 0.039769539193789956 13.350000000000003 69.350000000000009 0.20850000000000002 59.400000000000006 2.0499999999999976 11.450000000000001 0.16450000000000004 1.0000000180025095e-35 4.549999999999998 0.75000000000000011 0.45273815774107123
decision_type=2 2 2 2 2 2 2 2 2 2 2 2 2 2
left_child=1 8 3 6 5 9 -3 -8 -1 10 12 -9 -4 -6
right_child=-2 2 4 -5 13 -7 7 11 -10 -11 -12 -13 -14 -15
leaf_value=-0.093436374866682062 -0.10665986620930692 0.11861389743001086 0.065032692706350925 -0.035724027265946277 -0.024825116845941211 0.095054839839051844 0.0019936342617589971 0.051377974330384678 -0.0028055425343633685 -0.053052426928725305 -0.030584458310577226 0.11339931626238707 0.0070676566134428619 -0.075959495026294871
leaf_weight=37 35 42 31 42 27 32 36 53 28 27 27 31 27 28
leaf_count=37 35 42 31 42 27 32 36 53 28 27 27 31 27 28
internal_value=0.00542853 0.013938 0.0250871 0.0485935 0.000915893 0.0210289 0.0705051 0.053157 -0.0547809 -0.000517961 0.0164261 0.0749133 0.0384001 -0.0513998
internal_weight=503 468 403 204 199 144 162 120 65 112 85 84 58 55
internal_count=503 468 403 204 199 144 162 120 65 112 85 84 58 55
is_linear=0
shrinkage=0.0591741


Tree=10
num_leaves=15
num_cat=0
split_feature=6 12 5 0 6 1 4 6 10 3 10 8 8 3
split_gain=121.903 65.8635 64.7936 62.9107 64.5755 53.4669 46.2916 50.5696 43.574 24.5301 21.3524 18.484 16.3726 16.1845
threshold=17.550000000000004 1.5678571428571435 0.092500000000000013 60.800000000000004 13.850000000000003 81.90000000000002 0.83258597624099873 10.65 0.75000000000000011 -0.065535378769913832 2.1500000000000026 0.16350000000000003 0.10450000000000001 -0.67803021058859214
decision_type=2 2 2 2 2 2 2 2 2 2 2 2 2 2
left_child=1 6 3 5 9 12 7 11 -9 10 -5 -1 -3 -12
right_child=-2 2 -4 4 -6 -7 -8 8 -10 -11 13 -13 -14 -15
leaf_value=-0.039379728743877476 -0.10045548780680352 0.077327750313003013 -0.054435680534903379 0.0061106900395967011 -0.043508969793511779 0.14235293094354864 0.055055188933038783 -0.04383977976294437 0.039060559527617951 -0.010937740321182724 0.042984607980394052 -0.10573727413560481 0.012774569878881916 0.097215471182299631
leaf_weight=34 35 27 28 27 43 31 27 41 47 27 46 27 28 35
leaf_count=34 35 27 28 27 43 31 27 41 47 27 46 27 28 35
internal_value=0.0051094 0.0131236 0.0303344 0.039429 0.0192276 0.0808153 -0.0154369 -0.0283814 0.000400937 0.0393152 0.0518694 -0.0695002 0.0449603 0.0669641
internal_weight=503 468 292 264 178 86 176 149 88 135 108 61 55 81
internal_count=503 468 292 264 178 86 176 149 88 135 108 61 55 81
is_linear=0
shrinkage=0.0591741


Tree=11
num_leaves=15
num_cat=0
split_feature=6 9 5 4 9 11 0 9 13 6 11 0 13 13
split_gain=108.134 86.6131 50.5629 51.558 48.5276 45.5811 40.2061 35.6197 44.3349 33.1961 23.5169 26.9458 14.0545 10.6701
threshold=17.550000000000004 -1.1500000000000019 0.092500000000000013 0.95178258287705175 3.0999999999999983 1.6357142857142863 72.350000000000009 2.2500000000000004 2.3529584344254468 11.450000000000001 0.51428571428571612 70.050000000000011 2.1849592126893715 2.5455374560630895
decision_type=2 2 2 2 2 2 2 2 2 2 2 2 2 2
left_child=1 9 3 4 7 -6 13 10 -9 -1 -3 12 -12 -7
right_child=-2 2 -4 -5 5 6 -8 8 -10 -11 11 -13 -14 -15
leaf_value=-0.087047194814699871 -0.094612019313614681 -0.022664136990314498 -0.049361502595487862 0.10654576109381358 -0.018451858901799036 0.071529765201706924 0.0099318692968082198 0.013650692364097008 -0.089231098082380556 -0.0019024465815146276 0.026377572313955412 -0.0017826211755952162 0.080461138355197484 0.1197616228665546
leaf_weight=37 35 35 31 27 27 49 31 31 27 28 32 48 37 28
leaf_count=37 35 35 31 27 27 49 31 31 27 28 32 48 37 28
internal_value=0.00481235 0.0123604 0.0225961 0.0286629 0.0223921 0.0499868 0.0671039 0.00456011 -0.0346688 -0.0507249 0.0196071 0.0323038 0.0558257 0.0898646
internal_weight=503 468 403 372 345 135 108 210 58 65 152 117 69 77
internal_count=503 468 403 372 345 135 108 210 58 65 152 117 69 77
is_linear=0
shrinkage=0.0591741


Tree=12
num_leaves=14
num_cat=0
split_feature=9 5 2 12 6 2 0 6 10 12 8 9 9
split_gain=224.663 88.934 85.2718 38.2714 28.7772 35.6498 35.5369 32.2443 27.8808 27.7076 20.8043 19.7381 16.4404
threshold=3.0999999999999983 0.030000000000000002 18.000000000000007 4.2892857142857155 8.3500000000000032 23.300000000000011 50.800000000000004 14.950000000000001 1.6500000000000024 2.3321428571428573 0.20450000000000002 1.1500000000000024 0.29999999999999899
decision_type=2 2 2 2 2 2 2 2 2 2 2 2 2
left_child=1 4 -2 9 -1 7 -7 11 -3 -4 -11 -6 -8
right_child=2 8 3 -5 5 6 12 -9 -10 10 -12 -13 -14
leaf_value=-0.055629682788592094 -0.028242976712012362 -0.051690130643871041 0.098692481630759166 0.1373050206669591 -0.033568095436328167 -0.026233037192707153 0.085026945623909111 -0.064081910159713498 -0.13813143241722495 -0.00033893802120532444 0.063383786604116199 0.020393892238069127 0.021658285005842416
leaf_weight=46 34 27 41 28 42 31 27 45 27 30 44 53 31
leaf_count=46 34 27 41 28 42 31 27 45 27 30 44 53 31
internal_value=0.0019418 -0.0269696 0.05559 0.0755574 -0.0132415 -0.00460281 0.0245806 -0.023181 -0.0959612 0.059884 0.0377567 -0.00352434 0.0517301
internal_weight=506 329 177 143 275 229 89 140 54 115 74 95 58
internal_count=506 329 177 143 275 229 89 140 54 115 74 95 58
is_linear=0
shrinkage=0.0591741


Tree=13
num_leaves=14
num_cat=0
split_feature=9 5 2 12 2 6 2 10 0 1 1 1 3
split_gain=199.275 80.7084 75.6389 33.9904 33.3913 56.8628 39.6365 36.4627 25.6849 34.9262 19.0131 23.3005 8.60116
threshold=3.0999999999999983 0.11399999999999996 18.000000000000007 4.2892857142857155 23.300000000000011 10.850000000000003 27.949999999999999 3.2500000000000004 72.350000000000009 89.000000000000014 67.950000000000017 84.050000000000011 0.29342972903661901
decision_type=2 2 2 2 2 2 2 2 2 2 2 2 2
left_child=1 4 -2 8 7 6 -6 10 9 -4 -1 -12 -13
right_child=2 -3 3 -5 5 -7 -8 -9 -10 -11 11 12 -14
leaf_value=-0.057178612540137862 -0.026600909146722026 -0.11091650092832576 0.037225158302215844 0.12935176637569182 0.025758316348865117 0.054908680244177541 -0.064414166954939137 -0.074845134494438262 0.0090779481353542545 0.11378301440112963 0.043846210808437182 -0.0036716394959314426 -0.046054714984923216
leaf_weight=28 34 34 46 28 29 52 40 49 30 39 27 43 27
leaf_count=28 34 34 46 28 29 52 40 49 30 39 27 43 27
internal_value=0.00182891 -0.0254 0.0523551 0.0711608 -0.0153373 0.0085153 -0.0266209 -0.0318965 0.0563904 0.072907 -0.0147815 -0.00226489 -0.0202737
internal_weight=506 329 177 143 295 121 69 174 115 85 125 97 70
internal_count=506 329 177 143 295 121 69 174 115 85 125 97 70
is_linear=0
shrinkage=0.0591741


Tree=14
num_leaves=14
num_cat=0
split_feature=9 5 2 0 2 13 0 13 3 7 4 2 3
split_gain=177.356 83.8137 62.9771 36.6434 78.7219 33.012 32.3467 30.0656 28.7002 27.3772 24.4406 18.6182 9.42647
threshold=3.4000000000000026 0.030000000000000002 24.050000000000004 50.800000000000004 28.750000000000004 3.3113797113890397 62.95000000000001 2.4546845355987323 -0.17647087149565663 4100.5000000000009 -0.43733099657705288 18.000000000000007 1.0000000180025095e-35
decision_type=2 2 2 2 2 2 2 2 2 2 2 2 2
left_child=1 3 11 9 5 6 -5 -3 -4 -1 12 -2 -8
right_child=2 7 8 4 -6 -7 10 -9 -10 -11 -12 -13 -14
leaf_value=-4.0980845351768631e-05 -0.021752910038873759 -0.04503300735195849 0.11678408094837017 0.049659127721321993 0.097764807824365835 -0.069142477183609177 0.034128809702630505 -0.13202151751353894 0.041942035636568273 -0.067327018381442172 -0.047797098568365531 0.037393812040016156 -0.010478905985159655
leaf_weight=35 29 30 51 36 27 27 28 27 29 53 45 50 39
leaf_count=35 29 30 51 36 27 27 28 27 29 53 45 50 39
internal_value=0.00172282 -0.0219898 0.0533603 -0.00901974 0.00488293 -0.00973452 0.00134049 -0.0871908 0.0901717 -0.0407484 -0.0143736 0.0156814 0.00830152
internal_weight=506 347 159 290 202 175 148 57 80 88 112 79 67
internal_count=506 347 159 290 202 175 148 57 80 88 112 79 67
is_linear=0
shrinkage=0.0591741


Tree=15
num_leaves=16
num_cat=0
split_feature=9 5 2 3 13 13 2 3 7 2 8 7 2 3 3
split_gain=157.435 64.9904 60.4006 38.6261 35.9454 65.4213 27.9653 23.5529 40.619 22.5447 21.5934 20.246 15.0711 13.2418 3.2166
threshold=3.0999999999999983 0.11399999999999996 24.050000000000004 -0.17647087149565663 2.9004494265528367 3.8398595679658194 21.050000000000001 0.89404822654372251 4092.5000000000005 17.100000000000001 0.21850000000000003 5023.0000000000009 23.300000000000011 -0.04836157422433459 0.022575936829235404
decision_type=2 2 2 2 2 2 2 2 2 2 2 2 2 2 2
left_child=1 4 9 10 7 6 -6 8 -1 -2 -4 -10 14 -11 -13
right_child=2 -3 3 -5 5 -7 -8 -9 11 13 -12 12 -14 -15 -16
leaf_value=0.062572369799814259 -0.03205229874077993 -0.099320696646980206 0.14762308999216964 0.03101018760024276 -0.11152425228061696 0.032847815770125466 -0.037412527382648969 -0.046163194630369421 -0.048975977427999424 0.0022055966578032448 0.070763145549447223 0.0010799362319241512 0.034405872371984517 0.058139606446044295 -0.02736296121873184
leaf_weight=39 28 34 28 35 33 29 40 30 29 28 27 28 40 31 27
leaf_count=39 28 34 28 35 33 29 40 30 29 28 27 28 40 31 27
internal_value=0.00161975 -0.0225824 0.0465295 0.0803507 -0.0135531 -0.0418537 -0.0715557 0.00148769 0.0103959 0.0112291 0.111071 -0.00623827 0.00703506 0.0318862 -0.0130285
internal_weight=506 329 177 90 295 102 73 193 163 87 55 124 95 59 55
internal_count=506 329 177 90 295 102 73 193 163 87 55 124 95 59 55
is_linear=0
shrinkage=0.0591741


Tree=16
num_leaves=14
num_cat=0
split_feature=9 5 2 13 13 6 1 11 11 2 13 2 4
split_gain=140.214 68.8553 49.4921 28.6768 57.1657 38.7579 26.5039 25.3297 25.3557 20.9841 20.1472 18.2677 17.8144
threshold=3.4000000000000026 0.030000000000000002 24.050000000000004 2.95787887802399 3.8490559443870285 13.050000000000002 81.750000000000014 1.9000000000000006 0.66428571428571626 20.100000000000001 1.7352781790037499 28.600000000000009 0.12332734741173622
decision_type=2 2 2 2 2 2 2 2 2 2 2 2 2
left_child=1 3 12 7 5 -5 -3 8 -1 -10 -9 -4 -2
right_child=2 6 11 4 -6 -7 -8 10 9 -11 -12 -13 -14
leaf_value=0.020676086456570406 -0.018114042244101448 -0.11786133384395703 0.10565486750030756 -0.026619448098483319 0.037153120656131883 -0.11698451081838897 -0.036414183680358994 0.00092150874418117298 0.0019778387316188605 -0.066744632054412265 0.058349756999425482 0.047578580022559276 0.038245952494701856
leaf_weight=44 34 29 44 43 28 27 28 43 27 36 42 36 45
leaf_count=44 34 29 44 43 28 27 28 43 27 36 42 36 45
internal_value=0.00152657 -0.0195574 0.0474398 -0.00780243 -0.0337435 -0.0621775 -0.078654 0.00550266 -0.0136267 -0.0375531 0.0295094 0.0800732 0.0140363
internal_weight=506 347 159 290 98 70 57 192 107 63 85 80 79
internal_count=506 347 159 290 98 70 57 192 107 63 85 80 79
is_linear=0
shrinkage=0.0591741


Tree=17
num_leaves=15
num_cat=0
split_feature=9 2 2 10 4 7 12 13 7 6 2 3 3 6
split_gain=124.815 51.3199 35.4621 48.0846 39.8684 65.3162 34.7776 32.2022 24.5969 23.542 17.0593 16.9383 34.9534 4.54082
threshold=3.0999999999999983 17.450000000000006 23.300000000000011 2.9500000000000033 0.14037931941357637 3439.0000000000005 4.3750000000000009 2.9186537555826813 7345.5000000000009 12.250000000000002 27.949999999999999 0.80417553764032002 0.22700754078277599 11.450000000000001
decision_type=2 2 2 2 2 2 2 2 2 2 2 2 2 2
left_child=2 -2 4 7 11 -6 8 10 9 -3 -4 12 13 -1
right_child=1 6 3 -5 5 -7 -8 -9 -10 -11 -12 -13 -14 -15
leaf_value=-0.018220788999562167 -0.028659808386537922 0.053285836101016275 0.040589456068377536 0.06181890705971458 -0.02246663530333369 -0.12900780694821956 0.11592590563216081 -0.065587759690647104 0.088699812287840851 -0.0069513659739530676 -0.02350993747070081 0.02237035343149012 -0.08226417069492073 0.013760199365465837
leaf_weight=30 30 50 28 36 49 34 27 32 29 41 29 33 27 31
leaf_count=30 30 50 28 36 49 34 27 32 29 41 29 33 27 31
internal_value=0.00143115 0.0414186 -0.0201183 0.00469275 -0.0352902 -0.0667271 0.0557791 -0.0186755 0.041733 0.0262791 0.00807292 -0.0135016 -0.0270145 -0.00199256
internal_weight=506 177 329 125 204 83 147 89 120 91 57 121 88 61
internal_count=506 177 329 125 204 83 147 89 120 91 57 121 88 61
is_linear=0
shrinkage=0.0591741


Tree=18
num_leaves=14
num_cat=0
split_feature=2 0 9 0 7 12 9 7 3 0 9 13 13
split_gain=127.858 92.8986 70.9241 53.8214 36.1179 64.6574 43.5854 33.058 49.9766 16.9974 15.7339 13.3562 9.47918
threshold=23.950000000000006 61.550000000000004 4.900000000000003 46.650000000000013 6705.5000000000009 2.910714285714286 0.24999999999999997 5067.0000000000009 0.65233619298682533 70.65000000000002 2.1500000000000026 1.8235884839598704 2.2217537534989646
decision_type=2 2 2 2 2 2 2 2 2 2 2 2 2
left_child=1 3 4 -1 5 6 -2 9 11 -3 -5 -9 -8
right_child=2 7 -4 10 -6 -7 12 8 -10 -11 -12 -13 -14
leaf_value=-0.016450450830274733 0.029793481230549541 0.048488718001900667 0.10853918493852094 -0.13436852803251692 0.061552665282772444 0.077762035364838417 -0.029131003319859138 0.01860317660606892 -0.092290970827120858 -0.0092182867826573409 -0.072790209897882749 -0.026763245221204695 -0.077778764337165934
leaf_weight=38 33 48 36 33 46 28 28 51 27 28 31 40 30
leaf_count=38 33 48 36 33 46 28 28 51 27 28 31 40 30
internal_value=-0.00236865 -0.0270804 0.0339948 -0.0726179 0.0173939 9.93151e-05 -0.0241522 -0.00298682 -0.0225483 0.0273232 -0.105501 -0.00138308 -0.0548362
internal_weight=497 296 201 102 165 119 91 194 118 76 64 91 58
internal_count=497 296 201 102 165 119 91 194 118 76 64 91 58
is_linear=0
shrinkage=0.0591741


Tree=19
num_leaves=14
num_cat=0
split_feature=2 12 0 5 9 12 6 8 12 12 10 8 6
split_gain=115.304 74.821 68.6325 44.86 43.025 28.3645 39.9668 19.8828 17.5689 29.1397 15.1409 12.3909 10.0823
threshold=19.649999999999995 2.8285714285714283 61.550000000000004 1.0000000180025095e-35 2.4500000000000033 0.66428571428571492 8.8500000000000032 0.14950000000000002 2.4214285714285713 1.3928571428571428 4.900000000000003 0.23550000000000001 14.050000000000002
decision_type=2 2 2 2 2 2 2 2 2 2 2 2 2
left_child=2 5 3 -1 -3 -2 -7 -4 9 -8 -6 -11 -9
right_child=1 4 7 -5 10 6 8 12 -10 11 -12 -13 -14
leaf_value=-0.041549328823154888 0.050328212259980333 0.0022673940574002532 0.019452312324196044 -0.13418587890866465 0.063709009606642553 -0.057646499198919572 -0.014104566306750669 -0.056333475015724256 -0.025635592072212731 0.07690643993074045 0.12296815811502966 0.020430863395608508 -0.006639280846928157
leaf_weight=42 33 29 47 33 40 44 48 29 42 27 27 28 28
leaf_count=42 33 29 47 33 40 44 48 29 42 27 27 28 28
internal_value=-0.00223669 0.0191398 -0.0401495 -0.0830562 0.0626104 0.00022277 -0.00865831 -0.00890605 0.00638461 0.0195148 0.0884753 0.0486898 -0.0322481
internal_weight=497 318 179 75 96 222 189 104 145 103 67 55 57
internal_count=497 318 179 75 96 222 189 104 145 103 67 55 57
is_linear=0
shrinkage=0.0591741


Tree=20
num_leaves=14
num_cat=0
split_feature=2 9 13 4 5 3 6 9 8 10 9 2 4
split_gain=104.026 58.2621 54.8781 47.2047 38.8915 40.3613 33.2195 24.9742 17.3252 16.379 12.8735 9.60396 9.1528
threshold=23.950000000000006 4.900000000000003 1.8402246400440816 0.51113019672828186 0.030000000000000002 0.79383249484937135 11.550000000000002 1.5999999999999981 0.19050000000000003 2.0499999999999976 2.4500000000000033 28.250000000000004 -0.71502926860092908
decision_type=2 2 2 2 2 2 2 2 2 2 2 2 2
left_child=2 3 8 6 5 7 10 -4 -1 -9 -2 -5 -10
right_child=1 -3 4 11 -6 -7 -8 9 12 -11 -12 -13 -14
leaf_value=0.04132665685140139 -0.013305974867488437 0.098259862325165051 -0.036907269237106091 0.00062780439444009434 -0.085120976075364951 -0.077265293572045465 0.081220966677186188 -0.012699526384554389 0.014816473304630595 0.050212558965090331 0.040649980200270247 -0.045526642717887429 -0.033410763427863643
leaf_weight=41 32 36 52 29 53 39 41 28 27 29 29 34 27
leaf_count=41 32 36 52 29 53 39 41 28 27 29 29 34 27
internal_value=-0.0021029 0.0306969 -0.0243929 0.0156511 -0.0418698 -0.026098 0.0404342 -0.00746535 0.0126154 0.0194993 0.0124923 -0.0244768 -0.00939999
internal_weight=497 201 296 165 201 148 102 109 95 57 61 63 54
internal_count=497 201 296 165 201 148 102 109 95 57 61 63 54
is_linear=0
shrinkage=0.0591741


Tree=21
num_leaves=14
num_cat=0
split_feature=6 2 6 3 9 9 13 3 6 12 0 10 3
split_gain=94.1119 86.8831 57.4814 54.4868 50.802 48.8769 24.407 23.2487 21.4097 20.7841 18.3528 16.3992 13.0402
threshold=17.550000000000004 23.950000000000006 10.850000000000003 0.24372619187392147 0.29999999999999899 2.1500000000000026 1.8402246400440816 0.14250626876356548 13.950000000000001 1.1607142857142858 62.350000000000001 2.2500000000000004 0.65233619298682533
decision_type=2 2 2 2 2 2 2 2 2 2 2 2 2
left_child=1 4 3 5 10 -3 11 -8 9 -9 -1 -6 -4
right_child=-2 2 12 -5 6 -7 7 8 -10 -11 -12 -13 -14
leaf_value=-0.097949122781330139 -0.09198528171170621 -0.01898915205052417 0.050478358207366431 -0.0507676413211691 0.056774519882445362 0.080824502350203026 0.01723463193828419 -0.02140334062549442 0.0014764936810196757 -0.095044055471725231 -0.030774722595307575 0.0021532769617165345 0.098437173535042333
leaf_weight=29 37 30 48 37 30 39 42 27 33 27 29 52 37
leaf_count=29 37 30 48 37 30 39 42 27 33 27 29 52 37
internal_value=-0.00197682 0.00537417 0.0358337 0.00666729 -0.0162851 0.0376391 -0.00273973 -0.0187537 -0.0361264 -0.0588681 -0.0650256 0.0224058 0.0719021
internal_weight=497 460 191 106 269 69 211 129 87 54 58 82 85
internal_count=497 460 191 106 269 69 211 129 87 54 58 82 85
is_linear=0
shrinkage=0.0591741


Tree=22
num_leaves=14
num_cat=0
split_feature=6 9 1 11 1 6 13 9 11 5 1 13 12
split_gain=83.4615 53.1497 47.2237 29.5532 31.8997 24.2239 23.1301 22.0494 20.5659 26.8633 12.786 11.4395 5.74945
threshold=17.550000000000004 6.650000000000003 76.050000000000011 3.3642857142857161 93.950000000000017 15.050000000000002 2.0951755251038109 0.84999999999999798 0.62142857142857177 1.0000000180025095e-35 86.450000000000017 1.6393958819589816 1.8750000000000011
decision_type=2 2 2 2 2 2 2 2 2 2 2 2 2
left_child=1 2 8 5 -5 6 11 -8 -1 -10 -9 12 -4
right_child=-2 -3 3 4 -6 -7 7 10 9 -11 -12 -13 -14
leaf_value=0.0048130986783152868 -0.086629608916732243 0.075583016031638875 -0.021229843730369739 0.089197358269703597 0.0070539147451076359 0.050101735996981887 0.0081301223177102418 -0.020034261697680307 -0.024401462834220154 -0.097301281495130787 -0.074521839574347312 0.040061496790618781 0.011732617615638027
leaf_weight=34 37 34 28 31 35 31 40 30 51 27 31 36 52
leaf_count=34 37 34 28 31 35 31 40 30 51 27 31 36 52
internal_value=-0.00186699 0.00505557 -0.000672462 0.0110988 0.0460957 0.00169566 -0.00533942 -0.0259657 -0.0335564 -0.0501901 -0.0481841 0.0126611 0.000123056
internal_weight=497 460 426 314 66 248 217 101 112 78 61 116 80
internal_count=497 460 426 314 66 248 217 101 112 78 61 116 80
is_linear=0
shrinkage=0.0591741


Tree=23
num_leaves=14
num_cat=0
split_feature=2 12 0 6 9 12 6 7 0 0 1 10 1
split_gain=81.9238 57.6221 48.799 37.7605 31.6246 26.5904 31.2334 19.9704 14.7357 21.6697 18.7864 12.7769 4.3183
threshold=19.649999999999995 2.8285714285714283 61.550000000000004 12.65 2.4500000000000033 0.66428571428571492 8.8500000000000032 4681.0000000000009 59.400000000000006 71.750000000000014 77.200000000000003 4.900000000000003 97.950000000000017
decision_type=2 2 2 2 2 2 2 2 2 2 2 2 2
left_child=2 5 3 -1 -3 -2 -7 -4 10 -10 -8 -6 -11
right_child=1 4 7 -5 11 6 8 -9 9 12 -12 -13 -14
leaf_value=-0.021924720191730914 0.048174305160868278 0.0026580170809175764 0.017971238066172283 -0.10674240094811442 0.053974246151567637 -0.052242560471380185 -0.0048268300090823424 -0.033612018097573533 -0.049353230244050694 0.028109377983226509 0.061582360866135888 0.10816237757264299 -0.0050781014127313333
leaf_weight=33 33 29 53 42 40 44 31 51 32 27 28 27 27
leaf_count=33 33 29 53 42 40 44 31 51 32 27 28 27 27
internal_value=-0.0017592 0.0162592 -0.0337166 -0.0698962 0.0544078 -0.000340392 -0.00893777 -0.00737242 0.00436526 -0.0112392 0.0269942 0.0765829 0.011643
internal_weight=497 318 179 75 96 222 189 104 145 86 59 67 54
internal_count=497 318 179 75 96 222 189 104 145 86 59 67 54
is_linear=0
shrinkage=0.0591741


Tree=24
num_leaves=15
num_cat=0
split_feature=12 6 9 8 2 9 7 1 9 1 11 8 8 2
split_gain=64.03 70.5999 45.2507 42.1623 64.4565 38.4784 36.2365 37.9678 30.4962 27.9296 20.7182 17.6177 15.1253 11.5468
threshold=1.3999999999999995 15.850000000000003 1.7500000000000002 0.18550000000000003 17.250000000000004 -1.1500000000000019 3517.0000000000005 90.550000000000011 4.5999999999999988 84.050000000000011 2.2000000000000002 0.21250000000000002 0.15150000000000002 26.950000000000006
decision_type=2 2 2 2 2 2 2 2 2 2 2 2 2 2
left_child=1 5 9 4 -4 -1 -7 12 -6 10 -2 -5 -8 -13
right_child=2 -3 3 11 8 6 7 -9 -10 -11 -12 13 -14 -15
leaf_value=-0.062118174711130049 -0.062550541204439036 -0.10139513963224986 0.0075006107437025687 -0.01645384793897578 0.13283838121394415 0.069400407397838607 -0.0053315383466636234 0.047005551306935442 0.052078914109852492 0.023936185641554392 0.0052811506147620252 0.011460259894097885 -0.064128347411775907 0.057521593483560327
leaf_weight=31 37 31 45 45 39 28 32 30 30 52 27 49 29 31
leaf_count=31 37 31 45 45 39 28 32 30 30 52 27 49 29 31
internal_value=0.00758355 -0.0210144 0.0221754 0.0368646 0.0627976 -0.0040622 0.011299 -0.00691817 0.0984826 -0.0081235 -0.0341523 0.0130254 -0.033639 0.0296065
internal_weight=536 181 355 239 114 150 119 91 69 116 64 125 61 80
internal_count=536 181 355 239 114 150 119 91 69 116 64 125 61 80
is_linear=0
shrinkage=0.0591741


Tree=25
num_leaves=16
num_cat=0
split_feature=12 6 9 4 9 9 10 13 2 4 13 3 2 0 3
split_gain=56.7998 62.6435 40.1424 40.5346 53.2249 34.1425 26.1028 23.0418 22.7163 18.8952 15.9725 15.7156 12.2091 11.0391 11.6405
threshold=1.3999999999999995 15.850000000000003 1.7500000000000002 0.31595530242620651 5.549999999999998 -1.1500000000000019 2.3499999999999983 2.7986388716246551 23.300000000000011 0.38838672039864403 1.8402246400440816 -0.20180236284700906 21.950000000000006 74.250000000000014 -0.85227431625818906
decision_type=2 2 2 2 2 2 2 2 2 2 2 2 2 2 2
left_child=1 5 9 11 -5 -1 7 8 -7 10 -2 13 -13 14 -4
right_child=2 -3 3 4 -6 6 -8 -9 -10 -11 -12 12 -14 -15 -16
leaf_value=-0.058512672345363323 -0.022128873190824162 -0.095509897409837369 0.021621516296617443 0.10416673422639874 0.0052869430436074429 0.039708363152333122 -0.037666671387462158 0.062604086081778601 -0.036207362996115225 -0.035357651822425694 0.036261392139836146 0.020287875531598522 -0.030162757378603577 0.0018510837536490348 0.072861672145581299
leaf_weight=31 27 31 33 52 30 27 29 36 27 49 40 33 33 28 30
leaf_count=31 27 31 33 52 30 27 29 36 27 49 40 33 33 28 30
internal_value=0.00714114 -0.0197939 0.0208845 0.0347197 0.0682946 -0.00382543 0.0106445 0.0263588 0.00176983 -0.00765302 0.0127435 0.0169892 -0.0049822 0.0328523 0.0464821
internal_weight=536 181 355 239 82 150 119 90 54 116 67 157 66 91 63
internal_count=536 181 355 239 82 150 119 90 54 116 67 157 66 91 63
is_linear=0
shrinkage=0.0591741


Tree=26
num_leaves=15
num_cat=0
split_feature=6 9 8 5 13 0 6 2 9 6 6 2 8 9
split_gain=54.2633 57.0763 46.7405 31.2527 26.318 24.136 19.1487 25.022 18.5583 14.5943 24.3879 26.2915 21.4497 18.1395
threshold=17.550000000000004 3.0999999999999983 0.093500000000000014 0.11399999999999996 3.1923638792043993 73.050000000000011 8.8500000000000032 25.750000000000007 5.049999999999998 10.050000000000002 11.250000000000002 15.700000000000001 0.23550000000000001 1.5499999999999974
decision_type=2 2 2 2 2 2 2 2 2 2 2 2 2 2
left_child=1 3 -3 6 5 8 7 -1 -4 -8 -11 -12 13 -13
right_child=-2 2 4 -5 -6 -7 9 -9 -10 10 11 12 -14 -15
leaf_value=0.015036094205701768 -0.055037459389676267 0.10911377879429482 0.082393412566546823 -0.061349337080697952 -0.020035266972569809 -0.0085704061197108081 0.046696741814372 -0.055500597787796258 0.02601130698927066 -0.035945155542204295 -0.027352589097545472 0.024426256818567811 -0.0030167429125865734 0.085745443374430019
leaf_weight=32 45 28 43 28 33 27 35 38 40 39 36 41 42 29
leaf_count=32 45 28 43 28 33 27 35 38 40 39 36 41 42 29
internal_value=0.00672184 0.0124428 0.0399766 -0.00231822 0.026037 0.0398926 0.0034573 -0.0234025 0.0556058 0.0119672 0.00533748 0.016318 0.0304264 0.0503464
internal_weight=536 491 171 320 143 110 292 70 83 222 187 148 112 70
internal_count=536 491 171 320 143 110 292 70 83 222 187 148 112 70
is_linear=0
shrinkage=0.0591741


Tree=27
num_leaves=14
num_cat=0
split_feature=12 6 3 7 12 4 1 13 12 1 1 0 7
split_gain=48.5623 53.8946 22.7207 43.6504 27.1783 25.1553 19.8841 35.8199 27.1485 16.0545 15.5575 20.3783 13.8048
threshold=1.3999999999999995 15.850000000000003 -0.61237985104942771 4691.5000000000009 3.100000000000001 0.95691861501572217 90.550000000000011 3.4717561220861142 0.76785714285714368 96.550000000000011 74.65000000000002 74.15000000000002 6007.5000000000009
decision_type=2 2 2 2 2 2 2 2 2 2 2 2 2
left_child=1 6 3 -2 5 10 7 8 -1 -5 -4 12 -12
right_child=2 -3 4 9 -6 -7 -8 -9 -10 -11 11 -13 -14
leaf_value=-0.060660899431120838 0.093947378312044499 -0.088802831282107947 -0.024211135962799085 -0.0038953642779536797 -0.028687493729733001 0.069184254239451334 0.036400197122558445 0.043908001439472384 0.0049072510906504148 0.050081734574193328 0.061408375536508818 -0.021959752821245151 0.014120703985336991
leaf_weight=52 36 31 36 52 53 29 33 27 38 30 37 30 52
leaf_count=52 36 31 36 52 53 29 33 27 38 30 37 30 52
internal_value=0.00633225 -0.0185727 0.0190402 0.0401898 0.00843465 0.0191864 -0.00376034 -0.0152165 -0.0331285 0.0160742 0.00959955 0.0198987 0.0340612
internal_weight=536 181 355 118 237 184 150 117 90 82 155 119 89
internal_count=536 181 355 118 237 184 150 117 90 82 155 119 89
is_linear=0
shrinkage=0.0591741


Tree=28
num_leaves=15
num_cat=0
split_feature=6 8 8 2 4 7 0 11 7 0 6 8 7 11
split_gain=46.6732 35.9031 32.5192 82.8009 59.8825 30.0862 23.2623 24.9159 41.1521 24.8147 16.189 19.8917 14.8578 12.7116
threshold=17.550000000000004 0.28250000000000003 0.10450000000000001 16.250000000000004 0.74298546529340237 7448.0000000000009 74.250000000000014 1.9000000000000015 4802.0000000000009 60.550000000000004 12.65 0.15150000000000002 1580.0000000000002 2.9857142857142862
decision_type=2 2 2 2 2 2 2 2 2 2 2 2 2 2
left_child=1 2 3 12 5 6 7 10 -9 -10 11 -4 -1 -11
right_child=-2 -3 4 -5 -6 -7 -8 8 9 13 -12 -13 -14 -15
leaf_value=0.02073811910858659 -0.051309436051582474 0.075619058599631014 0.022676636250581573 0.098561421994287496 -0.062955566815936406 -0.047495494742265838 -0.024510840401926592 0.090217572084909756 0.061321245380813301 0.027095918900479066 0.031542668307115461 -0.041883408737200763 -0.037594733008355419 -0.025786399772098807
leaf_weight=30 45 28 27 43 47 30 45 38 30 27 37 42 30 37
leaf_count=30 45 28 27 43 47 30 45 38 30 27 37 42 30 37
internal_value=0.00596726 0.0112733 0.00728845 0.0365025 -0.00111717 0.00827188 0.0142722 0.0216487 0.0387451 0.0174937 0.000259832 -0.0166432 -0.0085123 -0.00343186
internal_weight=536 491 463 103 360 313 283 238 132 94 106 69 60 64
internal_count=536 491 463 103 360 313 283 238 132 94 106 69 60 64
is_linear=0
shrinkage=0.0591741


Tree=29
num_leaves=16
num_cat=0
split_feature=12 6 9 3 9 7 1 1 2 1 11 3 10 6 10
split_gain=41.4001 46.3666 28.5387 29.5926 28.1183 29.43 30.5523 24.1084 57.1138 22.6167 17.0044 12.0813 8.69311 8.46507 7.9435
threshold=1.3999999999999995 15.850000000000003 1.7500000000000002 0.94425825643485939 -1.1500000000000019 3517.0000000000005 90.550000000000011 87.450000000000017 17.250000000000004 84.050000000000011 2.2000000000000002 -0.23537230790205757 4.9500000000000037 10.950000000000001 3.1500000000000026
decision_type=2 2 2 2 2 2 2 2 2 2 2 2 2 2 2
left_child=1 4 9 7 -1 -6 13 8 -4 10 -2 12 14 -7 -9
right_child=2 -3 3 -5 5 6 -8 11 -10 -11 -12 -13 -14 -15 -16
leaf_value=-0.053260247199403858 -0.05585759371859176 -0.08251251350539611 0.0038714206438805582 -0.020961482368614177 0.061862491567926094 -0.052973649479597124 0.041464714744152205 0.036506572651386363 0.10105022914591501 0.022141679106716508 0.0055794821629699893 -0.014540849227080153 0.058079383785322972 -0.0088928740115260269 -0.0055145812861558821
leaf_weight=31 37 31 36 35 28 30 30 35 51 52 27 27 27 31 28
leaf_count=31 37 31 36 35 28 30 30 35 51 52 27 27 27 31 28
internal_value=0.00562323 -0.0173715 0.0173569 0.0290225 -0.003632 0.00950011 -0.00691317 0.0376348 0.0611424 -0.006704 -0.030129 0.0199304 0.0302998 -0.030879 0.0179555
internal_weight=536 181 355 239 150 119 91 204 87 116 64 117 90 61 63
internal_count=536 181 355 239 150 119 91 204 87 116 64 117 90 61 63
is_linear=0
shrinkage=0.0591741


Tree=30
num_leaves=14
num_cat=0
split_feature=2 3 7 10 6 8 2 12 12 7 3 6 8
split_gain=75.2876 70.4001 53.3413 46.4744 47.3736 37.7188 36.6185 31.9731 25.9664 25.4967 22.5145 19.3196 17.2891
threshold=23.849999999999998 0.24372619187392147 2045.5000000000002 5.900000000000003 11.250000000000002 0.20450000000000002 27.949999999999999 1.7464285714285717 1.8714285714285712 3539.0000000000005 0.66527693225344786 12.350000000000003 0.16050000000000003
decision_type=2 2 2 2 2 2 2 2 2 2 2 2 2
left_child=1 2 -1 4 6 11 -2 9 -6 -3 -11 -4 -8
right_child=3 7 5 -5 8 -7 12 -9 -10 10 -12 -13 -14
leaf_value=0.074410879363519158 0.034580500882280797 -0.027529949884902333 -0.005878628017869876 0.094720003487522242 0.092222309435776292 0.0334385546024214 -0.066443722540757574 -0.010808339781333101 0.018917163223340479 -0.053022512733104481 -0.12730222319464621 -0.063215125744712497 -0.0086511763344927408
leaf_weight=32 44 32 42 29 32 44 31 47 36 28 32 40 43
leaf_count=32 44 32 42 29 32 44 31 47 36 28 32 40 43
internal_value=-0.00080046 -0.0200906 0.00693773 0.0258284 0.0148153 -0.0104717 -0.0078808 -0.0507104 0.0539222 -0.0708916 -0.0935127 -0.0341055 -0.0332037
internal_weight=512 297 158 215 186 126 118 139 68 92 60 82 74
internal_count=512 297 158 215 186 126 118 139 68 92 60 82 74
is_linear=0
shrinkage=0.0591741


Tree=31
num_leaves=14
num_cat=0
split_feature=2 3 7 6 2 8 12 12 12 11 6 0 0
split_gain=66.7925 62.4638 47.5365 35.761 49.7567 34.829 29.4885 28.3735 24.2453 24.1966 19.3754 18.5273 15.4271
threshold=23.849999999999998 0.24372619187392147 2151.5000000000005 11.350000000000003 27.949999999999999 0.20450000000000002 1.8714285714285712 1.7464285714285717 0.96428571428571475 2.6999999999999997 12.65 63.350000000000001 61.650000000000013
decision_type=2 2 2 2 2 2 2 2 2 2 2 2 2
left_child=1 2 -1 4 11 10 -5 8 12 -6 -4 -2 -3
right_child=3 7 5 6 9 -7 -8 -9 -10 -11 -12 -13 -14
leaf_value=0.067872786770965587 0.08349983446149005 -0.071432491693365879 -0.0057995247507014311 0.097924368097884601 -0.049508790018020041 0.031486666269525905 0.024878999226549337 -0.010176884909853386 -0.10361705531580562 0.016245660651491304 -0.063967378353256416 0.014174928354762445 -0.0088430358174609192
leaf_weight=34 27 28 42 33 49 44 47 47 37 32 38 27 27
leaf_count=34 27 28 42 33 49 44 47 47 37 32 38 27 27
internal_value=-0.000754109 -0.0189233 0.00653594 0.0243275 0.00567884 -0.0105298 0.0555185 -0.0477657 -0.066777 -0.0236038 -0.0337017 0.0493779 -0.0411368
internal_weight=512 297 158 215 135 124 80 139 92 81 80 54 55
internal_count=512 297 158 215 135 124 80 139 92 81 80 54 55
is_linear=0
shrinkage=0.0591741


Tree=32
num_leaves=15
num_cat=0
split_feature=11 5 3 8 6 11 8 11 8 4 6 3 4 6
split_gain=62.3799 39.3931 37.6814 28.0552 30.8788 54.5193 34.6979 30.7581 24.2707 22.8652 20.745 23.5643 9.62848 8.29663
threshold=4.507142857142858 1.0000000180025095e-35 0.24372619187392147 0.27950000000000008 14.050000000000002 2.1428571428571446 0.092500000000000013 1.8785714285714283 0.12650000000000003 0.29958852271690523 9.1500000000000004 0.66527693225344786 0.011826144619637501 11.15
decision_type=2 2 2 2 2 2 2 2 2 2 2 2 2 2
left_child=1 3 -3 4 6 -6 -1 10 -4 -2 -8 -12 13 -9
right_child=9 2 8 -5 5 -7 7 12 -10 -11 11 -13 -14 -15
leaf_value=0.065187624772231265 0.018527202176264451 0.0034399025029092718 -0.03487110084711615 0.058461305602684539 0.0042925934650022536 -0.099512940082419149 -0.05378292887262192 0.027757208112245951 -0.11158919211424884 0.093617448775554932 -0.032708471558930037 0.033029547105132603 0.042736422705957858 -0.015137676528493803
leaf_weight=30 28 40 32 27 44 29 45 31 27 29 42 34 43 31
leaf_count=30 28 40 32 27 44 29 45 31 27 29 42 34 43 31
internal_value=-0.000707899 -0.00804275 -0.0409381 0.00115898 -0.00364219 -0.0374236 0.00605623 -0.00194597 -0.0707548 0.0573124 -0.0222302 -0.00327076 0.0214226 0.00637063
internal_weight=512 455 99 356 329 73 256 226 59 57 121 76 105 62
internal_count=512 455 99 356 329 73 256 226 59 57 121 76 105 62
is_linear=0
shrinkage=0.0591741


Tree=33
num_leaves=15
num_cat=0
split_feature=2 3 7 10 6 7 2 12 7 7 9 12 11 9
split_gain=57.5079 50.6304 39.8309 38.9566 37.6612 28.7579 28.367 25.6489 21.066 20.9646 20.6749 20.238 17.3954 8.62626
threshold=23.849999999999998 0.24372619187392147 2045.5000000000002 5.900000000000003 11.250000000000002 4901.5000000000009 27.949999999999999 1.7464285714285717 3539.0000000000005 6197.5000000000009 3.4000000000000026 1.8714285714285712 2.6999999999999997 2.2500000000000004
decision_type=2 2 2 2 2 2 2 2 2 2 2 2 2 2
left_child=1 2 -1 4 6 10 -2 8 -3 -10 -4 -6 -8 -7
right_child=3 7 5 -5 11 13 12 -9 9 -11 -12 -13 -14 -15
leaf_value=0.063704505714057447 0.029672116820302945 -0.022225249285015458 -0.072534470608286175 0.085677206821134153 0.08120876604707529 0.036619939855995945 -0.051515936692247292 -0.0077818974388040264 -0.11573168452165915 -0.044553088685692729 -0.00197693769693822 0.016497815390828771 0.0077881230353064003 -0.0052913031074887963
leaf_weight=32 44 32 31 29 32 35 47 47 31 29 27 36 27 33
leaf_count=32 44 32 31 29 32 35 47 47 31 29 27 36 27 33
internal_value=-0.000666047 -0.0175253 0.00539758 0.022607 0.0125279 -0.0096439 -0.00770533 -0.0434921 -0.0615654 -0.082116 -0.0400478 0.0473971 -0.0299901 0.0164132
internal_weight=512 297 158 215 186 126 118 139 92 60 58 68 74 68
internal_count=512 297 158 215 186 126 118 139 92 60 58 68 74 68
is_linear=0
shrinkage=0.0591741


Tree=34
num_leaves=15
num_cat=0
split_feature=11 5 8 6 7 13 4 6 9 7 1 11 6 6
split_gain=51.8489 35.1127 25.2205 30.3535 34.3301 46.7661 22.4702 22.9087 30.0583 20.5049 20.443 16.4187 10.1876 10.0873
threshold=4.507142857142858 0.18300000000000002 0.27950000000000008 14.15 6085.5000000000009 2.7772888458590885 0.97062204580664158 9.1500000000000004 -0.44999999999999923 4655.5000000000009 89.15000000000002 3.1428571428571437 12.950000000000001 10.850000000000003
decision_type=2 2 2 2 2 2 2 2 2 2 2 2 2 2
left_child=1 2 3 6 5 -5 7 9 -9 -1 -2 12 13 -10
right_child=10 -3 -4 4 -6 -7 -8 8 11 -11 -12 -13 -14 -15
leaf_value=0.011849389355746091 0.085409997069441024 -0.070785223398142277 0.050624395958660966 -0.013771567766463072 0.017797401154463093 -0.11509070868746279 0.052995783115066315 0.061671892529935407 -0.022404033570829995 -0.051359686763336743 0.014383733216728277 0.031443653986296845 -0.040702176001168565 0.015026848321012198
leaf_weight=27 30 28 28 35 28 29 27 30 47 52 27 39 32 53
leaf_count=27 30 28 28 35 28 29 27 30 47 52 27 39 32 53
internal_value=-0.000626665 -0.00731381 -0.00305759 -0.00689561 -0.0365904 -0.0603289 0.00205753 -0.00295791 0.00766173 -0.0298306 0.0522699 -0.00199753 -0.0119762 -0.00259454
internal_weight=512 455 427 399 92 64 307 280 201 79 57 171 132 100
internal_count=512 455 427 399 92 64 307 280 201 79 57 171 132 100
is_linear=0
shrinkage=0.0591741


Tree=35
num_leaves=15
num_cat=0
split_feature=2 3 2 7 13 10 2 4 4 12 12 0 12 0
split_gain=49.461 43.173 34.21 73.671 35.5872 32.878 24.0302 47.739 28.1528 22.1729 20.5595 7.73906 7.41457 4.9541
threshold=23.849999999999998 0.24372619187392147 14.65 4012.0000000000005 2.1568824670644764 5.900000000000003 27.949999999999999 0.24997576770840005 0.26659387353423863 1.7464285714285717 1.078571428571429 62.250000000000007 1.6821428571428581 73.350000000000009
decision_type=2 2 2 2 2 2 2 2 2 2 2 2 2 2
left_child=1 2 -1 -4 13 6 8 -8 -2 10 11 -3 -9 -5
right_child=5 9 3 4 -6 -7 7 12 -10 -11 -12 -13 -14 -15
leaf_value=-0.041194593978334901 0.0042305778839152397 -0.057604634064825917 0.096867645135771008 0.034895411403850697 -0.063062094445135233 0.07893758745964638 0.037633975023502735 -0.020940406042819704 0.076775462798976388 -0.0070024207972349695 -0.09791972997705739 -0.015881399781644451 -0.062405513757636318 0.00044208125062766081
leaf_weight=41 41 32 32 30 27 29 49 34 34 47 29 31 28 28
leaf_count=41 41 32 32 30 27 29 49 34 34 47 29 31 28 28
internal_value=-0.000587692 -0.016223 0.00494463 0.0212417 -0.00771205 0.0209958 0.0117354 -0.00576041 0.0374684 -0.0402013 -0.0570052 -0.0374201 -0.0400882 0.0184389
internal_weight=512 297 158 117 85 215 186 111 75 139 92 63 62 58
internal_count=512 297 158 117 85 215 186 111 75 139 92 63 62 58
is_linear=0
shrinkage=0.0591741


Tree=36
num_leaves=16
num_cat=0
split_feature=2 6 7 12 12 12 0 4 9 9 8 7 2 2 12
split_gain=42.1696 30.1224 45.5628 42.6293 27.8033 39.3064 19.6567 18.0167 26.6135 24.0586 19.4348 24.22 16.3064 16.2714 9.25885
threshold=14.349999999999996 9.1500000000000004 4527.0000000000009 1.6071428571428592 4.1285714285714308 3.4464285714285716 64.050000000000011 0.74298546529340237 -0.59999999999999776 0.84999999999999798 0.19350000000000003 6915.0000000000009 24.800000000000008 22.000000000000007 1.6071428571428592
decision_type=2 2 2 2 2 2 2 2 2 2 2 2 2 2 2
left_child=6 2 -2 -4 5 7 -1 8 -3 -10 14 13 -13 -12 -11
right_child=1 4 3 -5 -6 -7 -8 -9 9 10 11 12 -14 -15 -16
leaf_value=-0.076676727005903333 0.034190375468395616 0.069208450884253037 -0.10695554001265352 -0.012138164842664891 0.067993482498819355 -0.057905095870242361 -0.011390344955280051 -0.018864650878601296 -0.037100227146225122 0.023819640527612412 0.011412202050111904 0.0028996046745819208 0.067645024640545087 -0.047361055019711565 0.070808936364334357
leaf_weight=35 31 33 28 40 28 29 30 49 29 30 33 27 27 32 30
leaf_count=35 31 33 28 40 28 29 30 49 29 30 33 27 27 32 30
internal_value=-0.00262962 0.00388104 -0.0248151 -0.0517789 0.012097 0.00707147 -0.0469271 0.013676 0.0203228 0.0123889 0.0205046 0.00657721 0.0356627 -0.017692 0.0477861
internal_weight=511 446 99 68 347 319 65 290 241 208 179 119 54 65 60
internal_count=511 446 99 68 347 319 65 290 241 208 179 119 54 65 60
is_linear=0
shrinkage=0.0591741


Tree=37
num_leaves=13
num_cat=0
split_feature=2 10 1 7 11 7 11 12 12 2 9 7
split_gain=38.469 29.5013 52.1881 28.2247 27.3478 24.9075 24.0123 27.5158 25.7174 19.692 16.5124 12.1652
threshold=16.950000000000006 0.84999999999999798 75.250000000000014 3871.0000000000005 3.9499999999999997 6331.0000000000009 0.50714285714285834 1.3428571428571427 2.9250000000000012 25.100000000000005 0.90000000000000224 6915.0000000000009
decision_type=2 2 2 2 2 2 2 2 2 2 2 2
left_child=1 -1 -3 -2 5 6 -5 -8 9 -9 -7 -12
right_child=3 2 -4 4 -6 10 7 8 -10 -11 11 -13
leaf_value=0.014792168740134582 0.053067085721439533 -0.1053494107259612 -0.01064777083856815 0.023065681248211064 0.04223077470343535 0.048878104734028913 -0.067153176246343843 0.030074028759869378 -0.058305553763512548 -0.031030170738238706 -0.030187783795917966 0.017602331340031564
leaf_weight=33 40 35 48 38 48 36 46 46 30 30 28 53
leaf_count=33 40 35 48 38 48 36 46 46 30 30 28 53
internal_value=-0.00247544 -0.032343 -0.051055 0.00633181 0.000984622 -0.00553457 -0.0187387 -0.0292397 -0.0124993 0.00589941 0.0158941 0.000981049
internal_weight=511 116 83 395 355 307 190 152 106 76 117 81
internal_count=511 116 83 395 355 307 190 152 106 76 117 81
is_linear=0
shrinkage=0.0591741


Tree=38
num_leaves=15
num_cat=0
split_feature=8 13 9 1 12 13 9 10 10 3 9 7 8 12
split_gain=30.6281 26.1723 34.6827 38.2057 59.4993 34.0857 32.4226 27.0044 21.059 19.8801 18.2132 27.52 14.4777 12.8814
threshold=0.28400000000000003 4.0931114990337365 1.2500000000000002 93.050000000000011 1.582142857142858 2.4659104143317636 -0.44999999999999923 1.4500000000000031 1.0499999999999974 -0.61237985104942771 2.6000000000000054 5045.5000000000009 0.12850000000000003 3.0214285714285718
decision_type=2 2 2 2 2 2 2 2 2 2 2 2 2 2
left_child=1 2 5 4 7 6 -1 -4 -7 -5 11 -6 -12 -14
right_child=-2 -3 3 9 10 8 -8 -9 -10 -11 12 -13 13 -15
leaf_value=0.039065988756575083 0.05829767195335249 0.049137210493918233 0.0055972659764905513 -0.0027878280510248289 0.10292926363440706 -0.032686115213526871 -0.036658604065602084 -0.066136207722914758 -0.093674519840042533 -0.063930117360154998 -0.012578701227748314 0.021944696850998101 0.0077872494915248352 0.064501992349388859
leaf_weight=35 27 28 39 37 29 51 44 34 33 37 31 30 27 29
leaf_count=35 27 28 39 37 29 51 44 34 33 37 31 30 27 29
internal_value=-0.00233406 -0.00578489 -0.00921787 0.00296285 0.0153858 -0.0310434 -0.00306782 -0.0280815 -0.0571438 -0.0336292 0.0371456 0.0623907 0.0197131 0.0375325
internal_weight=511 484 456 293 219 163 79 73 84 74 146 59 87 56
internal_count=511 484 456 293 219 163 79 73 84 74 146 59 87 56
is_linear=0
shrinkage=0.0591741


Tree=39
num_leaves=14
num_cat=0
split_feature=2 10 13 9 13 8 9 11 0 12 8 12 4
split_gain=33.727 40.0596 29.3251 28.0559 35.8283 35.5604 32.4187 25.4232 19.7299 26.7028 25.5859 13.7962 11.3018
threshold=14.950000000000001 1.6500000000000024 4.0747765657798185 1.2500000000000002 2.4659104143317636 0.11350000000000002 -0.44999999999999923 1.2285714285714286 74.250000000000014 1.7714285714285707 0.17750000000000002 3.1464285714285727 -0.10837475778693634
decision_type=2 2 2 2 2 2 2 2 2 2 2 2 2
left_child=1 -1 3 4 6 -5 -2 -6 9 -7 -11 12 -12
right_child=2 -3 -4 5 7 8 -8 -9 -10 10 11 -13 -14
leaf_value=0.0063137104309533643 0.05847325988922461 -0.078712299501935215 0.063247911584994834 0.071729760362981093 -0.021016788822807487 -0.023653969595994039 -0.022990298031081966 -0.091700952582233264 -0.033094209753293254 0.063723929281635255 0.046139300766304833 -0.022180951217677509 -0.0042389722439394864
leaf_weight=37 28 40 27 30 46 53 42 29 41 42 36 33 27
leaf_count=37 28 40 27 30 46 53 42 29 41 42 36 33 27
internal_value=-0.00219309 -0.0381246 0.004226 0.000222568 -0.0206115 0.0117738 0.00981666 -0.0488625 0.0038546 0.0118654 0.0255506 0.00855554 0.0247134
internal_weight=511 77 434 407 145 262 70 75 232 191 138 96 63
internal_count=511 77 434 407 145 262 70 75 232 191 138 96 63
is_linear=0
shrinkage=0.0591741


Tree=40
num_leaves=15
num_cat=0
split_feature=2 6 13 7 1 10 1 11 13 11 8 8 9 11
split_gain=30.7015 26.7406 30.1639 27.7912 32.21 23.2162 43.2399 17.652 15.4978 39.3426 11.459 18.5075 12.2774 8.76737
threshold=16.950000000000006 9.1500000000000004 3.8131974487345577 4564.5000000000009 89.250000000000014 0.84999999999999798 75.250000000000014 3.9499999999999997 2.6474150502391463 1.5000000000000011 0.18150000000000002 0.20450000000000002 1.9000000000000024 2.7357142857142867
decision_type=2 2 2 2 2 2 2 2 2 2 2 2 2 2
left_child=5 3 7 -2 -5 -1 -7 8 10 -10 -3 -12 -13 -14
right_child=1 2 -4 4 -6 6 -8 -9 9 -11 11 12 13 -15
leaf_value=0.013069635442934557 0.028289872174294583 0.038814644353902507 0.073327269492841726 -0.08445068331620835 -0.0020931793095953148 -0.094763368515783139 -0.0085795552515827728 0.043925370628093527 0.015031528879936513 -0.071774093994211072 -0.03667728659472138 0.047785461585376568 0.022213327482732512 -0.023432483671176941
leaf_weight=33 27 42 27 32 34 35 48 41 45 30 30 29 31 27
leaf_count=33 27 42 27 32 34 35 48 41 45 30 30 29 31 27
internal_value=-0.00206247 0.00580534 0.0143474 -0.0218469 -0.0424281 -0.028745 -0.0453444 0.00840856 0.00208841 -0.0199868 0.0125375 0.00295371 0.0167783 0.000941856
internal_weight=511 395 302 93 66 116 83 275 234 75 159 117 87 58
internal_count=511 395 302 93 66 116 83 275 234 75 159 117 87 58
is_linear=0
shrinkage=0.0591741


Tree=41
num_leaves=15
num_cat=0
split_feature=2 6 13 7 12 10 0 11 12 0 0 10 2 2
split_gain=27.2296 23.7184 26.7787 24.661 29.3848 20.5934 27.7347 15.9873 18.0243 18.2111 21.0139 14.9399 9.59148 7.17499
threshold=16.950000000000006 9.1500000000000004 3.8131974487345577 4564.5000000000009 1.6071428571428592 0.84999999999999798 60.250000000000007 3.7142857142857149 2.9964285714285723 48.600000000000001 70.15000000000002 1.4500000000000031 21.199999999999999 14.349999999999996
decision_type=2 2 2 2 2 2 2 2 2 2 2 2 2 2
left_child=5 3 7 -2 -5 -1 -7 8 9 -3 11 -11 -12 -8
right_child=1 2 -4 4 -6 6 13 -9 -10 10 12 -13 -14 -15
leaf_value=0.012310158916839009 0.026652492879500233 -0.026478910304986822 0.069083182927849859 -0.08668842734985098 -0.0067869021263914676 -0.090013144091364142 -0.03856040719305253 0.037609022563293376 -0.043720709894018037 0.063907967827656911 0.021180824110556107 0.012079548310268001 -0.021724969879697874 0.0038906906943931467
leaf_weight=33 27 43 27 27 39 28 28 51 27 39 29 39 47 27
leaf_count=33 27 43 27 27 39 28 28 51 27 39 29 39 47 27
internal_value=-0.00194318 0.00546642 0.0135113 -0.0205764 -0.0399639 -0.0270717 -0.0427054 0.00791565 0.0010721 0.00732615 0.0168318 0.0382859 -0.00531505 -0.0179049
internal_weight=511 395 302 93 66 116 83 275 224 197 154 78 76 55
internal_count=511 395 302 93 66 116 83 275 224 197 154 78 76 55
is_linear=0
shrinkage=0.0591741


Tree=42
num_leaves=15
num_cat=0
split_feature=5 12 12 10 4 4 0 7 11 10 1 10 9 4
split_gain=36.3555 35.0582 20.3471 20.4985 25.423 46.5432 20.3422 13.1172 12.9691 10.2533 21.757 9.86681 6.62958 5.50794
threshold=1.0000000180025095e-35 1.4214285714285713 0.63214285714285812 5.7500000000000009 0.38043945030393422 0.5969655492110445 56.350000000000009 2151.5000000000005 1.2428571428571435 3.0499999999999976 93.65000000000002 0.75000000000000011 2.5499999999999976 0.62420859727530387
decision_type=2 2 2 2 2 2 2 2 2 2 2 2 2 2
left_child=2 -2 13 4 6 -6 -4 -3 -7 11 -11 -8 -13 -1
right_child=1 7 3 -5 5 8 9 -9 -10 10 -12 12 -14 -15
leaf_value=0.057011844159711729 -0.091360516859658195 0.017699483385241382 0.053448832684624588 0.037911062620854259 -0.091105022085019499 0.026494497814189735 -0.021562088804663416 -0.032324741880308892 -0.025569450639911558 -0.059506397665422373 0.013659643845295914 0.0039505297210425706 0.037673426786284499 0.019454757783172849
leaf_weight=27 27 29 27 42 30 29 27 48 38 27 29 45 37 29
leaf_count=27 27 29 27 42 30 29 27 48 38 27 29 45 37 29
internal_value=-0.0031658 -0.0341199 0.00519282 -0.00041301 -0.00605009 -0.0306436 0.00643189 -0.0134933 -0.00299888 -0.00142874 -0.0218755 0.00913867 0.0193313 0.037978
internal_weight=491 104 387 331 289 97 192 77 67 165 56 109 82 56
internal_count=491 104 387 331 289 97 192 77 67 165 56 109 82 56
is_linear=0
shrinkage=0.0591741


Tree=43
num_leaves=16
num_cat=0
split_feature=5 12 10 12 4 4 6 12 12 0 13 2 12 4 4
split_gain=32.2516 31.1266 18.5924 21.0517 24.6116 44.481 22.1838 17.2645 13.6084 14.0697 11.6695 11.5794 12.2707 4.44014 3.31054
threshold=1.0000000180025095e-35 1.4214285714285713 6.7500000000000009 0.63214285714285812 0.38838672039864403 0.5969655492110445 15.850000000000003 2.1464285714285718 1.8107142857142862 70.450000000000017 2.2987053826538886 27.150000000000002 2.8749999999999996 -0.71502926860092908 0.67644692717078936
decision_type=2 2 2 2 2 2 2 2 2 2 2 2 2 2 2
left_child=2 -2 3 14 6 -6 8 -7 9 -5 -3 12 13 -10 -1
right_child=1 10 -4 4 5 7 -8 -9 11 -11 -12 -13 -14 -15 -16
leaf_value=0.049481895109568769 -0.086072689642202632 0.016719223608918383 0.051693030781994477 -0.055024297731173871 -0.091252903899215532 0.020335416030059932 0.055232210732615902 -0.03849878990332499 0.03228859145770014 0.0030059488350419258 -0.030463581291505309 0.038793033067240343 -0.030730111859227714 -0.0014306239126599288 0.01987263852682377
leaf_weight=27 27 29 27 27 28 42 28 29 27 31 48 35 31 27 28
leaf_count=27 27 29 27 27 28 42 28 29 27 31 48 35 31 27 28
internal_value=-0.0029824 -0.0321371 0.00489033 0.00129937 -0.00479638 -0.0289503 0.0068623 -0.00381752 -0.00090757 -0.0242969 -0.0127016 0.0104624 -0.00139469 0.0155997 0.0347879
internal_weight=491 104 387 360 305 99 206 71 178 58 77 120 85 54 55
internal_count=491 104 387 360 305 99 206 71 178 58 77 120 85 54 55
is_linear=0
shrinkage=0.0591741


Tree=44
num_leaves=14
num_cat=0
split_feature=10 9 9 9 10 0 1 10 9 3 9 9 0
split_gain=27.4784 26.2063 41.0019 36.7176 20.2617 23.1131 26.0933 19.543 24.4186 19.2959 14.399 17.4269 12.6695
threshold=6.7500000000000009 -1.9000000000000019 1.0000000180025095e-35 -1.1500000000000019 -1.0000000180025095e-35 44.300000000000004 76.250000000000014 3.2500000000000004 4.549999999999998 0.46800856592688467 2.3499999999999983 3.6500000000000026 71.15000000000002
decision_type=2 2 2 2 2 2 2 2 2 2 2 2 2
left_child=1 -1 3 -3 9 -6 -7 10 -9 -4 12 -12 -8
right_child=-2 2 4 -5 5 6 7 8 -10 -11 11 -13 -14
leaf_value=-0.051806405123088935 0.051495033792583488 -0.012997803668755204 -0.076023854427208798 0.075787948102662414 0.04840153384841489 -0.051491641315869183 -0.034322634337662403 -0.051926318489275876 0.017238794014985698 -0.012470436818304002 0.054441172996535322 -0.0015935741623648021 0.017476832285658939
leaf_weight=40 30 27 28 40 27 41 32 45 29 41 43 35 33
leaf_count=40 30 27 28 40 27 41 32 45 29 41 43 35 33
internal_value=-0.00280927 -0.00640596 -0.00202431 0.0402122 -0.0100731 -0.00307607 -0.00856379 -0.000332512 -0.024901 -0.0386964 0.0124325 0.0294784 -0.00810566
internal_weight=491 461 421 67 354 285 258 217 74 69 143 78 65
internal_count=491 461 421 67 354 285 258 217 74 69 143 78 65
is_linear=0
shrinkage=0.0591741


Tree=45
num_leaves=15
num_cat=0
split_feature=5 3 3 12 11 12 12 8 9 2 0 0 4 6
split_gain=27.5707 27.8447 23.5 16.3057 15.2926 31.3408 20.5114 20.6479 14.0148 18.5973 13.2014 9.22871 4.46752 4.1254
threshold=1.0000000180025095e-35 0.24372619187392147 0.84313847884979054 0.63214285714285812 4.5285714285714294 3.100000000000001 1.8535714285714298 0.12050000000000001 0.95000000000000295 24.950000000000006 61.050000000000004 68.050000000000011 0.62420859727530387 11.850000000000003
decision_type=2 2 2 2 2 2 2 2 2 2 2 2 2 2
left_child=3 -2 -3 12 5 6 7 -5 -9 -10 -8 -12 -1 -13
right_child=1 2 -4 4 -6 -7 10 8 9 -11 11 13 -14 -15
leaf_value=0.051122707177158812 0.0054653366458477107 -0.091138789856884506 -0.016265963740681118 0.032572780185107071 0.035695417625857255 -0.051172495193565801 0.048733695027427741 0.0019459697798572973 -0.014111725381768652 -0.078968800718901944 -0.020970025033488045 0.037145032244514223 0.017307551767261845 0.0047889997094026698
leaf_weight=27 45 31 28 27 36 43 39 41 36 27 27 27 29 28
leaf_count=27 45 31 28 27 36 43 39 41 36 27 27 27 29 28
internal_value=-0.00264506 -0.0296012 -0.0561311 0.00463382 -0.000384484 -0.00485143 0.00315606 -0.0130415 -0.0250034 -0.0423938 0.0206699 0.00706362 0.033983 0.020904
internal_weight=491 104 59 387 331 295 252 131 104 63 121 82 56 55
internal_count=491 104 59 387 331 295 252 131 104 63 121 82 56 55
is_linear=0
shrinkage=0.0591741


Tree=46
num_leaves=16
num_cat=0
split_feature=5 12 12 1 4 8 0 0 3 6 13 0 0 4 11
split_gain=24.4661 26.5839 14.4721 13.5722 21.2707 29.9773 27.7461 25.8262 12.389 9.80192 8.93929 7.17498 6.09045 3.96574 0.797849
threshold=1.0000000180025095e-35 1.4785714285714289 0.63214285714285812 64.450000000000017 0.40418040343369127 0.15250000000000002 61.050000000000004 55.300000000000004 0.37446826358596375 13.050000000000002 2.2987053826538886 69.350000000000009 73.65000000000002 0.62420859727530387 2.6071428571428563
decision_type=2 2 2 2 2 2 2 2 2 2 2 2 2 2 2
left_child=2 -2 13 -4 6 7 -5 -6 11 -10 -3 -8 14 -1 -13
right_child=1 10 3 4 5 -7 8 -9 9 -11 -12 12 -14 -15 -16
leaf_value=0.048163791950289303 -0.076523502833921675 0.016126637817669456 0.037877969864753495 0.049142461415782865 -0.045203215370727391 -0.078576202639957807 -0.018426149473981485 0.03436697350529485 -0.051358505450695487 -0.0039512454779550357 -0.025320102513889942 0.034786372933001228 -0.0047016010430891101 0.016304298524764626 0.019457160920709052
leaf_weight=27 28 29 29 41 27 28 29 29 28 33 47 27 33 29 27
leaf_count=27 28 29 29 41 27 28 29 29 28 33 47 27 33 29 27
internal_value=-0.00249129 -0.0278844 0.00436553 -0.000362199 -0.00410259 -0.0292894 0.00565655 -0.00407019 -0.00454937 -0.0260023 -0.00950241 0.00680819 0.0152888 0.0320154 0.027422
internal_weight=491 104 387 331 302 84 218 56 177 61 76 116 87 56 54
internal_count=491 104 387 331 302 84 218 56 177 61 76 116 87 56 54
is_linear=0
shrinkage=0.0591741


Tree=47
num_leaves=14
num_cat=0
split_feature=10 4 6 0 9 9 7 6 1 2 0 9 7
split_gain=23.8462 25.3637 41.8529 30.7028 26.1035 25.0452 24.0733 16.4594 9.45414 18.8895 15.491 13.2115 3.84142
threshold=6.7500000000000009 0.38838672039864403 15.550000000000002 53.900000000000006 -1.1500000000000019 0.4500000000000029 4100.5000000000009 9.3500000000000032 92.750000000000014 22.149999999999999 74.250000000000014 2.1500000000000026 7096.0000000000009
decision_type=2 2 2 2 2 2 2 2 2 2 2 2 2
left_child=1 3 4 -1 -3 -6 -7 -5 9 11 12 -9 -10
right_child=-2 2 -4 7 5 6 -8 8 10 -11 -12 -13 -14
leaf_value=0.061176620475916571 0.048240207220595958 -0.056146900563337425 -0.080695643143413945 -0.034209839605288263 0.053684782315880863 0.015526357635698311 -0.04908111953240319 -0.015207455362125777 0.055467964283544571 -0.048654715933143355 -0.0089565670588940775 0.029363576335017776 0.023172244494973227
leaf_weight=30 30 31 35 44 27 48 34 46 27 27 39 46 27
leaf_count=30 30 31 35 44 27 48 34 46 27 27 39 46 27
internal_value=-0.00234735 -0.00569823 -0.0234017 0.00516079 -0.0087929 0.00491003 -0.0114252 -0.00153216 0.00532794 -0.00571336 0.0194018 0.00712422 0.0397553
internal_weight=491 461 175 286 140 109 82 256 212 119 93 92 54
internal_count=491 461 175 286 140 109 82 256 212 119 93 92 54
is_linear=0
shrinkage=0.0591741


Tree=48
num_leaves=14
num_cat=0
split_feature=11 5 7 8 9 7 13 2 4 2 4 2 13
split_gain=20.6304 21.3911 31.4427 38.5877 42.1186 27.4565 29.3162 26.1744 20.6938 15.4498 18.017 7.50146 6.42679
threshold=-0.30714285714285589 0.030000000000000002 3186.0000000000005 0.13150000000000003 -0.14999999999999497 5107.5000000000009 2.8456308641827741 15.250000000000002 0.38838672039864403 26.450000000000003 -0.85225707553516283 21.450000000000006 1.3339821553753801
decision_type=2 2 2 2 2 2 2 2 2 2 2 2 2
left_child=-1 2 7 -4 -5 11 9 -2 -3 10 -7 -6 -12
right_child=1 8 3 4 5 6 -8 -9 -10 -11 12 -13 -14
leaf_value=-0.046809722444919023 0.001141576757789546 -0.0028647749718649675 -0.050040403504527722 0.065299866361560252 0.0077299457765019845 0.021555456279074323 -0.056610562059643967 0.079942732984298312 -0.066296095656302526 0.024964700610238279 -0.0071852078538164089 0.049046891307125362 -0.042956487975151642
leaf_weight=36 27 42 50 36 27 34 42 32 31 52 28 36 48
leaf_count=36 27 42 50 36 27 34 42 32 31 52 28 36 48
internal_value=-0.0039726 -0.000738637 0.00450458 -0.00220411 0.00577355 -0.00238179 -0.0129327 0.0442584 -0.0301245 -0.00144051 -0.0139912 0.0315813 -0.0299383
internal_weight=521 485 412 353 303 267 204 59 73 162 110 63 76
internal_count=521 485 412 353 303 267 204 59 73 162 110 63 76
is_linear=0
shrinkage=0.0591741


Tree=49
num_leaves=15
num_cat=0
split_feature=10 12 4 4 9 13 13 11 4 13 0 4 1 4
split_gain=25.3378 21.462 33.1807 28.2854 32.109 35.802 25.6155 15.0348 14.2729 13.5782 10.3825 14.8378 10.3773 7.84017
threshold=7.2500000000000009 3.6214285714285706 0.95178258287705175 0.25829915227078726 1.4500000000000031 2.6149296436612537 2.2835852014072056 1.5000000000000011 0.73136292505298039 2.1849592126893715 74.550000000000011 -0.43733099657705288 90.450000000000017 -0.03976928634766979
decision_type=2 2 2 2 2 2 2 2 2 2 2 2 2 2
left_child=1 2 3 7 8 -6 -3 12 -5 10 11 -9 -1 -13
right_child=-2 6 -4 4 5 -7 -8 9 -10 -11 -12 13 -14 -15
leaf_value=-0.036045010863031225 0.049437645355892103 -0.0034683334276751202 0.046041393172157843 0.018959474222569366 -0.0059743067834025386 -0.094481451763496357 -0.08059968943673583 0.047250295636791957 -0.030287481399143227 0.042891166666378835 -0.021559758127971399 -0.024778025385443124 0.009021289021052592 0.019433643804143301
leaf_weight=43 29 32 44 45 27 39 28 32 37 43 37 28 30 27
leaf_count=43 29 32 44 45 27 39 28 32 37 43 37 28 30 27
internal_value=-0.00373911 -0.00693031 -0.00230076 -0.00784594 -0.0281358 -0.0586567 -0.0399078 0.00470536 -0.00332069 0.014485 0.00447428 0.0156186 -0.0176026 -0.00309874
internal_weight=521 492 432 388 148 66 60 240 82 167 124 87 73 55
internal_count=521 492 432 388 148 66 60 240 82 167 124 87 73 55
is_linear=0
shrinkage=0.0591741


Tree=50
num_leaves=16
num_cat=0
split_feature=10 12 4 4 11 11 12 2 2 8 13 4 8 10 11
split_gain=22.4854 19.0667 46.9287 31.2505 26.9042 27.5436 26.3714 23.9774 21.3476 21.1409 17.8497 13.2201 15.0958 12.4926 10.8157
threshold=7.2500000000000009 3.1214285714285723 0.95178258287705175 -0.099822328936730778 0.34285714285714369 1.1571428571428566 1.3714285714285712 26.950000000000006 24.800000000000008 0.12750000000000003 1.9055682315115801 -0.5129677127369543 0.25850000000000006 3.7500000000000004 1.5642857142857145
decision_type=2 2 2 2 2 2 2 2 2 2 2 2 2 2 2
left_child=1 2 3 10 -5 9 -7 13 -8 -6 11 12 -1 -3 -12
right_child=-2 7 -4 4 5 6 8 -9 -10 -11 14 -13 -14 -15 -16
leaf_value=-0.050315056743184094 0.046571933509266777 -0.027644053915572467 0.062093102416929294 -0.066893605461450206 -0.015879829086917652 -0.078653440636163086 0.017587953929345781 0.009482248989119639 -0.045700429666758288 0.056846056965986262 0.0076208670814988224 0.025710203151978216 0.0086510251949939946 -0.082006802670612153 0.053146346144981794
leaf_weight=31 29 34 37 39 27 28 40 34 34 28 33 30 29 27 41
leaf_count=31 29 34 37 39 27 28 40 34 34 28 33 30 29 27 41
internal_value=-0.00352225 -0.00652847 -0.000814206 -0.00737291 -0.0232889 -0.0122422 -0.0303799 -0.0302519 -0.0116251 0.0213596 0.0116643 -0.00603963 -0.0220127 -0.0522747 0.0330707
internal_weight=521 492 397 360 196 157 102 95 74 55 164 90 60 61 74
internal_count=521 492 397 360 196 157 102 95 74 55 164 90 60 61 74
is_linear=0
shrinkage=0.0591741


Tree=51
num_leaves=16
num_cat=0
split_feature=6 7 4 6 11 5 11 11 9 0 1 1 4 8 6
split_gain=18.9397 23.5238 27.016 20.6359 20.1168 21.637 17.4709 21.3123 18.0193 17.8367 15.9707 11.6692 9.00944 13.6097 3.55422
threshold=18.050000000000004 2731.5000000000005 0.8852232634113919 7.1500000000000012 1.0000000180025095e-35 0.081500000000000003 3.421428571428573 2.9857142857142862 -1.0000000180025095e-35 51.95000000000001 90.050000000000011 84.750000000000014 -0.92272482904738273 0.22450000000000003 10.550000000000002
decision_type=2 2 2 2 2 2 2 2 2 2 2 2 2 2 2
left_child=1 2 -1 -3 -5 6 7 8 -6 -10 -8 -11 -13 14 -14
right_child=-2 3 -4 4 5 -7 10 -9 9 11 -12 12 13 -15 -16
leaf_value=-0.0024692921580559647 -0.043772295921491663 -0.054983744070226763 0.070915152250460925 -0.045778765979357046 0.03950559202787219 -0.048190522303759253 0.0666213759965298 -0.044696359476492559 -0.039395689225562483 0.040694416363662812 0.0088551354500459104 0.026808620546477969 0.022541568013159652 -0.039878781593800962 -0.0075281480113059129
leaf_weight=38 37 27 32 33 44 27 28 33 36 28 41 29 27 34 27
leaf_count=38 37 27 32 33 44 27 28 33 36 28 41 29 27 34 27
internal_value=-0.00331926 -0.000176046 0.0313977 -0.00555258 -0.00202355 0.00212638 0.00636223 -0.000733848 0.00581643 -0.0024774 0.0326714 0.00681397 -0.00146159 -0.0108972 0.00758974
internal_weight=521 484 70 414 387 354 327 258 225 181 69 145 117 88 54
internal_count=521 484 70 414 387 354 327 258 225 181 69 145 117 88 54
is_linear=0
shrinkage=0.0591741


Tree=52
num_leaves=15
num_cat=0
split_feature=10 12 6 7 11 1 0 0 2 1 9 10 9 4
split_gain=19.4455 17.7487 28.4019 30.925 31.4861 28.5373 27.5656 27.6585 26.4135 22.2704 13.0912 11.283 8.97686 4.87251
threshold=7.2500000000000009 3.6214285714285706 18.050000000000004 2731.5000000000005 2.6785714285714293 87.15000000000002 62.95000000000001 50.800000000000004 13.450000000000005 90.050000000000011 0.099999999999997854 2.4000000000000026 4.049999999999998 -0.39036009226888668
decision_type=2 2 2 2 2 2 2 2 2 2 2 2 2 2
left_child=1 2 3 8 5 6 7 10 -1 -6 -5 13 -3 -7
right_child=-2 12 -4 4 9 11 -8 -9 -10 -11 -12 -13 -14 -15
leaf_value=0.0040809443572032769 0.043458379177688099 -0.060864911356289318 -0.053959278227875697 -0.014409738353854397 0.058993935788293955 0.033138929900176618 -0.082021386407440749 0.01938389110073185 0.083012281335385227 -0.00014859853938760021 -0.065014859687256038 -0.020194921088135788 -0.014766968259235541 0.0017394714934565842
leaf_weight=31 29 27 33 35 39 45 30 42 28 51 37 33 33 28
leaf_count=31 29 27 33 35 39 45 30 42 28 51 37 33 33 28
internal_value=-0.00312633 -0.00592212 -0.00171263 0.00268358 -0.00420169 -0.0150032 -0.0321032 -0.0186036 0.0420018 0.0257023 -0.0407399 0.00827732 -0.0359111 0.0212085
internal_weight=521 492 432 399 340 250 144 114 59 90 72 106 60 73
internal_count=521 492 432 399 340 250 144 114 59 90 72 106 60 73
is_linear=0
shrinkage=0.0591741


Tree=53
num_leaves=15
num_cat=0
split_feature=10 12 6 7 11 1 11 3 2 0 10 9 0 3
split_gain=17.2572 15.7511 25.1958 27.4483 27.9303 25.3132 26.0351 27.9788 23.4425 20.5454 10.0069 7.9691 7.74796 4.88461
threshold=7.2500000000000009 3.6214285714285706 18.050000000000004 2731.5000000000005 2.6785714285714293 87.15000000000002 1.1928571428571437 0.70290292807158605 13.450000000000005 66.15000000000002 2.4000000000000026 4.049999999999998 47.750000000000007 0.15951094710994368
decision_type=2 2 2 2 2 2 2 2 2 2 2 2 2 2
left_child=1 2 3 8 5 6 7 12 -1 -6 13 -3 -5 -7
right_child=-2 11 -4 4 9 10 -8 -9 -10 -11 -12 -13 -14 -15
leaf_value=0.0038440765109421134 0.040939262095631 -0.057342129491928663 -0.050823706205025743 -0.01681441971697303 0.054114745157560228 0.0066409785949385442 -0.065002818314950431 0.024639577300446702 0.078203880385054617 -0.00231405034004439 -0.019021394598575294 -0.013908859825926762 -0.061917103569595441 0.037557369315537006
leaf_weight=31 29 27 33 27 42 42 49 41 28 48 33 33 27 31
leaf_count=31 29 27 33 27 42 42 49 41 28 48 33 33 27 31
internal_value=-0.00294596 -0.00557975 -0.00161421 0.00252644 -0.00396025 -0.0141335 -0.0302386 -0.0120101 0.0395686 0.0242046 0.00779244 -0.0338308 -0.0398015 0.0199704
internal_weight=521 492 432 399 340 250 144 95 59 90 106 60 54 73
internal_count=521 492 432 399 340 250 144 95 59 90 106 60 54 73
is_linear=0
shrinkage=0.0591741


Tree=54
num_leaves=15
num_cat=0
split_feature=13 9 0 13 1 10 7 7 3 3 0 7 7 3
split_gain=28.2574 28.8246 28.6504 25.387 19.24 19.0576 17.4071 31.1433 27.8659 19.0914 15.2845 14.329 10.0982 4.40716
threshold=1.9055682315115801 1.7500000000000002 41.45000000000001 3.8243262186406866 89.250000000000014 6.2500000000000009 3939.5000000000005 4763.0000000000009 0.091259403071267911 0.89404822654372251 73.350000000000009 5894.5000000000009 5760.0000000000009 0.056951373111866661
decision_type=2 2 2 2 2 2 2 2 2 2 2 2 2 2
left_child=1 13 -2 5 -3 6 8 -8 -4 10 11 -9 -6 -1
right_child=2 4 3 -5 12 -7 7 9 -10 -11 -12 -13 -14 -15
leaf_value=4.7354761513607145e-05 0.030544591327056777 0.072826131265067831 0.049450437174985762 0.021292149373772322 -0.0080178197315553812 -0.072415897858818995 -0.082167516443477487 -0.012726700448973767 -0.028991003231978247 -0.055586934289852452 -0.037622455145370867 0.046630440808967173 0.03563497560768665 -0.032220730005632504
leaf_weight=32 49 34 28 47 29 27 32 29 35 31 27 27 50 27
leaf_count=32 49 34 28 47 29 27 32 29 35 31 27 27 50 27
internal_value=-0.000899185 0.0185287 -0.0109796 -0.0182191 0.0359671 -0.0261221 -0.0199501 -0.0311308 0.00601041 -0.016447 -0.00153229 0.0160842 0.0196713 -0.0148963
internal_weight=504 172 332 283 113 236 209 146 63 114 83 56 79 59
internal_count=504 172 332 283 113 236 209 146 63 114 83 56 79 59
is_linear=0
shrinkage=0.0591741


end of trees

feature_importances:
forecast_wind=80
lag_low_1d=77
forecast_diurnal_range=76
roll_low_14d_mean=61
forecast_low=57
roll_low_7d_mean=55
day_sin=52
forecast_radiation=50
day_cos=49
forecast_evap=46
roll_low_7d_std=46
lag_low_2d=43
forecast_high=39
forecast_precip=25

parameters:
[boosting: gbdt]
[objective: regression]
[metric: l2]
[tree_learner: serial]
[device_type: cpu]
[data_sample_strategy: bagging]
[data: ]
[valid: ]
[num_iterations: 55]
[learning_rate: 0.0591741]
[num_leaves: 52]
[num_threads: 2]
[seed: 42]
[deterministic: 0]
[force_col_wise: 0]
[force_row_wise: 0]
[histogram_pool_size: -1]
[max_depth: -1]
[min_data_in_leaf: 27]
[min_sum_hessian_in_leaf: 0.001]
[bagging_fraction: 0.65142]
[pos_bagging_fraction: 1]
[neg_bagging_fraction: 1]
[bagging_freq: 6]
[bagging_seed: 400]
[bagging_by_query: 0]
[feature_fraction: 0.758763]
[feature_fraction_bynode: 1]
[feature_fraction_seed: 30056]
[extra_trees: 0]
[extra_seed: 12879]
[early_stopping_round: 0]
[early_stopping_min_delta: 0]
[first_metric_only: 0]
[max_delta_step: 0]
[lambda_l1: 4.31126e-05]
[lambda_l2: 0.604291]
[linear_lambda: 0]
[min_gain_to_split: 0]
[drop_rate: 0.1]
[max_drop: 50]
[skip_drop: 0.5]
[xgboost_dart_mode: 0]
[uniform_drop: 0]
[drop_seed: 17869]
[top_rate: 0.2]
[other_rate: 0.1]
[min_data_per_group: 100]
[max_cat_threshold: 32]
[cat_l2: 10]
[cat_smooth: 10]
[max_cat_to_onehot: 4]
[top_k: 20]
[monotone_constraints: ]
[monotone_constraints_method: basic]
[monotone_penalty: 0]
[feature_contri: ]
[forcedsplits_filename: ]
[refit_decay_rate: 0.9]
[cegb_tradeoff: 1]
[cegb_penalty_split: 0]
[cegb_penalty_feature_lazy: ]
[cegb_penalty_feature_coupled: ]
[path_smooth: 0]
[interaction_constraints: ]
[verbosity: -1]
[saved_feature_importance_type: 0]
[use_quantized_grad: 0]
[num_grad_quant_bins: 4]
[quant_train_renew_leaf: 0]
[stochastic_rounding: 1]
[linear_tree: 0]
[max_bin: 255]
[max_bin_by_feature: ]
[min_data_in_bin: 3]
[bin_construct_sample_cnt: 200000]
[data_random_seed: 175]
[is_enable_sparse: 1]
[enable_bundle: 1]
[use_missing: 1]
[zero_as_missing: 0]
[feature_pre_filter: 1]
[pre_partition: 0]
[two_round: 0]
[header: 0]
[label_column: ]
[weight_column: ]
[group_column: ]
[ignore_column: ]
[categorical_feature: ]
[forcedbins_filename: ]
[precise_float_parser: 0]
[parser_config_file: ]
[objective_seed: 16083]
[num_class: 1]
[is_unbalance: 0]
[scale_pos_weight: 1]
[sigmoid: 1]
[boost_from_average: 1]
[reg_sqrt: 0]
[alpha: 0.9]
[fair_c: 1]
[poisson_max_delta_step: 0.7]
[tweedie_variance_power: 1.5]
[lambdarank_truncation_level: 30]
[lambdarank_norm: 1]
[label_gain: ]
[lambdarank_position_bias_regularization: 0]
[eval_at: ]
[multi_error_top_k: 1]
[auc_mu_weights: ]
[num_machines: 1]
[local_listen_port: 12400]
[time_out: 120]
[machine_list_filename: ]
[machines: ]
[gpu_platform_id: -1]
[gpu_device_id: -1]
[gpu_use_dp: 0]
[num_gpu: 1]

end of parameters

pandas_categorical:[]
