tree
version=v4
num_class=1
num_tree_per_iteration=1
label_index=0
max_feature_idx=13
objective=regression
feature_names=forecast_low forecast_high forecast_diurnal_range day_sin day_cos forecast_precip forecast_wind forecast_radiation forecast_evap lag_low_1d lag_low_2d roll_low_7d_mean roll_low_14d_mean roll_low_7d_std
feature_infos=[32.399999999999999:80.5] [48.299999999999997:97.400000000000006] [3.2999999999999972:31.899999999999999] [-0.99999942202469239:0.99998555065071859] [-0.99997919295908244:0.9999907524084426] [0:7.7400000000000002] [5.5999999999999996:36.600000000000001] [361:8166] [0.021999999999999999:0.27500000000000002] [-5.6000000000000014:11.299999999999995] [-5.6000000000000014:11.299999999999995] [-0.17142857142857179:6.8142857142857149] [0.82857142857142818:5.7785714285714294] [0.46496287614232262:4.7605521888597337]
tree_sizes=777 823 901 900 986 905 902 905 906 907 906 907 908 989 987 984 990 910 909 1068 995 909 904 980 989 996 994 907 1073 1072 1077 1079 996 1073 1078 990 994 988 993 996 993 1079 915 998 996 996 1003 1000 994 895 1003 1078 916 995 1004 911 1080 997 1000 1003 1079 1080 1080 999 1000 1003 996 900 901 897 992 991 905 997 912 907 991 1074 1075 1077 1076 1078 1082 1148 987 1152 912 999 989 1001

Tree=0
num_leaves=8
num_cat=0
split_feature=0 8 8 0 9 4 10
split_gain=421.253 142.571 74.8312 51.1917 50.3068 29.3194 27.4018
threshold=72.700000000000003 0.12250000000000001 0.19250000000000003 60.550000000000004 3.3499999999999983 -0.27694043983797378 3.9500000000000033
decision_type=2 2 2 2 2 2 2
left_child=1 3 5 -1 -3 -2 -6
right_child=2 4 -4 -5 6 -7 -8
leaf_value=3.4919442841292541 3.3952103749374318 3.488097144998894 3.4565111283620538 3.4424091775459851 3.5446538748493492 3.4319808030940089 3.5114492095816119
leaf_weight=52 88 88 79 82 64 53 93
leaf_count=52 88 88 79 82 64 53 93
internal_value=3.46907 3.49402 3.42608 3.46163 3.51174 3.40903 3.52499
internal_weight=599 379 220 134 245 141 157
internal_count=599 379 220 134 245 141 157
is_linear=0
shrinkage=1


Tree=1
num_leaves=8
num_cat=0
split_feature=0 8 8 0 9 4 10
split_gain=388.992 131.653 69.1003 47.2712 46.454 27.0739 25.3718
threshold=72.700000000000003 0.12250000000000001 0.19250000000000003 60.550000000000004 3.3499999999999983 -0.27694043983797378 4.049999999999998
decision_type=2 2 2 2 2 2 2
left_child=1 3 5 -1 -3 -2 -6
right_child=2 4 -4 -5 6 -7 -8
leaf_value=0.022845386726218948 -0.070110630292586698 0.019148493928797576 -0.011203946242275716 -0.024755152893689479 0.072326655036656348 -0.03477625369855851 0.040692821058170625
leaf_weight=52 88 88 79 82 69 53 88
leaf_count=52 88 88 79 82 69 53 88
internal_value=0.000862421 0.0248409 -0.0404457 -0.00628305 0.0418639 -0.0568292 0.0545958
internal_weight=599 379 220 134 245 141 157
internal_count=599 379 220 134 245 141 157
is_linear=0
shrinkage=0.0390545


Tree=2
num_leaves=9
num_cat=0
split_feature=0 8 8 9 10 4 1 10
split_gain=359.277 129.883 58.9044 48.4468 41.5818 29.1325 16.9448 23.1144
threshold=72.350000000000009 0.12250000000000001 0.19250000000000003 3.5499999999999976 5.150000000000003 -0.27694043983797378 79.950000000000017 3.3499999999999983
decision_type=2 2 2 2 2 2 2 2
left_child=1 3 5 -1 6 -2 -3 -8
right_child=2 4 -4 -5 -6 -7 7 -9
leaf_value=-0.029416870342232605 -0.066128374309950014 0.068426055185540388 -0.011011333308297858 0.017736962072843955 0.017980152830374983 -0.0303251864701801 0.061139003994665576 0.022990046272909528
leaf_weight=68 91 65 81 65 76 56 50 47
leaf_count=68 91 65 81 65 76 56 50 47
internal_value=0.000828738 0.02454 -0.0377539 -0.00637151 0.0418142 -0.0524893 0.0529954 0.0426548
internal_weight=599 371 228 133 238 147 162 97
internal_count=599 371 228 133 238 147 162 97
is_linear=0
shrinkage=0.0390545


Tree=3
num_leaves=9
num_cat=0
split_feature=0 7 9 8 2 10 0 4
split_gain=332.478 115.287 78.8317 59.1604 55.6862 36.797 27.3644 22.9836
threshold=72.700000000000003 3448.0000000000005 3.5499999999999976 0.19250000000000003 17.150000000000009 3.9500000000000033 66.65000000000002 -0.27694043983797378
decision_type=2 2 2 2 2 2 2 2
left_child=1 -1 4 7 -3 -4 -7 -2
right_child=3 2 5 -5 -6 6 -8 -9
leaf_value=-0.020400818854385428 -0.064789885617396376 -0.013196704796728267 0.070733214538094502 -0.010336340981250471 0.039053193632139382 0.05385632171060227 0.013100343379590741 -0.032233749983486146
leaf_weight=75 88 70 77 79 56 54 47 53
leaf_count=75 88 70 77 79 56 54 47 53
internal_value=0.000796372 0.0229646 0.0336635 -0.0373934 0.0100252 0.050396 0.034891 -0.0525527
internal_weight=599 379 304 220 126 178 101 141
internal_count=599 379 304 220 126 178 101 141
is_linear=0
shrinkage=0.0390545


Tree=4
num_leaves=10
num_cat=0
split_feature=0 7 9 7 2 10 9 0 6
split_gain=307.016 106.458 72.7945 54.8916 51.4216 33.9788 27.5965 25.2687 8.19666
threshold=72.700000000000003 3448.0000000000005 3.5499999999999976 6585.0000000000009 17.150000000000009 3.9500000000000033 1.4500000000000031 66.65000000000002 12.750000000000002
decision_type=2 2 2 2 2 2 2 2 2
left_child=1 -1 4 6 -3 -4 -2 -7 -8
right_child=3 2 5 -5 -6 7 8 -9 -10
leaf_value=-0.019604075820248496 -0.072702201730809921 -0.012681313882194511 0.067970764994796234 -0.0054755509559525385 0.037527991627967078 0.051752991517636307 -0.04687918658570038 0.012588716726895724 -0.025097007881106949
leaf_weight=75 49 70 77 64 56 54 60 47 47
leaf_count=75 49 70 77 64 56 54 60 47 47
internal_value=0.000765266 0.0220678 0.0323488 -0.035933 0.00963367 0.0484278 -0.0484281 0.0335284 -0.0373116
internal_weight=599 379 304 220 126 178 156 101 107
internal_count=599 379 304 220 126 178 156 101 107
is_linear=0
shrinkage=0.0390545


Tree=5
num_leaves=9
num_cat=0
split_feature=0 8 8 0 9 4 0 13
split_gain=283.504 100.391 51.0517 40.4736 36.8511 20.7277 19.1183 12.0921
threshold=72.700000000000003 0.12250000000000001 0.19250000000000003 60.550000000000004 3.3499999999999983 -0.27694043983797378 67.850000000000009 1.9177114439980634
decision_type=2 2 2 2 2 2 2 2
left_child=1 3 5 -1 -3 -2 7 -6
right_child=2 4 -4 -5 6 -7 -8 -9
leaf_value=0.020980146235724501 -0.060232973287996927 0.015839315065351831 -0.009395167750149265 -0.023065103694224459 0.043563451593425166 -0.02931580265057869 0.029358464145219809 0.070749548953796801
leaf_weight=52 88 88 79 82 48 53 57 52
leaf_count=52 88 88 79 82 48 53 57 52
internal_value=0.000735372 0.0212059 -0.0345297 -0.00597266 0.0360711 -0.0486119 0.047411 0.0577006
internal_weight=599 379 220 134 245 141 157 100
internal_count=599 379 220 134 245 141 157 100
is_linear=0
shrinkage=0.0390545


Tree=6
num_leaves=9
num_cat=0
split_feature=0 8 8 9 10 4 8 1
split_gain=262.098 99.4827 43.269 41.6843 35.0769 22.8494 14.576 19.0268
threshold=72.350000000000009 0.12250000000000001 0.19250000000000003 3.5499999999999976 5.150000000000003 -0.27694043983797378 0.18350000000000002 79.950000000000017
decision_type=2 2 2 2 2 2 2 2
left_child=1 3 5 -1 6 -2 7 -3
right_child=2 4 -4 -5 -6 -7 -8 -9
leaf_value=-0.027470811295320825 -0.0569557065770816 0.055260664484391937 -0.0093271952129434267 0.0162683360881241 0.014186321994116916 -0.025247508983864023 0.063147216599983222 0.022590732692796697
leaf_weight=68 91 52 81 65 76 56 53 57
leaf_count=68 91 52 81 65 76 56 53 57
internal_value=0.000706653 0.0209588 -0.0322474 -0.00609428 0.0360769 -0.0448766 0.0463463 0.0381767
internal_weight=599 371 228 133 238 147 162 109
internal_count=599 371 228 133 238 147 162 109
is_linear=0
shrinkage=0.0390545


Tree=7
num_leaves=9
num_cat=0
split_feature=0 7 9 7 9 10 3 13
split_gain=227.345 105.55 57.7425 46.3759 33.9848 31.9935 17.7283 15.4288
threshold=72.850000000000009 4862.5000000000009 3.3499999999999983 6253.5000000000009 4.4500000000000037 4.3499999999999988 -0.91597725483594616 1.8679627406372905
decision_type=2 2 2 2 2 2 2 2
left_child=1 2 -1 6 -3 -4 -2 -5
right_child=3 4 5 7 -6 -7 -8 -9
leaf_value=-0.025978199778659776 -0.02932442446914791 0.022360257936282969 0.035217363970014785 -0.027119615115232032 0.057492047978397021 -0.006321209720723509 -0.058239409299269497 0.0045247110309432252
leaf_weight=87 53 84 62 47 84 52 83 47
leaf_count=87 53 84 62 47 84 52 83 47
internal_value=-0.00191613 0.0170793 -0.00201656 -0.0323916 0.0399264 0.0162697 -0.0469713 -0.0112971
internal_weight=599 369 201 230 168 114 136 94
internal_count=599 369 201 230 168 114 136 94
is_linear=0
shrinkage=0.0390545


Tree=8
num_leaves=9
num_cat=0
split_feature=0 7 9 7 9 10 3 13
split_gain=209.934 97.4665 53.3204 42.8243 31.3821 29.5433 16.3705 14.2472
threshold=72.850000000000009 4862.5000000000009 3.3499999999999983 6253.5000000000009 4.4500000000000037 4.3499999999999988 -0.91597725483594616 1.8679627406372905
decision_type=2 2 2 2 2 2 2 2
left_child=1 2 -1 6 -3 -4 -2 -5
right_child=3 4 5 7 -6 -7 -8 -9
leaf_value=-0.024963635198419994 -0.028179174172344359 0.02148698939605008 0.033841968916722476 -0.026060472779011055 0.055246725209539507 -0.0060743378235498264 -0.055964899768554628 0.0043480011903632076
leaf_weight=87 53 84 62 47 84 52 83 47
leaf_count=87 53 84 62 47 84 52 83 47
internal_value=-0.0018413 0.0164123 -0.00193781 -0.0311265 0.0383671 0.0156342 -0.0451369 -0.0108559
internal_weight=599 369 201 230 168 114 136 94
internal_count=599 369 201 230 168 114 136 94
is_linear=0
shrinkage=0.0390545


Tree=9
num_leaves=9
num_cat=0
split_feature=0 7 9 8 9 10 3 6
split_gain=193.856 90.0022 49.2369 39.7609 28.9786 27.3267 19.5899 17.1589
threshold=72.850000000000009 4862.5000000000009 3.3499999999999983 0.18000000000000002 4.4500000000000037 4.049999999999998 -0.92923668111203817 11.850000000000003
decision_type=2 2 2 2 2 2 2 2
left_child=1 2 -1 6 -3 -4 -2 -5
right_child=3 4 5 7 -6 -7 -8 -9
leaf_value=-0.023988692875757191 -0.0268465600053127 0.020647826426694622 0.034144771944993733 0.0040894751372507364 0.053089093466302147 -0.0040969097927137472 -0.059141023833370839 -0.026724560976930711
leaf_weight=87 49 84 57 49 84 57 69 63
leaf_count=87 49 84 57 49 84 57 69 63
internal_value=-0.00176939 0.0157713 -0.00186213 -0.0299109 0.0368687 0.0150236 -0.0457309 -0.0132431
internal_weight=599 369 201 230 168 114 118 112
internal_count=599 369 201 230 168 114 118 112
is_linear=0
shrinkage=0.0390545


Tree=10
num_leaves=9
num_cat=0
split_feature=0 7 9 7 9 10 3 13
split_gain=179.01 83.1096 45.4661 36.8041 26.7593 25.3627 14.1207 13.1112
threshold=72.850000000000009 4862.5000000000009 3.3499999999999983 6253.5000000000009 4.4500000000000037 4.3499999999999988 -0.91597725483594616 1.8679627406372905
decision_type=2 2 2 2 2 2 2 2
left_child=1 2 -1 6 -3 -4 -2 -5
right_child=3 4 5 7 -6 -7 -8 -9
leaf_value=-0.023051827232159882 -0.025981578152633567 0.019841436064447958 0.03130722613539616 -0.024536682325875532 0.051015726569684824 -0.0056771053222558522 -0.05178755063676372 0.0046343263219120441
leaf_weight=87 53 84 62 47 84 52 83 47
leaf_count=87 53 84 62 47 84 52 83 47
internal_value=-0.00170028 0.0151554 -0.0017894 -0.0287428 0.0354288 0.0144369 -0.0417311 -0.00995082
internal_weight=599 369 201 230 168 114 136 94
internal_count=599 369 201 230 168 114 136 94
is_linear=0
shrinkage=0.0390545


Tree=11
num_leaves=9
num_cat=0
split_feature=0 7 9 8 9 4 3 6
split_gain=165.301 77.2382 44.4737 34.6344 23.7242 26.9877 17.0192 15.4753
threshold=72.850000000000009 4360.5000000000009 3.3499999999999983 0.18000000000000002 3.4000000000000026 0.45082531555062549 -0.92923668111203817 11.850000000000003
decision_type=2 2 2 2 2 2 2 2
left_child=1 2 -1 6 -3 -6 -2 -5
right_child=3 4 -4 7 5 -7 -8 -9
leaf_value=-0.030348614516786408 -0.024783385092546326 0.013215480663236663 0.011777451755794182 0.004396336340465018 0.053196601996706311 0.016316105732469818 -0.054884520617955575 -0.024867018863136237
leaf_weight=67 49 81 89 49 85 47 69 63
leaf_count=67 49 81 89 49 85 47 69 63
internal_value=-0.00163388 0.0145635 -0.00631494 -0.0276202 0.0298549 0.0400652 -0.0423852 -0.012064
internal_weight=599 369 156 230 213 132 118 112
internal_count=599 369 156 230 213 132 118 112
is_linear=0
shrinkage=0.0390545


Tree=12
num_leaves=9
num_cat=0
split_feature=0 7 9 8 9 4 3 6
split_gain=152.642 71.3231 41.0747 31.9819 21.9073 24.9208 15.7157 14.2902
threshold=72.850000000000009 4360.5000000000009 3.4000000000000026 0.18000000000000002 3.4000000000000026 0.45082531555062549 -0.92923668111203817 11.850000000000003
decision_type=2 2 2 2 2 2 2 2
left_child=1 2 -1 6 -3 -6 -2 -5
right_child=3 4 -4 7 5 -7 -8 -9
leaf_value=-0.028865718796354328 -0.023815483478114165 0.012699356995456906 0.011547499484940958 0.0042246403801552493 0.051119036491921593 0.015678888979939909 -0.052741033415379009 -0.023895850245288622
leaf_weight=68 49 81 88 49 85 47 69 63
leaf_count=68 49 81 88 49 85 47 69 63
internal_value=-0.00157007 0.0139947 -0.0060683 -0.0265416 0.0286889 0.0385005 -0.0407299 -0.0115928
internal_weight=599 369 156 230 213 132 118 112
internal_count=599 369 156 230 213 132 118 112
is_linear=0
shrinkage=0.0390545


Tree=13
num_leaves=10
num_cat=0
split_feature=0 7 9 8 0 12 3 6 10
split_gain=140.952 65.8609 38.5835 29.5326 20.3406 28.5472 14.5121 13.1958 11.0785
threshold=72.850000000000009 4360.5000000000009 4.5999999999999988 0.18000000000000002 67.050000000000011 4.1714285714285717 -0.92923668111203817 11.850000000000003 3.3499999999999983
decision_type=2 2 2 2 2 2 2 2 2
left_child=1 2 8 6 5 -3 -2 -5 -1
right_child=3 4 -4 7 -6 -7 -8 -9 -10
leaf_value=-0.0076416305493700971 -0.022885381752840279 0.022928391894489312 0.019415339151374285 0.0040596484219237146 0.012611817619671674 0.0607828547667063 -0.05068125994971498 -0.022962610723755467 -0.033904739198472124
leaf_weight=49 49 80 58 49 84 49 69 63 49
leaf_count=49 49 80 58 49 84 49 69 63 49
internal_value=-0.00150874 0.0134482 -0.0058313 -0.025505 0.0275685 0.0373075 -0.0391392 -0.0111401 -0.0207735
internal_weight=599 369 156 230 213 129 118 112 98
internal_count=599 369 156 230 213 129 118 112 98
is_linear=0
shrinkage=0.0390545


Tree=14
num_leaves=10
num_cat=0
split_feature=0 8 9 3 2 3 1 8 2
split_gain=127.915 76.9306 46.6153 36.915 34.0059 27.5553 22.2137 19.7569 16.5443
threshold=74.15000000000002 0.16350000000000003 3.4500000000000033 -0.21022463061426777 11.750000000000002 0.2603727204637144 79.550000000000011 0.19650000000000004 17.450000000000006
decision_type=2 2 2 2 2 2 2 2 2
left_child=1 2 5 -4 -2 -1 -5 -6 -3
right_child=4 8 3 6 7 -7 -8 -9 -10
leaf_value=-0.032645874796789709 -0.044078908629064391 0.028765076799108315 0.040934549361860778 0.020881366589732917 -0.027622221330013175 0.0046599672607655785 -0.016890883174472623 0.0050698218301333878 0.058443326215097936
leaf_weight=63 78 69 62 48 54 58 47 59 49
leaf_count=63 78 69 62 48 54 58 47 59 49
internal_value=0.0020066 0.0146681 0.00345311 0.0174928 -0.0242442 -0.0147635 0.00219369 -0.0105526 0.0410894
internal_weight=587 396 278 157 191 121 95 113 118
internal_count=587 396 278 157 191 121 95 113 118
is_linear=0
shrinkage=0.0390545


Tree=15
num_leaves=10
num_cat=0
split_feature=0 8 9 3 2 3 1 8 2
split_gain=118.119 71.039 43.0453 34.0879 31.4016 25.445 20.5125 18.2439 15.2772
threshold=74.15000000000002 0.16350000000000003 3.4500000000000033 -0.21022463061426777 11.750000000000002 0.2603727204637144 79.550000000000011 0.19650000000000004 17.450000000000006
decision_type=2 2 2 2 2 2 2 2 2
left_child=1 2 5 -4 -2 -1 -5 -6 -3
right_child=4 8 3 6 7 -7 -8 -9 -10
leaf_value=-0.031370907338081976 -0.042357429467723071 0.027641671672070864 0.039335871614237114 0.020065855803768115 -0.026543450164586001 0.0044779737824681785 -0.016231218493577965 0.0048718225005013457 0.05616085267990812
leaf_weight=63 78 69 62 48 54 58 47 59 49
leaf_count=63 78 69 62 48 54 58 47 59 49
internal_value=0.00192824 0.0140952 0.00331825 0.0168097 -0.0232973 -0.0141869 0.002108 -0.0101405 0.0394847
internal_weight=587 396 278 157 191 121 95 113 118
internal_count=587 396 278 157 191 121 95 113 118
is_linear=0
shrinkage=0.0390545


Tree=16
num_leaves=10
num_cat=0
split_feature=0 8 9 3 9 13 10 3 2
split_gain=109.073 65.5986 39.7488 31.7332 30.8055 25.9063 24.2161 23.4964 14.1072
threshold=74.15000000000002 0.16350000000000003 3.4500000000000033 -0.49813634056773481 1.5499999999999974 1.4380037095544635 4.0999999999999988 0.2603727204637144 17.450000000000006
decision_type=2 2 2 2 2 2 2 2 2
left_child=1 2 7 -4 -2 -6 -5 -1 -3
right_child=4 8 3 6 5 -7 -8 -9 -10
leaf_value=-0.030145732972410209 -0.046138579015826423 0.02656214083527153 0.04301444770333112 0.021712726872802804 -0.034597404609250447 0.0011346056507244707 -0.015032973568073399 0.0043030887390259429 0.053967520572427881
leaf_weight=63 58 69 47 59 49 84 51 58 49
leaf_count=63 58 69 47 59 49 84 51 58 49
internal_value=0.00185294 0.0135447 0.00318866 0.0161532 -0.0223875 -0.0120296 0.00467578 -0.0136328 0.0379426
internal_weight=587 396 278 157 191 133 110 121 118
internal_count=587 396 278 157 191 133 110 121 118
is_linear=0
shrinkage=0.0390545


Tree=17
num_leaves=9
num_cat=0
split_feature=0 8 5 2 3 3 10 8
split_gain=100.72 61.5966 36.5671 28.9555 28.3113 27.0971 18.4119 16.4657
threshold=74.15000000000002 0.19150000000000003 0.10850000000000001 11.750000000000002 -0.49813634056773481 0.37446826358596375 5.049999999999998 0.19650000000000004
decision_type=2 2 2 2 2 2 2 2
left_child=1 2 4 -2 -1 -6 -7 -5
right_child=3 -3 -4 7 5 6 -8 -9
leaf_value=0.035213514772287229 -0.039815824897386894 0.046547176480514922 -0.020534240188439749 -0.024462199725169644 -0.015062560859323384 0.026313698807117352 -0.0039420248555717382 0.0053828145353259933
leaf_weight=63 78 69 64 54 67 85 48 59
leaf_count=63 78 69 64 54 67 85 48 59
internal_value=0.00178057 0.0130158 0.00594021 -0.0215131 0.0123828 0.00519094 0.0153941 -0.00887911
internal_weight=587 396 327 191 263 200 133 113
internal_count=587 396 327 191 263 200 133 113
is_linear=0
shrinkage=0.0390545


Tree=18
num_leaves=9
num_cat=0
split_feature=0 8 9 9 3 13 10 1
split_gain=93.0061 56.8793 35.2708 28.2167 27.3148 23.749 21.1217 21.0306
threshold=74.15000000000002 0.19150000000000003 3.4500000000000033 1.5499999999999974 -0.49813634056773481 1.4380037095544635 3.2500000000000004 80.750000000000014
decision_type=2 2 2 2 2 2 2 2
left_child=1 2 6 -2 -4 -5 -1 -6
right_child=3 -3 4 5 7 -7 -8 -9
leaf_value=0.0063473205107727072 -0.043404190349116523 0.044729300814265252 0.042160816143967578 -0.032367590194799158 0.019302721544902538 0.0018443283190314329 -0.024107439454260516 -0.012287401536558565
leaf_weight=68 58 69 48 49 90 84 71 50
leaf_count=68 58 69 48 49 90 84 71 50
internal_value=0.00171103 0.0125074 0.00570821 -0.0206729 0.0167372 -0.0107598 -0.00920847 0.00802029
internal_weight=587 396 327 191 188 133 139 140
internal_count=587 396 327 191 188 133 139 140
is_linear=0
shrinkage=0.0390545


Tree=19
num_leaves=11
num_cat=0
split_feature=2 5 0 4 11 9 2 1 7 2
split_gain=89.3056 50.6978 33.0765 41.0138 47.76 26.8788 17.1648 23.536 21.1062 15.8422
threshold=11.899999999999997 0.079000000000000001 55.400000000000006 0.86004965528756494 4.7857142857142856 2.3499999999999983 17.250000000000004 84.250000000000014 6664.0000000000009 10.250000000000002
decision_type=2 2 2 2 2 2 2 2 2 2
left_child=5 2 -2 4 6 -1 7 -4 -9 -7
right_child=1 -3 3 -5 -6 9 -8 8 -10 -11
leaf_value=-0.04397489252220415 0.047048459323242642 -0.021728698522286143 0.035927943492332762 -0.021319123718944361 0.051494720824955154 -0.026313259129797067 -0.0090210639037188838 -0.011916088592087705 0.023117643429253563 0.0049335742922485062
leaf_weight=60 47 62 59 48 52 50 55 54 51 49
leaf_count=60 47 62 59 48 52 50 55 54 51 49
internal_value=0.00164421 0.010929 0.0164612 0.0119545 0.0178482 -0.0233485 0.00985885 0.0161907 0.00509997 -0.0108473
internal_weight=587 428 366 319 271 159 219 164 105 99
internal_count=587 428 366 319 271 159 219 164 105 99
is_linear=0
shrinkage=0.0390545


Tree=20
num_leaves=10
num_cat=0
split_feature=2 5 12 9 6 10 7 1 4
split_gain=82.6638 61.4561 32.094 29.5895 27.0465 20.7639 19.2326 8.95385 6.58305
threshold=12.950000000000005 0.079000000000000001 4.5857142857142863 3.1500000000000026 13.050000000000002 2.0499999999999976 4371.0000000000009 82.850000000000009 0.046214085385334856
decision_type=2 2 2 2 2 2 2 2 2
left_child=3 2 5 4 -1 -2 -7 -8 -5
right_child=1 -3 -4 8 -6 6 7 -9 -10
leaf_value=-0.044308721017978343 0.034647483502417989 -0.027062101285690737 0.047912718597828273 -0.011775751853499312 -0.0066180578415000642 -0.011325077491381947 0.026103024827470969 0.0067490966382257626 0.0080827484844726589
leaf_weight=76 58 50 51 49 47 56 67 80 53
leaf_count=76 58 50 51 49 47 56 67 80 53
internal_value=0.00157999 0.0131344 0.0195763 -0.0170097 -0.0299069 0.0140391 0.00815087 0.0155705 -0.00145679
internal_weight=587 362 312 225 123 261 203 147 102
internal_count=587 362 312 225 123 261 203 147 102
is_linear=0
shrinkage=0.0390545


Tree=21
num_leaves=9
num_cat=0
split_feature=2 0 4 2 4 10 7 6
split_gain=109.942 48.2382 51.1385 39.4439 35.3645 24.2016 19.478 14.0645
threshold=11.750000000000002 74.050000000000011 0.63089349388778826 16.850000000000009 -0.091258822863740582 5.2500000000000009 6253.5000000000009 12.050000000000002
decision_type=2 2 2 2 2 2 2 2
left_child=4 2 5 -4 -1 7 -3 -2
right_child=1 6 3 -5 -6 -7 -8 -9
leaf_value=-0.043871192578940593 0.030351813805417526 -0.027421780032800831 -0.020979673725175195 0.020450896352190748 -0.0078158476830623401 0.013534225587207705 0.0042631913695566574 0.058037441857681824
leaf_weight=84 55 53 63 79 82 59 67 57
leaf_count=84 55 53 63 79 82 59 67 57
internal_value=0.000961778 0.0113216 0.0193929 0.00206949 -0.0260609 0.0337782 -0.00973073 0.0444421
internal_weight=599 433 313 142 166 171 120 112
internal_count=599 433 313 142 166 171 120 112
is_linear=0
shrinkage=0.0390545


Tree=22
num_leaves=9
num_cat=0
split_feature=2 12 9 11 11 10 1 2
split_gain=101.563 57.0336 33.0461 18.3982 20.4184 25.064 20.7275 17.2214
threshold=12.950000000000005 2.8821428571428558 3.4500000000000033 3.3142857142857163 4.8857142857142879 5.150000000000003 83.750000000000014 10.549999999999999
decision_type=2 2 2 2 2 2 2 2
left_child=2 -2 7 -3 5 6 -5 -1
right_child=1 3 -4 4 -6 -7 -8 -9
leaf_value=-0.045816065309488299 -0.015685294171314 0.042322375540877796 -0.0012815703512156662 0.032883849491790178 0.039162775530694978 -0.011057035904793851 0.00075092605757892932 -0.018286617354429255
leaf_weight=66 79 54 93 79 50 55 50 73
leaf_count=66 79 54 93 79 50 55 50 73
internal_value=0.000924217 0.0137103 -0.0193019 0.0217738 0.0170317 0.0110176 0.0204295 -0.0313584
internal_weight=599 367 232 288 234 184 129 139
internal_count=599 367 232 288 234 184 129 139
is_linear=0
shrinkage=0.0390545


Tree=23
num_leaves=10
num_cat=0
split_feature=0 5 7 9 10 2 9 0 6
split_gain=95.6587 55.8514 25.5757 26.4757 21.9314 18.6111 18.4426 18.3546 15.9222
threshold=77.050000000000011 1.0000000180025095e-35 4360.5000000000009 3.4500000000000033 2.0499999999999976 11.35 1.8499999999999981 69.350000000000009 11.550000000000002
decision_type=2 2 2 2 2 2 2 2 2
left_child=1 2 3 -1 -3 -6 -4 8 -8
right_child=-2 4 6 -5 5 -7 7 -9 -10
leaf_value=-0.021202538679235172 -0.043845400854150604 -0.030997666975317639 0.00066044139984087059 0.0163522389703161 -0.019111261218815213 0.011964365395129125 0.021843204277148111 0.012366395013506908 0.050396004006659931
leaf_weight=50 65 59 47 67 53 66 55 72 65
leaf_count=50 65 59 47 67 53 66 55 72 65
internal_value=0.000888118 0.00633327 0.0152644 0.000302898 -0.0115287 -0.00187576 0.0225885 0.0279561 0.0373096
internal_weight=599 534 356 117 178 119 239 192 120
internal_count=599 534 356 117 178 119 239 192 120
is_linear=0
shrinkage=0.0390545


Tree=24
num_leaves=10
num_cat=0
split_feature=2 12 4 4 10 9 9 1 6
split_gain=88.8591 38.4472 30.9573 30.5324 20.2733 20.8848 16.4057 12.0859 15.321
threshold=11.750000000000002 2.8821428571428558 -0.091258822863740582 0.86004965528756494 5.049999999999998 4.900000000000003 1.9500000000000031 84.65000000000002 11.550000000000002
decision_type=2 2 2 2 2 2 2 2 2
left_child=2 6 -1 4 7 -6 -2 8 -3
right_child=1 3 -4 -5 5 -7 -8 -9 -10
leaf_value=-0.040104027551639457 -0.027112320755764634 0.02420216209737943 -0.0063700788403061167 -0.0083401835233999824 -0.010128023297303706 0.026311332018125015 0.0031753467256028555 0.016826423006626234 0.053761575382552294
leaf_weight=84 47 54 82 59 47 49 65 59 53
leaf_count=84 47 54 82 59 47 49 65 59 53
internal_value=0.000853435 0.0101671 -0.0234405 0.0170413 0.0227571 0.00847088 -0.00953436 0.0310187 0.0388441
internal_weight=599 433 166 321 262 96 112 166 107
internal_count=599 433 166 321 262 96 112 166 107
is_linear=0
shrinkage=0.0390545


Tree=25
num_leaves=10
num_cat=0
split_feature=0 5 7 9 7 3 9 0 6
split_gain=85.5679 48.6312 22.8221 23.6508 20.6546 39.6043 15.9624 15.8769 13.9583
threshold=77.050000000000011 1.0000000180025095e-35 4360.5000000000009 3.4500000000000033 5421.0000000000009 -0.005375728450543499 1.8499999999999981 69.350000000000009 11.550000000000002
decision_type=2 2 2 2 2 2 2 2 2
left_child=1 2 3 -1 5 -3 -4 8 -8
right_child=-2 4 6 -5 -6 -7 7 -9 -10
leaf_value=-0.020155029542961566 -0.041488257566703213 0.0010736922621391511 0.00082208006719061591 0.015339735964729099 0.011512499228849029 -0.042025455154882624 0.020434305233219714 0.011716807958331927 0.047168283177142313
leaf_weight=50 65 71 47 67 47 60 55 72 65
leaf_count=50 65 71 47 67 47 60 55 72 65
internal_value=0.000820102 0.00597006 0.0143039 0.000170742 -0.0106974 -0.0186661 0.0212225 0.0262162 0.0349155
internal_weight=599 534 356 117 178 131 239 192 120
internal_count=599 534 356 117 178 131 239 192 120
is_linear=0
shrinkage=0.0390545


Tree=26
num_leaves=10
num_cat=0
split_feature=0 9 2 1 1 6 7 8 4
split_gain=79.0148 45.7999 52.0795 43.8811 25.1369 31.9365 23.4936 18.9106 20.8718
threshold=77.050000000000011 3.4500000000000033 17.750000000000004 78.950000000000017 82.550000000000011 11.550000000000002 5962.5000000000009 0.16749999999999998 -0.10837475778693634
decision_type=2 2 2 2 2 2 2 2 2
left_child=1 2 3 -1 5 -3 -6 8 -5
right_child=-2 4 -4 7 6 -7 -8 -9 -10
leaf_value=-0.045420636981567161 -0.039867955689391561 0.0075758082761510689 0.028953437950543164 -0.032518363747776537 -0.013974697338461812 0.043824506662324271 0.020063915731927052 0.014401407430455941 0.0030042674416584313
leaf_weight=53 65 67 52 49 59 83 65 54 52
leaf_count=53 65 67 52 49 59 83 65 54 52
internal_value=0.00078808 0.00573691 -0.00600442 -0.0147441 0.0168785 0.0276337 0.00386785 -0.00425442 -0.0142292
internal_weight=599 534 260 208 274 150 124 155 101
internal_count=599 534 260 208 274 150 124 155 101
is_linear=0
shrinkage=0.0390545


Tree=27
num_leaves=9
num_cat=0
split_feature=2 12 9 11 11 10 1 10
split_gain=75.1911 43.0502 24.6658 18.8305 16.2988 21.3748 16.9492 15.5685
threshold=12.950000000000005 2.8821428571428558 3.4500000000000033 3.3142857142857163 4.8857142857142879 5.150000000000003 83.750000000000014 3.0499999999999976
decision_type=2 2 2 2 2 2 2 2
left_child=2 -2 7 -3 5 6 -5 -1
right_child=1 3 -4 4 -6 -7 -8 -9
leaf_value=-0.017719401983391801 -0.013780149791080405 0.039553023029616635 -0.001077221063995456 0.02854760138663252 0.033739811570976809 -0.011791650410122081 -0.00050817847677948555 -0.04534906159875518
leaf_weight=92 79 54 93 79 50 55 50 47
leaf_count=92 79 54 93 79 50 55 50 47
internal_value=0.000757304 0.0117589 -0.0166459 0.0187645 0.013967 0.00859371 0.0172854 -0.0270621
internal_weight=599 367 232 288 234 184 129 139
internal_count=599 367 232 288 234 184 129 139
is_linear=0
shrinkage=0.0390545


Tree=28
num_leaves=11
num_cat=0
split_feature=2 9 0 1 0 9 13 4 8 2
split_gain=58.9721 44.519 38.0184 29.7331 21.7846 16.8286 16.8254 15.4477 15.0822 10.6627
threshold=17.600000000000005 3.4000000000000026 69.350000000000009 78.950000000000017 56.300000000000004 1.6499999999999988 1.8059416282376455 0.46611290379786346 0.16749999999999998 12.950000000000005
decision_type=2 2 2 2 2 2 2 2 2 2
left_child=1 3 7 -1 -2 -5 -4 -3 -6 -7
right_child=4 2 6 5 8 9 -8 -9 -10 -11
leaf_value=-0.045707749327938287 0.04130488759531753 0.038309989433314789 0.0064887571943144521 -0.025399608391785483 -0.0052151334871131209 -0.0140143380098641 -0.022664729870983336 0.0068101134262098535 0.025173482890059645 0.011425707666137873
leaf_weight=55 47 47 52 90 53 54 72 48 47 47
leaf_count=55 47 47 52 90 53 54 72 48 47 47
internal_value=-0.00218709 -0.00900347 0.00380386 -0.0204053 0.0193747 -0.013119 -0.0104388 0.0223946 0.00906718 -0.00217557
internal_weight=612 465 219 246 147 191 124 95 100 101
internal_count=612 465 219 246 147 191 124 95 100 101
is_linear=0
shrinkage=0.0390545


Tree=29
num_leaves=11
num_cat=0
split_feature=2 9 0 1 0 9 13 6 8 10
split_gain=54.4558 41.1097 35.1068 27.456 20.1162 15.5398 15.5369 14.968 13.9272 9.95842
threshold=17.600000000000005 3.4000000000000026 69.350000000000009 78.950000000000017 56.300000000000004 1.6499999999999988 1.8059416282376455 12.750000000000002 0.16749999999999998 3.2500000000000004
decision_type=2 2 2 2 2 2 2 2 2 2
left_child=1 3 7 -1 -2 -5 -4 -3 -6 -7
right_child=4 2 6 5 8 9 -8 -9 -10 -11
leaf_value=-0.043922657125038518 0.039691746426249896 0.0061793636119196766 0.006235341761236253 -0.024407639141664439 -0.0050114584580153868 0.0093498521202378029 -0.021779570747403842 0.037186358746232578 0.024190345997812761 -0.015235638721095171
leaf_weight=55 47 48 52 90 53 54 72 47 47 47
leaf_count=55 47 48 52 90 53 54 72 47 47 47
internal_value=-0.00210167 -0.00865184 0.0036553 -0.0196083 0.018618 -0.0126067 -0.0100311 0.02152 0.00871305 -0.00209059
internal_weight=612 465 219 246 147 191 124 95 100 101
internal_count=612 465 219 246 147 191 124 95 100 101
is_linear=0
shrinkage=0.0390545


Tree=30
num_leaves=11
num_cat=0
split_feature=2 9 0 1 0 9 13 4 8 2
split_gain=50.2854 37.9614 32.4182 25.3533 18.5756 14.3497 14.347 14.1329 12.8606 10.0357
threshold=17.600000000000005 3.4000000000000026 69.350000000000009 78.950000000000017 56.300000000000004 1.6499999999999988 1.8059416282376455 0.46611290379786346 0.16749999999999998 12.950000000000005
decision_type=2 2 2 2 2 2 2 2 2 2
left_child=1 3 7 -1 -2 -5 -4 -3 -6 -7
right_child=4 2 6 5 8 9 -8 -9 -10 -11
leaf_value=-0.042207280511762625 0.038141606367464276 0.035902587457410873 0.0059918239173797627 -0.023454411497623069 -0.0048157387692676972 -0.013494330024205716 -0.02092898093947709 0.0057730208945208691 0.023245604567444737 0.011186347299072436
leaf_weight=55 47 47 52 90 53 54 72 48 47 47
leaf_count=55 47 47 52 90 53 54 72 48 47 47
internal_value=-0.00201958 -0.00831395 0.00351255 -0.0188426 0.0178909 -0.0121143 -0.00963934 0.0206796 0.00837276 -0.00200893
internal_weight=612 465 219 246 147 191 124 95 100 101
internal_count=612 465 219 246 147 191 124 95 100 101
is_linear=0
shrinkage=0.0390545


Tree=31
num_leaves=11
num_cat=0
split_feature=2 5 0 11 2 2 9 5 13 12
split_gain=46.6468 33.1663 29.25 27.5516 23.2088 35.3349 14.2717 12.6652 11.9826 6.88925
threshold=10.549999999999999 0.11449999999999996 55.95000000000001 4.8857142857142879 18.399999999999999 16.100000000000001 1.7500000000000002 0.11449999999999996 2.3261963204287794 3.6964285714285725
decision_type=2 2 2 2 2 2 2 2 2 2
left_child=7 2 -2 4 5 6 -4 -1 9 -8
right_child=1 -3 3 -5 -6 -7 8 -9 -10 -11
leaf_value=-0.040804640532934422 0.034379252963279192 -0.021551174107516727 -0.021751578951423843 0.027509277878767183 -0.023008244515090599 0.032927020304925794 0.016605617137636083 -0.012983543107796574 -0.014216190498173699 -0.0026699525766567078
leaf_weight=48 52 73 49 60 61 51 71 52 48 47
leaf_count=48 52 73 49 60 61 51 71 52 48 47
internal_value=-0.00194071 0.00282433 0.00687774 0.00318235 -0.0012812 0.00370119 -0.00323129 -0.026338 0.00223534 0.00892777
internal_weight=612 512 439 387 327 266 215 100 166 118
internal_count=612 512 439 387 327 266 215 100 166 118
is_linear=0
shrinkage=0.0390545


Tree=32
num_leaves=10
num_cat=0
split_feature=2 0 1 5 0 3 1 8 4
split_gain=44.9561 33.7651 34.496 30.884 15.5663 14.591 14.4437 11.4622 10.2758
threshold=17.600000000000005 77.050000000000011 78.950000000000017 1.0000000180025095e-35 56.300000000000004 -0.75015329512557205 82.250000000000014 0.16749999999999998 -0.52765736634565841
decision_type=2 2 2 2 2 2 2 2 2
left_child=1 2 -1 6 -2 -5 -4 -6 -8
right_child=4 -3 3 5 7 -7 8 -9 -10
leaf_value=-0.025880992568931043 0.035498875217280831 -0.035158484089731136 0.027118492339584292 0.0024710953252344205 -0.004202964572905794 -0.024757561960756184 0.017014583128210158 0.022288772141153088 -0.0048602384531877714
leaf_weight=85 47 60 63 52 53 71 57 47 77
leaf_count=85 47 60 63 52 53 71 57 47 77
internal_value=-0.00186492 -0.0078164 -0.00376564 0.00210865 0.016961 -0.013246 0.0116957 0.00824782 0.00444447
internal_weight=612 465 405 320 147 123 197 100 134
internal_count=612 465 405 320 147 123 197 100 134
is_linear=0
shrinkage=0.0390545


Tree=33
num_leaves=11
num_cat=0
split_feature=2 9 0 1 0 10 6 9 2 10
split_gain=41.5132 32.799 28.6495 22.362 14.3741 13.9288 13.8278 12.1556 11.0222 9.24692
threshold=17.600000000000005 3.4000000000000026 69.350000000000009 78.950000000000017 56.300000000000004 4.549999999999998 12.750000000000002 1.6499999999999988 20.050000000000004 3.2500000000000004
decision_type=2 2 2 2 2 2 2 2 2 2
left_child=1 3 6 -1 -2 -4 -3 -5 -6 -9
right_child=4 2 5 7 8 -7 -8 9 -10 -11
leaf_value=-0.03924082726330539 0.034112486340904552 0.0048754006983031091 0.0016976132867742477 -0.021415998536091788 0.020135815041155389 -0.02507583826679673 0.034677982409891665 0.0093461404036796723 -0.005842460751005119 -0.014344811165978733
leaf_weight=55 47 48 75 90 53 49 47 54 47 47
leaf_count=55 47 48 75 90 53 49 47 54 47 47
internal_value=-0.00179208 -0.00751114 0.00348184 -0.0172977 0.0162986 -0.00888195 0.0196202 -0.0109788 0.00792569 -0.00167803
internal_weight=612 465 219 246 147 124 95 191 100 101
internal_count=612 465 219 246 147 124 95 191 100 101
is_linear=0
shrinkage=0.0390545


Tree=34
num_leaves=11
num_cat=0
split_feature=0 5 5 0 7 9 8 12 4 2
split_gain=39.9767 29.8835 19.0203 17.7204 31.2046 12.1345 10.2436 8.8612 13.7774 7.80273
threshold=77.050000000000011 1.0000000180025095e-35 0.46849999999999997 55.95000000000001 4371.0000000000009 3.4000000000000026 0.15550000000000003 4.4392857142857158 -0.13398942717002901 15.150000000000007
decision_type=2 2 2 2 2 2 2 2 2 2
left_child=1 3 5 -1 9 -3 -6 8 -8 -5
right_child=-2 2 -4 4 6 -7 7 -9 -10 -11
leaf_value=0.030097268497164743 -0.031721289241172221 -0.032670322688632146 0.0055074845642697776 -0.0030565270583287358 0.027023101362746722 -0.0073461334360930943 0.01271920862215479 0.020863866366036952 -0.014617672963852494 -0.025443952972821492
leaf_weight=48 61 62 65 48 56 54 70 54 47 47
leaf_count=48 61 62 65 48 56 54 70 54 47 47
internal_value=-0.00172209 0.001599 -0.0114048 0.0079604 0.00466038 -0.0208818 0.0125255 0.00777756 0.00173744 -0.0141328
internal_weight=612 551 181 370 322 116 227 171 117 95
internal_count=612 551 181 370 322 116 227 171 117 95
is_linear=0
shrinkage=0.0390545


Tree=35
num_leaves=10
num_cat=0
split_feature=0 4 9 13 6 13 8 13 2
split_gain=46.1821 44.9784 26.0578 21.2237 20.7509 30.5075 28.9309 26.5772 12.5185
threshold=74.15000000000002 0.96633974041180482 3.5499999999999976 3.0271781068486114 12.550000000000002 2.0163615591288604 0.14550000000000002 1.9453742402605001 12.750000000000002
decision_type=2 2 2 2 2 2 2 2 2
left_child=1 3 8 4 5 6 -1 -6 -2
right_child=2 -3 -4 -5 7 -7 -8 -9 -10
leaf_value=-0.026682088544334032 -0.034869131102680404 -0.025392955950632991 0.0067884539058858037 -0.010072876261401974 0.043210836828978069 0.026715790483459199 0.015757104921065825 0.0084759167533879319 -0.010366095721146499
leaf_weight=49 69 49 65 47 84 83 49 56 59
leaf_count=49 69 49 65 47 84 83 49 56 59
internal_value=0.00244658 0.00975724 -0.0133488 0.0144377 0.0180265 0.0092933 -0.00546215 0.0293171 -0.023575
internal_weight=610 417 193 368 321 181 98 140 128
internal_count=610 417 193 368 321 181 98 140 128
is_linear=0
shrinkage=0.0390545


Tree=36
num_leaves=10
num_cat=0
split_feature=0 4 9 8 4 3 1 2 0
split_gain=42.6453 41.5338 24.0622 19.8845 16.4465 44.3388 21.1306 11.5597 11.2821
threshold=74.15000000000002 0.96633974041180482 3.5499999999999976 0.10050000000000002 0.12332734741173622 -0.49813634056773481 79.550000000000011 12.750000000000002 69.350000000000009
decision_type=2 2 2 2 2 2 2 2 2
left_child=1 3 7 -1 8 -6 -7 -2 -5
right_child=2 -3 -4 4 5 6 -8 -9 -10
leaf_value=-0.0098508226634443103 -0.033507335611149262 -0.024401248118148051 0.0065233339036198683 0.040119673473861278 0.037805259213337113 0.012594062246040831 -0.017520533067073477 -0.0099612523107931103 0.015358600744309189
leaf_weight=47 69 49 65 64 64 77 66 59 50
leaf_count=47 69 49 65 64 64 77 66 59 50
internal_value=0.00235103 0.00937617 -0.0128275 0.0138738 0.0173476 0.0107871 -0.00130475 -0.0226543 0.0292599
internal_weight=610 417 193 368 321 207 143 128 114
internal_count=610 417 193 368 321 207 143 128 114
is_linear=0
shrinkage=0.0390545


Tree=37
num_leaves=10
num_cat=0
split_feature=0 4 7 13 6 13 3 8 9
split_gain=39.3794 38.353 23.3369 19.1729 18.7572 31.2673 29.2376 26.3072 16.2145
threshold=74.15000000000002 0.96633974041180482 6876.5000000000009 2.9135773573716697 12.550000000000002 2.0163615591288604 0.71503381463111937 0.14550000000000002 1.5499999999999974
decision_type=2 2 2 2 2 2 2 2 2
left_child=1 3 8 4 5 7 -6 -1 -2
right_child=2 -3 -4 -5 6 -7 -8 -9 -10
leaf_value=-0.026005397506084826 -0.037754086326128478 -0.023448269728691309 0.010639657502070382 -0.0068647837239321869 0.051157761478441498 0.027608078784574344 0.01372129601774077 0.014463649941241297 -0.010415234402479781
leaf_weight=49 52 49 50 60 52 76 82 49 91
leaf_count=49 52 49 50 60 52 76 82 49 91
internal_value=0.00225921 0.00900999 -0.0123265 0.013332 0.0172665 0.00880844 0.0282491 -0.00577053 -0.0203569
internal_weight=610 417 193 368 308 174 134 98 143
internal_count=610 417 193 368 308 174 134 98 143
is_linear=0
shrinkage=0.0390545


Tree=38
num_leaves=10
num_cat=0
split_feature=9 0 8 8 12 12 3 4 3
split_gain=37.5402 34.19 28.4095 20.7755 12.6988 10.5061 12.6094 10.1672 17.7671
threshold=4.400000000000003 74.15000000000002 0.13749999999999998 0.10050000000000002 4.3892857142857169 2.1749999999999994 -0.35041564478062465 0.16587474750015926 -0.19337636264337832
decision_type=2 2 2 2 2 2 2 2 2
left_child=1 3 -2 -1 -4 -3 -7 -5 -9
right_child=2 5 4 7 -6 6 -8 8 -10
leaf_value=-0.018114555340167204 -0.0015246874451465538 -0.033653081938174921 0.017556464937472014 0.023542655894090138 0.043216521668960936 0.0011898495015300746 -0.025136760732032172 0.02320102574989687 -0.0070531400922046782
leaf_weight=49 88 50 76 61 48 55 56 47 80
leaf_count=49 88 50 76 61 48 55 56 47 80
internal_value=0.00217097 -0.00489997 0.0154458 0.0045344 0.0274897 -0.018788 -0.0120917 0.0104378 0.00414302
internal_weight=610 398 212 237 124 161 111 188 127
internal_count=610 398 212 237 124 161 111 188 127
is_linear=0
shrinkage=0.0390545


Tree=39
num_leaves=10
num_cat=0
split_feature=9 0 8 8 12 12 3 4 3
split_gain=34.6653 31.5716 26.2338 19.1844 11.7263 9.70149 11.6437 9.38854 16.4065
threshold=4.400000000000003 74.15000000000002 0.13749999999999998 0.10050000000000002 4.3892857142857169 2.1749999999999994 -0.35041564478062465 0.16587474750015926 -0.19337636264337832
decision_type=2 2 2 2 2 2 2 2 2
left_child=1 3 -2 -1 -4 -3 -7 -5 -9
right_child=2 5 4 7 -6 6 -8 8 -10
leaf_value=-0.017407101063387043 -0.0014651412706685562 -0.032338778559105524 0.016870806289020407 0.022623210049817898 0.041528722184833493 0.0011433799503492369 -0.024155057252070955 0.022294921389585033 -0.0067776829741506535
leaf_weight=49 88 50 76 61 48 55 56 47 80
leaf_count=49 88 50 76 61 48 55 56 47 80
internal_value=0.00208618 -0.0047086 0.0148426 0.0043573 0.0264161 -0.0180543 -0.0116195 0.0100301 0.00398121
internal_weight=610 398 212 237 124 161 111 188 127
internal_count=610 398 212 237 124 161 111 188 127
is_linear=0
shrinkage=0.0390545


Tree=40
num_leaves=10
num_cat=0
split_feature=9 2 5 10 2 12 12 9 6
split_gain=32.1367 35.7945 15.9088 17.7542 19.8983 14.2439 23.3665 23.8689 12.7182
threshold=3.5499999999999976 17.750000000000004 0.58600000000000008 1.2500000000000002 12.699999999999998 4.6357142857142852 3.4964285714285723 4.549999999999998 11.550000000000002
decision_type=2 2 2 2 2 2 2 2 2
left_child=1 2 3 -1 -5 6 7 -2 -8
right_child=5 -3 -4 4 -6 -7 8 -9 -10
leaf_value=-0.036991368065373356 0.0018612096911045616 0.022524577928583148 0.0068657897110864733 -0.027550599128424634 0.0008058527060843709 0.027690675510282863 -0.017926372613398973 0.040610465867665646 0.0062786066418625396
leaf_weight=53 48 53 51 64 92 63 56 49 81
leaf_count=53 48 53 51 64 92 63 56 49 81
internal_value=0.00200471 -0.00672721 -0.0126902 -0.0174624 -0.0108273 0.0112071 0.00676913 0.0214359 -0.00361515
internal_weight=610 313 260 209 156 297 234 97 137
internal_count=610 313 260 209 156 297 234 97 137
is_linear=0
shrinkage=0.0390545


Tree=41
num_leaves=11
num_cat=0
split_feature=9 2 5 3 8 3 6 1 13 2
split_gain=29.6756 33.0533 14.6904 16.6403 21.753 18.2327 13.3841 25.798 13.7866 11.5113
threshold=3.5499999999999976 17.750000000000004 0.58600000000000008 0.52766072109828632 0.16849999999999998 -0.57078386445773377 11.550000000000002 84.450000000000017 2.3019137589172085 14.199999999999998
decision_type=2 2 2 2 2 2 2 2 2 2
left_child=1 2 3 4 5 -1 8 9 -2 -8
right_child=6 -3 -4 -5 -6 -7 7 -9 -10 -11
leaf_value=-0.018228851823761015 -0.011504652955452511 0.02164489186532375 0.006597650233894449 0.0023671087505650764 -0.0033247922494160547 -0.051311279603819135 0.016893355433772832 -4.0066042284470195e-05 0.015474795735066492 0.042758372783264477
leaf_weight=54 65 53 51 52 55 48 52 75 52 53
leaf_count=54 65 53 51 52 55 48 52 75 52 53
internal_value=0.00192642 -0.00646448 -0.0121946 -0.0167804 -0.0231225 -0.0337974 0.0107695 0.0174536 0.000485925 0.0299494
internal_weight=610 313 260 209 157 102 297 180 117 105
internal_count=610 313 260 209 157 102 297 180 117 105
is_linear=0
shrinkage=0.0390545


Tree=42
num_leaves=9
num_cat=0
split_feature=11 10 0 9 2 1 7 9
split_gain=37.8556 26.4956 43.1007 32.2905 16.6511 16.385 21.1378 10.3849
threshold=4.9357142857142859 5.5999999999999988 58.150000000000013 1.3499999999999981 9.8499999999999961 82.15000000000002 5135.0000000000009 3.1500000000000026
decision_type=2 2 2 2 2 2 2 2
left_child=1 2 -1 -4 -5 -6 -7 -8
right_child=-2 -3 3 4 5 6 7 -9
leaf_value=0.031674659287075288 0.026376618753723071 -0.026564771048200743 -0.027759266507890103 -0.021412084931858089 0.018298631436290649 -0.020468045902611639 0.019970986199524723 -0.0020069637511382706
leaf_weight=55 70 70 78 47 83 66 53 86
leaf_count=55 70 70 78 47 83 66 53 86
internal_value=-0.000639632 -0.00415482 -0.000802833 -0.00512801 0.000141262 0.00365877 -0.00226843 0.00637288
internal_weight=608 538 468 413 335 288 205 139
internal_count=608 538 468 413 335 288 205 139
is_linear=0
shrinkage=0.0390545


Tree=43
num_leaves=10
num_cat=0
split_feature=11 10 0 9 2 9 10 1 13
split_gain=34.9565 24.4665 39.7999 29.8176 15.3759 15.8694 19.5987 16.5029 7.2827
threshold=4.9357142857142859 5.5999999999999988 58.150000000000013 1.3499999999999981 9.8499999999999961 2.6500000000000026 2.6500000000000026 82.15000000000002 1.8059416282376455
decision_type=2 2 2 2 2 2 2 2 2
left_child=1 2 -1 -4 -5 -6 -7 -8 -9
right_child=-2 -3 3 4 5 6 7 8 -10
leaf_value=0.030437622110161058 0.025346493710018628 -0.025527297485539585 -0.026675142662991175 -0.02057584733045463 0.020329438710983305 -0.01772835959055816 0.025311663604817278 0.0079841416245688013 -0.013312999229220638
leaf_weight=55 70 70 78 47 66 75 49 50 48
leaf_count=55 70 70 78 47 66 75 49 50 48
internal_value=-0.000614652 -0.00399256 -0.000771479 -0.00492774 0.000135737 0.00351587 -0.00148261 0.00680582 -0.00244677
internal_weight=608 538 468 413 335 288 222 147 98
internal_count=608 538 468 413 335 288 222 147 98
is_linear=0
shrinkage=0.0390545


Tree=44
num_leaves=10
num_cat=0
split_feature=11 10 0 9 2 9 10 1 13
split_gain=32.2794 22.5927 36.7518 27.5341 14.1983 14.654 18.0978 15.2391 6.72497
threshold=4.9357142857142859 5.5999999999999988 58.150000000000013 1.3499999999999981 9.8499999999999961 2.6500000000000026 2.6500000000000026 82.15000000000002 1.8059416282376455
decision_type=2 2 2 2 2 2 2 2 2
left_child=1 2 -1 -4 -5 -6 -7 -8 -9
right_child=-2 -3 3 4 5 6 7 8 -10
leaf_value=0.029248896432018501 0.024356599514093646 -0.02453034230007781 -0.025633358781181184 -0.019772268486925954 0.019535483349783972 -0.017035988093349823 0.024323129802557263 0.007672325194334936 -0.012793066974081928
leaf_weight=55 70 70 78 47 66 75 49 50 48
leaf_count=55 70 70 78 47 66 75 49 50 48
internal_value=-0.000590645 -0.00383663 -0.000741346 -0.00473529 0.000130432 0.00337856 -0.0014247 0.00654002 -0.0023512
internal_weight=608 538 468 413 335 288 222 147 98
internal_count=608 538 468 413 335 288 222 147 98
is_linear=0
shrinkage=0.0390545


Tree=45
num_leaves=10
num_cat=0
split_feature=11 10 1 2 1 7 3 0 6
split_gain=29.8073 20.8625 34.5503 30.357 32.993 16.6065 37.3552 16.8854 8.46219
threshold=4.9357142857142859 5.5999999999999988 82.15000000000002 20.250000000000004 79.250000000000014 5232.5000000000009 -0.73866753694953124 77.050000000000011 12.950000000000001
decision_type=2 2 2 2 2 2 2 2 2
left_child=1 2 3 4 -1 6 -4 8 -7
right_child=-2 -3 5 -5 -6 7 -8 -9 -10
leaf_value=-0.012405942780908166 0.023405364932152714 -0.02357232241883005 -0.0017388302999083887 0.038967665685957213 0.028192747064465992 -0.0023972736825287437 -0.046876853699394407 -0.020611954980343673 0.018277851851519339
leaf_weight=81 70 70 67 49 49 72 48 50 52
leaf_count=81 70 70 67 49 49 72 48 50 52
internal_value=-0.000567575 -0.0036868 -0.00071239 0.0127708 0.00289638 -0.00906371 -0.0205794 -0.0014526 0.00627267
internal_weight=608 538 468 179 130 289 115 174 124
internal_count=608 538 468 179 130 289 115 174 124
is_linear=0
shrinkage=0.0390545


Tree=46
num_leaves=10
num_cat=0
split_feature=11 10 0 11 4 6 1 9 12
split_gain=27.5245 19.4945 36.8901 25.5862 26.6946 18.8032 17.4101 8.99286 5.64152
threshold=4.9357142857142859 5.049999999999998 73.950000000000017 2.8142857142857127 0.45082531555062549 11.450000000000001 81.750000000000014 1.5499999999999974 2.7107142857142859
decision_type=2 2 2 2 2 2 2 2 2
left_child=1 2 3 -1 -5 -6 -3 -4 -9
right_child=-2 6 7 4 5 -7 -8 8 -10
leaf_value=0.032573026949905493 0.022491280954605591 -0.036172876032714379 -0.02643337612582141 0.019414504125211798 0.0051481041156499771 -0.027404397156373852 -0.0048685334211019228 0.00029627421040651276 -0.016783269296719236
leaf_weight=58 70 47 56 85 59 50 64 65 54
leaf_count=58 70 47 56 85 59 50 64 65 54
internal_value=-0.000545411 -0.00354281 0.000247491 0.00981358 0.00300903 -0.00978393 -0.0181238 -0.0135275 -0.00745382
internal_weight=608 538 427 252 194 109 111 175 119
internal_count=608 538 427 252 194 109 111 175 119
is_linear=0
shrinkage=0.0390545


Tree=47
num_leaves=10
num_cat=0
split_feature=11 9 10 1 9 7 9 1 3
split_gain=25.4166 18.7254 18.5225 25.8264 20.028 19.3963 9.45193 9.94303 6.66972
threshold=4.9357142857142859 1.3499999999999981 5.7500000000000009 82.15000000000002 3.5499999999999976 5135.0000000000009 2.9000000000000026 88.250000000000014 -0.36647417525074688
decision_type=2 2 2 2 2 2 2 2 2
left_child=1 8 3 4 -3 -5 -7 -8 -1
right_child=-2 2 -4 5 -6 6 7 -9 -10
leaf_value=-0.0076640812756861828 0.021612895398934628 -0.00045331904969133865 -0.021519423429554083 -0.0202870729323835 0.028418845183063104 0.017400020860627231 0.0095515953293004961 -0.014772887060302942 -0.027700562101746682
leaf_weight=47 70 65 53 82 84 49 48 55 55
leaf_count=47 70 65 53 82 84 49 48 55 55
internal_value=-0.000524108 -0.00340445 0.000119607 0.00311413 0.0158234 -0.00497836 0.00328006 -0.00343688 -0.0184684
internal_weight=608 538 436 383 149 234 152 103 102
internal_count=608 538 436 383 149 234 152 103 102
is_linear=0
shrinkage=0.0390545


Tree=48
num_leaves=10
num_cat=0
split_feature=2 1 10 7 3 9 6 0 4
split_gain=24.0054 22.2147 22.7666 19.253 34.7587 15.088 12.1084 10.4544 9.01623
threshold=10.549999999999999 83.950000000000017 5.7500000000000009 6423.0000000000009 -0.72696319516528884 3.5499999999999976 12.050000000000002 75.250000000000014 0.73136292505298039
decision_type=2 2 2 2 2 2 2 2 2
left_child=6 2 5 4 -3 -2 -1 -5 -7
right_child=1 3 -4 7 -6 8 -8 -9 -10
leaf_value=-0.031657201002935807 0.0047785984853995038 0.0050031269244700518 -0.011548087118668914 0.019319151389590974 -0.033122343768640886 0.035025223973484419 -0.0041949546184844233 -0.0058709125852068082 0.012982803778032001
leaf_weight=50 91 71 55 54 75 69 48 47 48
leaf_count=50 91 71 55 54 75 69 48 47 48
internal_value=-0.000503642 0.00289805 0.0107972 -0.00551263 -0.0145816 0.0167059 -0.0182067 0.00759671 0.0259825
internal_weight=608 510 263 247 146 208 98 101 117
internal_count=608 510 263 247 146 208 98 101 117
is_linear=0
shrinkage=0.0390545


Tree=49
num_leaves=9
num_cat=0
split_feature=0 2 6 3 13 10 11 11
split_gain=26.7079 23.6855 17.4896 23.3724 21.6821 20.3237 10.9536 12.9554
threshold=77.450000000000017 10.049999999999999 13.65 0.17646842360078757 1.2992646597322419 4.9500000000000037 2.8142857142857163 3.4714285714285711
decision_type=2 2 2 2 2 2 2 2
left_child=1 -1 4 -4 -3 6 -6 -8
right_child=-2 2 3 -5 5 -7 7 -9
leaf_value=-0.018342830568210396 -0.026713179343001818 -0.0068807588754969656 0.014124622916113289 -0.01835476993729725 0.040156774806900046 8.2115930715596168e-05 0.0025167424425657212 0.027682632453076748
leaf_weight=67 49 77 57 83 47 78 50 83
leaf_count=67 49 77 57 83 47 78 50 83
internal_value=0.000898804 0.00339515 0.00646143 -0.00513077 0.011306 0.016734 0.0239496 0.018222
internal_weight=591 542 475 140 335 258 180 133
internal_count=591 542 475 140 335 258 180 133
is_linear=0
shrinkage=0.0390545


Tree=50
num_leaves=10
num_cat=0
split_feature=9 0 3 3 8 3 13 10 11
split_gain=26.5291 22.739 20.1594 33.9799 14.0487 17.7291 13.6336 12.4634 16.7417
threshold=0.099999999999997854 65.750000000000014 -0.091260668982868137 0.84313847884979054 0.12550000000000003 -0.57078386445773377 2.1272044139631072 3.0499999999999976 3.9928571428571429
decision_type=2 2 2 2 2 2 2 2 2
left_child=-1 2 -2 -4 5 -3 7 -6 -9
right_child=1 4 3 -5 6 -7 -8 8 -10
leaf_value=-0.026655681129215923 0.036967884625588414 0.0018696079242212888 -0.010604863038824302 0.031182571102025589 0.0091889463371227012 -0.032051627820885172 0.015299759241527364 -0.028731088012557523 0.0010328981183337993
leaf_weight=49 47 47 71 51 74 47 86 49 70
leaf_count=49 47 47 71 51 74 47 86 49 70
internal_value=0.000863702 0.00335168 0.0152358 0.00686338 -0.00203274 -0.0150907 0.00236658 -0.00339622 -0.0112226
internal_weight=591 542 169 122 373 94 279 193 119
internal_count=591 542 169 122 373 94 279 193 119
is_linear=0
shrinkage=0.0390545


Tree=51
num_leaves=11
num_cat=0
split_feature=9 0 3 3 2 0 10 10 8 0
split_gain=24.4974 20.9975 18.6302 32.4157 13.2597 11.624 12.11 11.7286 8.44101 7.77332
threshold=0.099999999999997854 65.750000000000014 -0.056952163117076689 0.84313847884979054 9.8499999999999961 77.050000000000011 3.0499999999999976 4.400000000000003 0.15950000000000003 69.550000000000011
decision_type=2 2 2 2 2 2 2 2 2 2
left_child=-1 2 -2 -4 -3 6 8 -8 -6 -9
right_child=1 4 3 -5 5 -7 7 9 -10 -11
leaf_value=-0.025614657795092532 0.03493317169743123 -0.018940596257209941 -0.011096100379581583 0.029964752491227303 0.0043132943651375596 -0.016027816789901055 -0.016054601520361134 -0.005235243346517403 0.027366854100236974 0.015645281390729685
leaf_weight=49 49 59 69 51 50 50 58 52 47 57
leaf_count=49 49 59 69 51 50 50 58 52 47 57
internal_value=0.000829973 0.00322079 0.0146408 0.00635448 -0.00195335 0.00123842 0.00450867 -0.00186598 0.0154839 0.00568362
internal_weight=591 542 169 120 373 314 264 167 97 109
internal_count=591 542 169 120 373 314 264 167 97 109
is_linear=0
shrinkage=0.0390545


Tree=52
num_leaves=9
num_cat=0
split_feature=0 6 3 13 8 11 3 12
split_gain=23.0617 21.1678 40.7924 27.8382 24.1742 20.4003 13.2046 6.29041
threshold=77.450000000000017 13.750000000000002 -0.21861968191509912 1.2992646597322419 0.16250000000000003 2.7714285714285714 0.12545942051955486 3.7607142857142857
decision_type=2 2 2 2 2 2 2 2
left_child=1 3 -3 -1 -4 -5 -7 -8
right_child=-2 2 4 5 -6 6 7 -9
leaf_value=-0.010829999372086738 -0.024860483043436275 0.019730576317716138 -0.040737083086900473 0.032824935794006679 -0.0034083690622700846 -0.0032154664292442792 0.024913381555704009 0.0080847650821957214
leaf_weight=91 49 51 55 67 51 91 64 72
leaf_count=91 49 51 55 67 51 91 64 72
internal_value=0.000797554 0.00311726 -0.00896884 0.00804596 -0.0227774 0.0138886 0.00829935 0.0160044
internal_weight=591 542 157 385 106 294 227 136
internal_count=591 542 157 385 106 294 227 136
is_linear=0
shrinkage=0.0390545


Tree=53
num_leaves=10
num_cat=0
split_feature=9 0 0 11 11 8 10 10 13
split_gain=22.8137 19.5028 14.3769 15.198 18.7015 15.6589 16.6835 14.4141 13.897
threshold=0.099999999999997854 55.95000000000001 77.350000000000009 3.3642857142857143 3.9785714285714273 0.17049999999999998 2.0499999999999976 5.2500000000000009 1.7132532968542151
decision_type=2 2 2 2 2 2 2 2 2
left_child=-1 -2 3 5 -5 6 -3 8 -6
right_child=1 2 -4 4 7 -7 -8 -9 -10
leaf_value=-0.024753284862998198 0.026839994901530221 -0.011211912205305482 -0.019089628212073363 -0.017047104034066392 -0.001495774969519504 0.029238698535283957 0.019797919347515243 -0.0087315816047059559 0.025739901453474778
leaf_weight=49 48 55 50 91 53 56 51 76 62
leaf_count=49 48 55 50 91 53 56 51 76 62
internal_value=0.000766402 0.0030736 0.00076424 0.00300011 -0.00247632 0.0125334 0.00370759 0.0044656 0.0131875
internal_weight=591 542 494 444 282 162 106 191 115
internal_count=591 542 494 444 282 162 106 191 115
is_linear=0
shrinkage=0.0390545


Tree=54
num_leaves=10
num_cat=0
split_feature=9 0 3 3 8 3 13 10 11
split_gain=21.0665 18.0654 17.2696 28.8302 12.2243 15.9977 11.7903 10.4268 15.2806
threshold=0.099999999999997854 65.750000000000014 -0.091260668982868137 0.84313847884979054 0.12550000000000003 -0.57078386445773377 2.1272044139631072 3.0499999999999976 3.9928571428571429
decision_type=2 2 2 2 2 2 2 2 2
left_child=-1 2 -2 -4 5 -3 7 -6 -9
right_child=1 4 3 -5 6 -7 -8 8 -10
leaf_value=-0.023786558805410186 0.033660441121379843 0.0020845047398301976 -0.010293141089881067 0.028197805355175101 0.0084099987330430066 -0.030137901507608499 0.014285177088942844 -0.026986554537256277 0.0014489628078838933
leaf_weight=49 47 47 71 51 74 47 86 49 70
leaf_count=49 47 47 71 51 74 47 86 49 70
internal_value=0.000736463 0.00295355 0.0135463 0.00579706 -0.00184573 -0.0140263 0.00225801 -0.00310107 -0.0102595
internal_weight=591 542 169 122 373 94 279 193 119
internal_count=591 542 169 122 373 94 279 193 119
is_linear=0
shrinkage=0.0390545


Tree=55
num_leaves=9
num_cat=0
split_feature=2 1 8 10 4 7 13 11
split_gain=19.7806 21.9462 21.0674 20.0271 18.3256 16.4658 10.0678 7.54394
threshold=10.049999999999999 84.65000000000002 0.16450000000000004 5.049999999999998 0.84199059757024453 4991.5000000000009 2.1074695599234894 3.4214285714285726
decision_type=2 2 2 2 2 2 2 2
left_child=-1 3 -3 4 5 -2 7 -4
right_child=1 2 6 -5 -6 -7 -8 -9
leaf_value=-0.017615699061398284 0.040443815681534809 -0.021595353349226715 0.0072601803068034531 -0.0045593034340277372 -2.1294555800490707e-05 0.013158133906955896 0.018142828815530736 -0.014640307819814383
leaf_weight=78 62 81 47 91 62 74 47 49
leaf_count=78 62 81 47 91 62 74 47 49
internal_value=0.000707703 0.00349378 -0.00568136 0.0106054 0.0175752 0.0255975 0.00333263 -0.00391784
internal_weight=591 513 224 289 198 136 143 96
internal_count=591 513 224 289 198 136 143 96
is_linear=0
shrinkage=0.0390545


Tree=56
num_leaves=11
num_cat=0
split_feature=0 8 0 5 3 2 13 1 1 6
split_gain=21.7094 18.466 21.623 13.3877 21.5127 15.3867 8.88182 15.6694 15.7062 8.67907
threshold=64.950000000000017 0.11549999999999996 60.650000000000013 0.11700000000000001 -0.71504373327588355 10.800000000000006 1.2356785225893758 89.350000000000009 82.250000000000014 12.450000000000001
decision_type=2 2 2 2 2 2 2 2 2 2
left_child=1 -1 -3 5 -5 -2 -7 8 -8 -10
right_child=3 2 -4 4 -6 6 7 -9 9 -11
leaf_value=0.03292752960555672 -0.018005356830648144 -0.0068440952409505942 0.025522642710736978 0.0047439114973689212 -0.030289315520927979 -0.0094587935326054754 0.020807623770355985 0.026978229839261417 0.0050097226468355386 -0.017664492932699536
leaf_weight=50 55 85 50 47 62 53 47 52 51 52
leaf_count=50 55 85 50 47 62 53 47 52 51 52
internal_value=0.00150984 0.0126528 0.00514334 -0.00340998 -0.0151829 0.000729433 0.0047704 0.00850398 0.00209934 -0.00643713
internal_weight=604 185 135 419 109 310 255 202 150 103
internal_count=604 185 135 419 109 310 255 202 150 103
is_linear=0
shrinkage=0.0390545


Tree=57
num_leaves=10
num_cat=0
split_feature=6 0 0 8 5 3 4 12 7
split_gain=21.2945 29.7936 16.67 33.1187 13.5364 18.2729 12.4299 19.4283 9.20431
threshold=16.350000000000005 64.950000000000017 61.250000000000007 0.12550000000000003 0.049500000000000009 -0.75015329512557205 -0.85225707553516283 3.6392857142857147 4991.5000000000009
decision_type=2 2 2 2 2 2 2 2 2
left_child=1 2 3 -1 6 -6 -3 -8 -9
right_child=-2 4 -4 -5 5 -7 7 8 -10
leaf_value=0.03426327350834095 -0.023228429885333371 0.018527228723455077 0.035138729587834032 -0.0081205055892547267 0.0045611139414870275 -0.026173363502090891 -0.015953115693164672 0.02087446839734285 -0.0011434539757909615
leaf_weight=47 49 58 54 70 51 70 87 51 67
leaf_count=47 49 58 54 70 51 70 87 51 67
internal_value=0.00145088 0.00362983 0.0171897 0.00890517 -0.00240844 -0.0132189 0.00256506 -0.0019509 0.00837248
internal_weight=604 555 171 117 384 121 263 205 118
internal_count=604 555 171 117 384 121 263 205 118
is_linear=0
shrinkage=0.0390545


Tree=58
num_leaves=10
num_cat=0
split_feature=6 0 0 13 8 12 13 3 3
split_gain=19.6637 27.5119 15.3933 32.4494 13.2447 19.2648 16.7376 9.29574 3.50495
threshold=16.350000000000005 64.950000000000017 61.250000000000007 2.4642201036009044 0.16650000000000004 3.9821428571428572 2.1741993489957774 -0.86976336936302323 0.022575936829235404
decision_type=2 2 2 2 2 2 2 2 2
left_child=1 2 3 -1 5 7 8 -3 -6
right_child=-2 4 -4 -5 6 -7 -8 -9 -10
leaf_value=-0.013279355140685322 -0.022321255933673765 -0.004633031779395092 0.033766405145563366 0.027929209153726649 -0.011171276803999177 0.010127347090163845 0.022316729888494251 -0.024426217664222687 0.002612152309713683
leaf_weight=55 49 61 54 62 48 58 60 89 68
leaf_count=55 49 61 54 62 48 58 60 89 68
internal_value=0.00139421 0.00348807 0.0165183 0.00855737 -0.00231437 -0.00898636 0.00557051 -0.0163772 -0.00309105
internal_weight=604 555 171 117 384 208 176 150 116
internal_count=604 555 171 117 384 208 176 150 116
is_linear=0
shrinkage=0.0390545


Tree=59
num_leaves=10
num_cat=0
split_feature=6 0 0 8 8 12 13 3 3
split_gain=18.1578 25.4049 14.2145 30.4883 12.2304 17.7894 15.4558 8.58381 3.23653
threshold=16.350000000000005 64.950000000000017 61.250000000000007 0.12550000000000003 0.16650000000000004 3.9821428571428572 2.1741993489957774 -0.86976336936302323 0.022575936829235404
decision_type=2 2 2 2 2 2 2 2 2
left_child=1 2 3 -1 5 7 8 -3 -6
right_child=-2 4 -4 -5 6 -7 -8 -9 -10
leaf_value=0.032553463426587964 -0.021449512007928308 -0.0044520914518629785 0.032447675758597291 -0.0081124258006601141 -0.010734988677442658 0.0097318286467775166 0.021445161811263307 -0.023472264211144466 0.0025101360966123766
leaf_weight=47 49 61 54 70 48 58 60 89 68
leaf_count=47 49 61 54 70 48 58 60 89 68
internal_value=0.00133976 0.00335185 0.0158732 0.00822316 -0.00222398 -0.0086354 0.00535295 -0.0157376 -0.00297031
internal_weight=604 555 171 117 384 208 176 150 116
internal_count=604 555 171 117 384 208 176 150 116
is_linear=0
shrinkage=0.0390545


Tree=60
num_leaves=11
num_cat=0
split_feature=6 0 6 6 5 10 13 1 12 7
split_gain=16.7672 23.4593 13.4526 16.8642 11.8186 10.8691 8.7156 13.9631 10.0538 7.77938
threshold=16.350000000000005 64.950000000000017 12.550000000000002 10.350000000000003 0.11700000000000001 2.9000000000000026 1.1998015708957122 89.65000000000002 3.9892857142857157 5295.5000000000009
decision_type=2 2 2 2 2 2 2 2 2 2
left_child=1 2 3 -1 6 -6 -3 8 9 -8
right_child=-2 4 -4 -5 5 -7 7 -9 -10 -11
leaf_value=0.022928460625062579 -0.020611811771661916 -0.012621907530263854 0.031598254677305621 -0.0066041126020615522 -0.00098273012647905793 -0.027131205795145767 -0.017252629998407085 0.023837605989635812 0.01081240758792467 0.0037680639242498207
leaf_weight=58 49 52 53 60 49 48 58 48 79 50
leaf_count=58 49 52 53 60 49 48 58 48 79 50
internal_value=0.00128743 0.00322094 0.0152533 0.00791161 -0.00213712 -0.0139225 0.00184598 0.00504753 0.000224229 -0.00752052
internal_weight=604 555 171 118 384 97 287 235 187 108
internal_count=604 555 171 118 384 97 287 235 187 108
is_linear=0
shrinkage=0.0390545


Tree=61
num_leaves=11
num_cat=0
split_feature=6 0 0 13 5 10 13 1 12 7
split_gain=15.4831 21.6627 13.0074 29.5998 10.9135 10.0366 8.04813 12.8938 9.28385 7.18362
threshold=16.350000000000005 64.950000000000017 61.250000000000007 2.4642201036009044 0.11700000000000001 2.9000000000000026 1.1998015708957122 89.65000000000002 3.9892857142857157 5295.5000000000009
decision_type=2 2 2 2 2 2 2 2 2 2
left_child=1 2 3 -1 6 -6 -3 8 9 -8
right_child=-2 4 -4 -5 5 -7 7 -9 -10 -11
leaf_value=-0.013516349397483515 -0.01980682887380536 -0.012128965534193037 0.030512693141254245 0.025841275923882131 -0.00094435039659913835 -0.026071611321359645 -0.016578837817198617 0.022906641089000722 0.010390134832238629 0.0036209045439526588
leaf_weight=55 49 52 54 62 49 48 58 48 79 50
leaf_count=55 49 52 54 62 49 48 58 48 79 50
internal_value=0.00123715 0.00309515 0.0146576 0.00733954 -0.00205366 -0.0133788 0.00177389 0.00485041 0.000215472 -0.00722679
internal_weight=604 555 171 117 384 97 287 235 187 108
internal_count=604 555 171 117 384 97 287 235 187 108
is_linear=0
shrinkage=0.0390545


Tree=62
num_leaves=11
num_cat=0
split_feature=0 3 6 3 12 2 11 13 2 11
split_gain=15.6208 26.3511 22.3495 21.9742 27.9748 20.7107 35.7365 11.217 14.1919 5.75735
threshold=77.050000000000011 -0.022576249993022598 15.350000000000003 -0.38242426011641079 3.8035714285714293 14.300000000000006 3.3642857142857143 2.521478008023855 17.349999999999998 2.5642857142857141
decision_type=2 2 2 2 2 2 2 2 2 2
left_child=1 3 5 4 9 6 -3 8 -7 -1
right_child=-2 2 -4 -5 -6 7 -8 -9 -10 -11
leaf_value=0.0051595770835714209 -0.016897062949374174 0.013848365000412076 -0.027902504946748289 0.037336077306884853 0.028528112139849553 0.01874802760469543 -0.030711339565083592 0.025423106918083031 -0.008747325212635328 -0.013303500062703793
leaf_weight=47 65 47 49 48 60 50 66 48 67 57
leaf_count=47 65 47 49 48 60 50 66 48 67 57
internal_value=0.00118883 0.00336994 -0.00358295 0.0140946 0.007292 0.000703471 -0.0121774 0.00952509 0.00300254 -0.00495928
internal_weight=604 539 327 212 164 278 113 165 117 104
internal_count=604 539 327 212 164 278 113 165 117 104
is_linear=0
shrinkage=0.0390545


Tree=63
num_leaves=10
num_cat=0
split_feature=13 0 13 1 1 3 2 8 11
split_gain=20.3612 23.1829 16.2708 12.7438 16.1294 18.522 13.2074 16.3509 7.5685
threshold=3.0793472978241661 77.050000000000011 2.6600204641544569 75.850000000000009 83.550000000000011 0.48314048284850658 12.699999999999998 0.14050000000000004 2.9571428571428551
decision_type=2 2 2 2 2 2 2 2 2
left_child=1 2 3 -1 6 8 -5 -8 -6
right_child=-2 -3 -4 4 5 -7 7 -9 -10
leaf_value=-0.019605268139368675 -0.025842621582245189 -0.025715944396043754 0.021521254026280467 -0.0035138527850168215 -0.005075944919502624 -0.023953080220232393 0.033537793283687597 0.004356341468382539 0.014075190658431005
leaf_weight=49 55 52 56 72 88 62 54 64 49
leaf_count=49 55 52 56 72 88 62 54 64 49
internal_value=-0.00319354 -0.000911974 0.0016989 -0.000835385 0.00152886 -0.00624166 0.00966763 0.0177109 0.00177349
internal_weight=601 546 494 438 389 199 190 118 137
internal_count=601 546 494 438 389 199 190 118 137
is_linear=0
shrinkage=0.0390545


Tree=64
num_leaves=10
num_cat=0
split_feature=13 2 0 0 10 11 0 8 0
split_gain=18.9549 21.2428 13.5647 15.923 16.0713 15.4301 15.784 7.24896 10.8473
threshold=3.0417726409457271 19.550000000000001 77.050000000000011 63.400000000000006 1.2500000000000002 3.7214285714285702 72.850000000000009 0.13849999999999998 69.350000000000009
decision_type=2 2 2 2 2 2 2 2 2
left_child=1 2 3 -1 -5 6 -6 -7 -9
right_child=-2 -3 -4 4 5 7 -8 8 -10
leaf_value=-0.020878538292591273 -0.023518819358201805 0.018568088110049792 -0.023048278544004822 -0.019020992470726847 0.033076827380791429 -0.012390246771230894 0.0049308320568292319 0.016905152375266307 -0.0083391794240327763
leaf_weight=56 62 75 50 50 47 71 86 50 54
leaf_count=56 62 75 50 50 47 71 86 50 54
internal_value=-0.00306882 -0.000716435 -0.00383362 -0.00151293 0.00151624 0.00485032 0.0148774 -0.00277009 0.00379719
internal_weight=601 539 464 414 358 308 133 175 104
internal_count=601 539 464 414 358 308 133 175 104
is_linear=0
shrinkage=0.0390545


Tree=65
num_leaves=10
num_cat=0
split_feature=13 2 0 0 10 11 12 3 0
split_gain=17.5033 19.6159 12.5258 14.7035 14.8405 14.2485 14.8505 6.83234 24.4758
threshold=3.0417726409457271 19.550000000000001 77.050000000000011 63.400000000000006 1.2500000000000002 3.7214285714285702 2.9000000000000008 -0.14250824554987662 68.850000000000009
decision_type=2 2 2 2 2 2 2 2 2
left_child=1 2 3 -1 -5 6 -6 -7 -9
right_child=-2 -3 -4 4 5 7 -8 8 -10
leaf_value=-0.020063137515223692 -0.022600303941396352 0.017842921304091087 -0.022148140185364956 -0.018278137755462665 0.0044891529242346668 0.0095391145672853294 0.031662684081552941 0.0065674350841935783 -0.028708282936209438
leaf_weight=56 62 75 50 50 85 50 48 75 50
leaf_count=56 62 75 50 50 85 50 48 75 50
internal_value=-0.00294897 -0.000688455 -0.0036839 -0.00145384 0.00145702 0.00466089 0.0142964 -0.0026619 -0.00754258
internal_weight=601 539 464 414 358 308 133 175 125
internal_count=601 539 464 414 358 308 133 175 125
is_linear=0
shrinkage=0.0390545


Tree=66
num_leaves=10
num_cat=0
split_feature=13 0 13 1 1 3 6 10 0
split_gain=16.1933 18.4806 15.1274 11.5352 14.0262 16.9026 12.3362 19.6297 6.61634
threshold=3.0793472978241661 77.050000000000011 2.6600204641544569 75.850000000000009 83.550000000000011 0.48314048284850658 12.950000000000001 3.9500000000000033 74.350000000000009
decision_type=2 2 2 2 2 2 2 2 2
left_child=1 2 3 -1 6 8 7 -5 -6
right_child=-2 -3 -4 4 5 -7 -8 -9 -10
leaf_value=-0.018769306777802929 -0.023032193286551685 -0.022945113420630468 0.020645159603046508 0.017236325134828423 0.013625035532972051 -0.022827923133463504 0.02181069819527625 -0.014488517130964938 -0.004453673265138001
leaf_weight=49 55 52 56 59 47 62 71 60 90
leaf_count=49 55 52 56 59 47 62 71 60 90
internal_value=-0.0028338 -0.000799097 0.001532 -0.00091162 0.00133772 -0.00590847 0.00892733 0.00124032 0.00174827
internal_weight=601 546 494 438 389 199 190 119 137
internal_count=601 546 494 438 389 199 190 119 137
is_linear=0
shrinkage=0.0390545


Tree=67
num_leaves=9
num_cat=0
split_feature=7 13 1 3 4 9 2 13
split_gain=15.9209 20.7682 18.9119 15.0292 16.9755 12.9154 10.8042 9.39528
threshold=6802.0000000000009 2.8165747015929843 87.250000000000014 0.66527693225344786 0.20812153622207721 3.5499999999999976 14.9 1.8098276579649717
decision_type=2 2 2 2 2 2 2 2
left_child=1 2 3 5 -5 7 -2 -1
right_child=6 -3 -4 4 -6 -7 -8 -9
leaf_value=-0.010721313129835446 -0.0024702704721570306 -0.02331207000459129 -0.018565819548869173 0.009195321905040011 -0.020872449938824322 0.019436562149424255 0.021851159012767522 0.012460159078959436
leaf_weight=60 52 85 84 48 71 93 60 48
leaf_count=60 52 85 84 48 71 93 60 48
internal_value=-0.00272313 -0.00576527 -0.0020734 0.00225575 -0.00874399 0.00876821 0.0105588 -0.000418122
internal_weight=601 489 404 320 119 201 112 108
internal_count=601 489 404 320 119 201 112 108
is_linear=0
shrinkage=0.0390545


Tree=68
num_leaves=9
num_cat=0
split_feature=7 13 1 3 4 9 2 13
split_gain=14.7016 19.1777 17.4636 13.8782 15.6755 11.9263 9.97677 8.67576
threshold=6802.0000000000009 2.8165747015929843 87.250000000000014 0.66527693225344786 0.20812153622207721 3.5499999999999976 14.9 1.8098276579649717
decision_type=2 2 2 2 2 2 2 2
left_child=1 2 3 5 -5 7 -2 -1
right_child=6 -3 -4 4 -6 -7 -8 -9
leaf_value=-0.010302598046543043 -0.0023737955738002419 -0.02240162954659302 -0.017840740977181749 0.0088362036431463009 -0.020057287507390522 0.018677477195189213 0.020997774032810144 0.01197353431367993
leaf_weight=60 52 85 84 48 71 93 60 48
leaf_count=60 52 85 84 48 71 93 60 48
internal_value=-0.00261678 -0.00554011 -0.00199242 0.00216766 -0.00840249 0.00842577 0.0101464 -0.000401781
internal_weight=601 489 404 320 119 201 112 108
internal_count=601 489 404 320 119 201 112 108
is_linear=0
shrinkage=0.0390545


Tree=69
num_leaves=9
num_cat=0
split_feature=7 13 1 3 4 6 10 2
split_gain=13.5757 17.709 16.1261 12.8153 14.475 11.0508 10.0589 9.21273
threshold=6802.0000000000009 2.8165747015929843 87.250000000000014 0.66527693225344786 0.20812153622207721 13.050000000000002 3.9500000000000033 14.9
decision_type=2 2 2 2 2 2 2 2
left_child=1 2 3 5 -5 6 -1 -2
right_child=7 -3 -4 4 -6 -7 -8 -9
leaf_value=0.0094843269501466432 -0.0022810882931582105 -0.02152674544748227 -0.017143980005882509 0.0084911097929807524 -0.019273960556266536 0.021342681717972014 -0.012849833131195662 0.020177716985349196
leaf_weight=89 52 85 84 48 71 65 47 60
leaf_count=89 52 85 84 48 71 65 47 60
internal_value=-0.00251458 -0.00532374 -0.00191461 0.002083 -0.00807432 0.0080967 0.00176565 0.00975011
internal_weight=601 489 404 320 119 201 136 112
internal_count=601 489 404 320 119 201 136 112
is_linear=0
shrinkage=0.0390545


Tree=70
num_leaves=10
num_cat=0
split_feature=0 0 6 8 1 2 12 10 12
split_gain=26.3095 16.3975 25.4514 22.129 17.353 11.4645 7.65179 8.70514 5.78354
threshold=55.95000000000001 62.850000000000001 13.850000000000003 0.12150000000000001 82.15000000000002 11.750000000000002 4.3321428571428564 2.4500000000000033 3.4964285714285723
decision_type=2 2 2 2 2 2 2 2 2
left_child=-1 -2 3 -3 -4 -5 7 -7 -9
right_child=1 2 4 5 -6 6 -8 8 -10
leaf_value=0.026619182269103824 -0.017263857969779715 -0.022204706025546195 0.034403221770845989 -0.014339715225797226 0.0056840854802318146 -0.0033025706542470961 -0.0074368779037459832 0.026196460533689913 0.0075031296084035401
leaf_weight=58 81 79 49 55 93 49 50 50 51
leaf_count=58 81 79 49 55 93 49 50 50 51
internal_value=0.00158673 -0.00101982 0.00174433 -0.00414394 0.0155945 0.00145122 0.0057939 0.0102044 0.0167576
internal_weight=615 557 476 334 142 255 200 150 101
internal_count=615 557 476 334 142 255 200 150 101
is_linear=0
shrinkage=0.0390545


Tree=71
num_leaves=10
num_cat=0
split_feature=0 0 6 8 1 12 12 1 13
split_gain=24.2946 15.1417 23.5022 20.4343 16.024 10.8036 11.3408 5.92929 2.38929
threshold=55.95000000000001 62.850000000000001 13.850000000000003 0.12150000000000001 82.15000000000002 2.3142857142857145 3.5499999999999998 84.15000000000002 1.9177114439980634
decision_type=2 2 2 2 2 2 2 2 2
left_child=-1 -2 3 -3 -4 -5 8 -8 -7
right_child=1 2 4 5 -6 6 7 -9 -10
leaf_value=0.025579584262779519 -0.016589627378538013 -0.021337512633637125 0.033059622519130985 -0.015516236370955538 0.0054620955492481697 0.021485592455880921 0.0058416984246661575 -0.011971618786305264 0.0090308771187305494
leaf_weight=58 81 79 49 47 93 47 57 57 47
leaf_count=58 81 79 49 47 93 47 57 57 47
internal_value=0.00152476 -0.000979988 0.0016762 -0.00398211 0.0149854 0.00139453 0.00521588 -0.00306466 0.0152586
internal_weight=615 557 476 334 142 255 208 114 94
internal_count=615 557 476 334 142 255 208 114 94
is_linear=0
shrinkage=0.0390545


Tree=72
num_leaves=9
num_cat=0
split_feature=0 0 6 7 1 2 4 1
split_gain=22.434 13.9821 21.7024 19.0227 14.7968 11.9846 8.66204 11.0458
threshold=55.95000000000001 62.850000000000001 13.850000000000003 4029.5000000000005 82.15000000000002 11.800000000000006 -0.83375966452616657 84.15000000000002
decision_type=2 2 2 2 2 2 2 2
left_child=-1 -2 3 -3 -4 -5 -7 -8
right_child=1 2 4 5 -6 6 7 -9
leaf_value=0.024580587329929692 -0.015941727751799046 -0.020999225566286063 0.031768496358251921 -0.013576719638986176 0.0052487771180915422 0.020421051463387584 0.014387305525691564 -0.007453029660896354
leaf_weight=58 81 76 49 63 93 48 59 88
leaf_count=58 81 76 49 63 93 48 59 88
internal_value=0.00146522 -0.00094171 0.00161074 -0.00382659 0.0144002 0.00123189 0.00601639 0.00131259
internal_weight=615 557 476 334 142 258 195 147
internal_count=615 557 476 334 142 258 195 147
is_linear=0
shrinkage=0.0390545


Tree=73
num_leaves=10
num_cat=0
split_feature=0 0 6 7 1 13 4 13 8
split_gain=20.7159 12.9113 20.0403 17.5658 13.6636 11.4297 13.6834 10.1423 4.18729
threshold=55.95000000000001 62.850000000000001 13.850000000000003 4029.5000000000005 82.15000000000002 1.1998015708957122 -0.89404254237865755 1.6641159765735607 0.16050000000000003
decision_type=2 2 2 2 2 2 2 2 2
left_child=-1 -2 3 -3 -4 -5 -7 -8 -9
right_child=1 2 4 5 -6 6 7 8 -10
leaf_value=0.023620604856104573 -0.015319131971572393 -0.02017911181760379 0.03052779423247037 -0.016009668849120137 0.0050437886858435248 0.023428365174172985 0.012428438572161811 0.00058483899487689046 -0.015267814276515983
leaf_weight=58 81 76 49 48 93 48 60 48 54
leaf_count=58 81 76 49 48 93 48 60 48 54
internal_value=0.00140799 -0.00090493 0.00154784 -0.00367714 0.0138378 0.00118378 0.00511387 -0.000312443 -0.00780741
internal_weight=615 557 476 334 142 258 210 162 102
internal_count=615 557 476 334 142 258 210 162 102
is_linear=0
shrinkage=0.0390545


Tree=74
num_leaves=9
num_cat=0
split_feature=0 0 6 7 1 2 3 2
split_gain=19.1363 11.2628 18.5056 16.3418 12.6172 12.0432 9.67031 7.19081
threshold=55.600000000000009 62.850000000000001 13.850000000000003 4398.0000000000009 82.15000000000002 12.750000000000002 0.46800856592688467 11.650000000000007
decision_type=2 2 2 2 2 2 2 2
left_child=-1 -2 3 7 -4 -5 -7 -3
right_child=1 2 4 5 -6 6 -8 -9
leaf_value=0.023118790162969437 -0.014103018919596451 -0.0058469615745741074 0.029335547369390907 -0.0098366160869004723 0.0048468054208651223 0.018631558765638875 -0.0011351153132366858 -0.026810283179528275
leaf_weight=56 83 48 49 83 93 75 76 52
leaf_count=56 83 48 49 83 93 75 76 52
internal_value=0.00135301 -0.000827406 0.00148739 -0.00353353 0.0132974 0.00211364 0.00868255 -0.0167482
internal_weight=615 559 476 334 142 234 151 100
internal_count=615 559 476 334 142 234 151 100
is_linear=0
shrinkage=0.0390545


Tree=75
num_leaves=9
num_cat=0
split_feature=0 0 6 8 1 12 12 1
split_gain=17.7225 11.0436 17.0884 15.4021 11.6509 9.41985 10.1178 5.2967
threshold=55.95000000000001 62.850000000000001 13.850000000000003 0.12150000000000001 82.15000000000002 2.3535714285714273 3.5499999999999998 84.15000000000002
decision_type=2 2 2 2 2 2 2 2
left_child=-1 -2 3 -3 -4 -5 -7 -8
right_child=1 2 4 5 -6 6 7 -9
leaf_value=0.021845349291743733 -0.014170065215494529 -0.01846316035201008 0.028189862795774585 -0.013926466954636223 0.004657516199776732 0.014690724304675192 0.0056457652120080947 -0.011190521458346486
leaf_weight=58 81 79 49 50 93 91 57 57
leaf_count=58 81 79 49 50 93 91 57 57
internal_value=0.00130016 -0.000839134 0.00142929 -0.00339554 0.0127781 0.00127234 0.00497954 -0.00277208
internal_weight=615 557 476 334 142 255 205 114
internal_count=615 557 476 334 142 255 205 114
is_linear=0
shrinkage=0.0390545


Tree=76
num_leaves=10
num_cat=0
split_feature=0 0 6 7 5 2 11 10 9
split_gain=16.3653 10.1978 15.7797 14.2671 11.2399 10.3432 5.19267 7.69087 3.64868
threshold=55.95000000000001 62.850000000000001 13.850000000000003 4029.5000000000005 0.030000000000000002 11.750000000000002 4.4642857142857144 2.4500000000000033 3.6500000000000026
decision_type=2 2 2 2 2 2 2 2 2
left_child=-1 -2 3 -3 -4 -5 7 -7 -9
right_child=1 2 4 5 -6 6 -8 8 -10
leaf_value=0.02099219075570426 -0.013616660602834783 -0.01813489944278825 0.0041783579562680263 -0.012934608923813847 0.027183617134068392 -0.002906402997814314 -0.0054022288217031103 0.0080405115596788503 0.023350437729572012
leaf_weight=58 81 76 92 61 50 52 50 47 48
leaf_count=58 81 76 92 61 50 52 50 47 48
internal_value=0.00124938 -0.000806359 0.00137347 -0.00326292 0.012279 0.00111784 0.00546928 0.0091673 0.0157764
internal_weight=615 557 476 334 142 258 197 147 95
internal_count=615 557 476 334 142 258 197 147 95
is_linear=0
shrinkage=0.0390545


Tree=77
num_leaves=11
num_cat=0
split_feature=4 0 6 11 5 7 11 11 0 10
split_gain=19.5376 16.4077 17.5976 16.4447 15.3034 11.2035 8.89438 12.2503 6.07056 2.08008
threshold=0.96633974041180482 77.550000000000011 16.150000000000002 1.8357142857142852 0.11449999999999996 4097.0000000000009 3.9785714285714273 3.3642857142857143 64.850000000000009 2.7500000000000004
decision_type=2 2 2 2 2 2 2 2 2 2
left_child=1 2 3 -1 5 -5 7 9 -8 -7
right_child=-2 -3 -4 4 -6 6 8 -9 -10 -11
leaf_value=0.027997630626260449 -0.022985631390470537 -0.019396477721431441 -0.01711907010028807 0.023654755490791563 -0.010503958531941556 0.0010022783363015199 0.023240561428259934 -0.016392834193207303 0.0059030324112358109 0.012622333296963939
leaf_weight=50 50 48 52 58 85 47 48 55 86 47
leaf_count=50 50 48 52 58 85 47 48 55 86 47
internal_value=0.00043207 0.00246492 0.00445238 0.006809 0.00432199 0.0080177 0.00481282 -0.0017529 0.0121137 0.00681267
internal_weight=626 576 528 476 426 341 283 149 134 94
internal_count=626 576 528 476 426 341 283 149 134 94
is_linear=0
shrinkage=0.0390545


Tree=78
num_leaves=11
num_cat=0
split_feature=4 0 6 11 5 7 11 11 0 10
split_gain=18.0413 15.1512 16.25 15.1853 14.1314 10.3455 8.21321 11.3122 5.60563 1.92076
threshold=0.96633974041180482 77.550000000000011 16.150000000000002 1.8357142857142852 0.11449999999999996 4097.0000000000009 3.9785714285714273 3.3642857142857143 64.850000000000009 2.7500000000000004
decision_type=2 2 2 2 2 2 2 2 2 2
left_child=1 2 3 -1 5 -5 7 9 -8 -7
right_child=-2 -3 -4 4 -6 6 8 -9 -10 -11
leaf_value=0.026904197927213234 -0.022087939945708224 -0.018638958879656053 -0.01645049388740082 0.02273093143592703 -0.010093732059068617 0.00096313490376641418 0.022332913596340563 -0.015752620119412107 0.0056724926066284197 0.012129374813316348
leaf_weight=50 50 48 52 58 85 47 48 55 86 47
leaf_count=50 50 48 52 58 85 47 48 55 86 47
internal_value=0.000415195 0.00236865 0.0042785 0.00654308 0.0041532 0.00770459 0.00462486 -0.00168442 0.0116407 0.00654662
internal_weight=626 576 528 476 426 341 283 149 134 94
internal_count=626 576 528 476 426 341 283 149 134 94
is_linear=0
shrinkage=0.0390545


Tree=79
num_leaves=11
num_cat=0
split_feature=4 0 6 11 2 7 0 5 0 7
split_gain=16.6597 13.9909 15.0055 14.0223 13.3476 18.0827 12.7246 12.221 8.52657 7.77066
threshold=0.96633974041180482 77.550000000000011 16.150000000000002 1.8357142857142852 17.050000000000001 5248.0000000000009 65.850000000000009 0.17150000000000001 69.350000000000009 6313.5000000000009
decision_type=2 2 2 2 2 2 2 2 2 2
left_child=1 2 3 -1 6 -6 -5 8 -8 -10
right_child=-2 -3 -4 4 5 -7 7 -9 9 -11
leaf_value=0.025853468803923134 -0.021225307173787355 -0.017911024010829675 -0.015808027757394236 -0.017408106894439841 0.034009850578028654 0.0023120486325118811 0.01962533804047226 -0.012359664722095444 -0.0058654905960649926 0.012935636361542246
leaf_weight=50 50 48 52 54 47 66 65 58 76 60
leaf_count=50 50 48 52 54 47 66 65 58 76 60
internal_value=0.00039898 0.00227615 0.00411141 0.00628756 0.00399101 0.0154964 -0.00016259 0.00343287 0.00799009 0.00242888
internal_weight=626 576 528 476 426 113 313 259 201 136
internal_count=626 576 528 476 426 113 313 259 201 136
is_linear=0
shrinkage=0.0390545


Tree=80
num_leaves=11
num_cat=0
split_feature=4 0 6 0 0 5 6 0 13 0
split_gain=15.3838 12.9194 13.8563 13.3418 9.42207 8.26476 11.7505 9.60144 6.04281 5.80501
threshold=0.96633974041180482 77.550000000000011 16.150000000000002 58.150000000000013 76.250000000000014 0.17150000000000001 12.950000000000001 66.750000000000014 1.5094919114414831 68.450000000000017
decision_type=2 2 2 2 2 2 2 2 2 2
left_child=1 2 3 -1 5 6 7 -5 -9 -8
right_child=-2 -3 -4 4 -6 -7 9 8 -10 -11
leaf_value=0.023769452691727502 -0.020396363843359241 -0.017211518367555651 -0.015190654191296917 -0.012136814848453701 0.018540998834204733 -0.010415393637446641 0.025343945434850697 -0.0049312934637854942 0.012847805692370116 0.0059321974416698328
leaf_weight=57 50 48 52 75 56 73 47 49 72 47
leaf_count=57 50 48 52 75 56 73 47 49 72 47
internal_value=0.000383394 0.00218725 0.00395084 0.006042 0.00363031 0.00132994 0.00428664 -0.00115741 0.00564773 0.0156384
internal_weight=626 576 528 476 419 363 290 196 121 94
internal_count=626 576 528 476 419 363 290 196 121 94
is_linear=0
shrinkage=0.0390545


Tree=81
num_leaves=11
num_cat=0
split_feature=4 0 6 11 2 7 0 5 0 10
split_gain=14.2057 11.93 12.7952 12.9208 12.2294 16.5319 11.6477 10.4649 7.8035 7.65084
threshold=0.96633974041180482 77.550000000000011 16.150000000000002 1.8357142857142852 17.050000000000001 5248.0000000000009 65.850000000000009 0.17150000000000001 69.350000000000009 3.6500000000000026
decision_type=2 2 2 2 2 2 2 2 2 2
left_child=1 2 3 -1 6 -6 -5 8 -8 -10
right_child=-2 -3 -4 4 5 -7 7 -9 9 -11
leaf_value=0.024587697265088054 -0.019599794818888475 -0.016539331532707816 -0.014597391656344995 -0.016873901010854862 0.032316272694201453 0.002008091929615906 0.018413757622752866 -0.011548188821251077 -0.0077182915282467965 0.010825845227948466
leaf_weight=50 50 48 52 54 47 66 65 58 65 71
leaf_count=50 50 48 52 54 47 66 65 58 65 71
internal_value=0.000368416 0.00210183 0.00379654 0.00580604 0.00360154 0.0146145 -0.000374267 0.00306568 0.00728279 0.00196259
internal_weight=626 576 528 476 426 113 313 259 201 136
internal_count=626 576 528 476 426 113 313 259 201 136
is_linear=0
shrinkage=0.0390545


Tree=82
num_leaves=11
num_cat=0
split_feature=4 10 0 9 8 12 12 13 0 3
split_gain=13.1177 11.2475 20.0929 9.29292 6.25419 8.51729 7.8567 8.2585 15.7204 14.6935
threshold=0.96633974041180482 5.4500000000000037 58.250000000000007 4.7500000000000009 0.10650000000000001 2.1749999999999994 2.6714285714285708 2.3261963204287794 72.850000000000009 0.75014288946266361
decision_type=2 2 2 2 2 2 2 2 2 2
left_child=1 2 -1 -3 -4 -6 -7 8 9 -8
right_child=-2 3 4 -5 5 6 7 -9 -10 -11
leaf_value=0.027320991747307455 -0.018834335040784977 -0.02034903786953355 -0.010233900059569262 0.0022517571474627318 -0.0091965077662857445 0.01954179129389981 0.032071459126301723 -0.010353690998406967 -0.0073943041414984718 0.0037165519191186616
leaf_weight=53 50 56 57 55 64 57 50 52 69 63
leaf_count=53 50 56 57 55 64 57 50 52 69 63
internal_value=0.000354024 0.00201974 0.00468617 -0.00915014 0.00177433 0.00370251 0.00653952 0.00337215 0.00729401 0.0162633
internal_weight=626 576 465 111 412 355 291 234 182 113
internal_count=626 576 465 111 412 355 291 234 182 113
is_linear=0
shrinkage=0.0390545


Tree=83
num_leaves=12
num_cat=0
split_feature=4 0 6 11 13 5 6 9 6 3 7
split_gain=12.1131 10.7839 11.7515 12.4594 22.3813 10.3881 7.26755 9.93302 7.03703 6.21728 4.11246
threshold=0.96633974041180482 77.550000000000011 16.150000000000002 2.7285714285714291 1.6468552685161375 0.17150000000000001 12.950000000000001 5.150000000000003 11.65 0.63920241694561786 6018.0000000000009
decision_type=2 2 2 2 2 2 2 2 2 2 2
left_child=1 2 3 4 -1 6 7 8 9 -5 -8
right_child=-2 -3 -4 5 -6 -7 10 -9 -10 -11 -12
leaf_value=-0.0029492143024277746 -0.018098769766370513 -0.015782267274263618 -0.014075671302366498 0.020987551827565364 0.029680843923597301 -0.01547982698469577 0.021429535558100194 -0.013703748507292486 -0.0065819060887782298 0.0012965421206233389 0.0050907698790411664
leaf_weight=56 50 48 52 51 75 47 47 57 49 47 47
leaf_count=56 50 48 52 51 75 47 47 57 49 47 47
internal_value=0.000340194 0.00194086 0.00355212 0.00547791 0.0157319 0.00158429 0.00427572 0.000135499 0.00550197 0.0115443 0.0132605
internal_weight=626 576 528 476 131 345 298 204 147 98 94
internal_count=626 576 528 476 131 345 298 204 147 98 94
is_linear=0
shrinkage=0.0390545


Tree=84
num_leaves=10
num_cat=0
split_feature=1 2 1 6 11 3 11 12 4
split_gain=15.2395 17.5886 31.0917 24.4218 14.5165 12.6407 12.6064 22.9656 7.29433
threshold=85.350000000000009 22.250000000000004 75.050000000000011 12.65 4.135714285714287 0.66527693225344786 2.6428571428571423 3.1857142857142868 0.51849435583340198
decision_type=2 2 2 2 2 2 2 2 2
left_child=1 2 -1 4 8 -5 -2 -8 -4
right_child=6 -3 3 5 -6 -7 7 -9 -10
leaf_value=-0.02871595616999929 0.001949172862535491 0.025479414192123833 -0.0061496270176314861 0.030925843121493952 -0.020114128396319705 0.0070968153892955509 -0.038957226496801382 -0.0040476112979834136 0.014063806196284364
leaf_weight=48 86 49 56 59 61 80 47 74 53
leaf_count=48 86 49 56 59 61 80 47 74 53
internal_value=-0.000858588 0.00353827 0.000526641 0.00506929 -0.00485859 0.0172115 -0.00948254 -0.0176078 0.00367861
internal_weight=613 406 357 309 170 139 207 121 109
internal_count=613 406 357 309 170 139 207 121 109
is_linear=0
shrinkage=0.0390545


Tree=85
num_leaves=12
num_cat=0
split_feature=1 2 1 6 7 0 3 13 2 1 11
split_gain=14.0724 16.2416 28.7106 22.6403 12.4357 12.3951 13.1766 9.26211 9.25817 7.47983 5.30457
threshold=85.350000000000009 22.250000000000004 75.050000000000011 10.750000000000002 5177.0000000000009 64.850000000000009 -0.55657520495441892 2.2133253655426564 12.9 82.250000000000014 3.1642857142857133
decision_type=2 2 2 2 2 2 2 2 2 2 2
left_child=1 2 -1 7 -2 -5 -7 -4 -6 -8 -10
right_child=4 -3 3 5 8 6 9 -9 10 -11 -12
leaf_value=-0.027594469674819086 -0.024095443779640891 0.024484328416627964 -0.023061728003739776 0.027702938791778868 -0.017292856590942287 0.023392290686458789 0.0083371098197806779 0.0013279923697623491 0.013274646864248308 -0.012085004570792949 -0.0047473295952234909
leaf_weight=48 60 49 48 56 47 48 59 47 47 51 53
leaf_count=48 60 49 48 56 47 48 59 47 47 51 53
internal_value=-0.000825054 0.00340008 0.00050607 0.00487131 -0.0091122 0.0119149 0.00631889 -0.0109949 -0.00299636 -0.00113102 0.00372266
internal_weight=613 406 357 309 207 214 158 95 147 110 100
internal_count=613 406 357 309 207 214 158 95 147 110 100
is_linear=0
shrinkage=0.0390545


Tree=86
num_leaves=9
num_cat=0
split_feature=11 1 4 1 6 1 2 7
split_gain=13.3095 13.0843 22.9878 14.7746 10.3561 13.1695 8.92023 7.55321
threshold=4.8857142857142879 84.050000000000011 -0.52765736634565841 76.65000000000002 10.750000000000002 80.850000000000009 12.750000000000002 6932.0000000000009
decision_type=2 2 2 2 2 2 2 2
left_child=1 3 6 -1 -5 -6 -3 -8
right_child=-2 2 -4 4 5 -7 7 -9
leaf_value=-0.011196606900901528 0.014390157037521646 -0.01275172393874705 -0.025772697274649967 -0.0027336268628697347 0.027767825869328546 0.0027099320835895818 -0.0045379866390062168 0.017375777777352955
leaf_weight=85 77 58 87 82 63 65 47 49
leaf_count=85 77 58 87 82 63 65 47 49
internal_value=-0.00079283 -0.00297403 -0.00972503 0.00254107 0.00810172 0.0150434 -0.000658911 0.00664681
internal_weight=613 536 241 295 210 128 154 96
internal_count=613 536 241 295 210 128 154 96
is_linear=0
shrinkage=0.0390545


Tree=87
num_leaves=10
num_cat=0
split_feature=11 1 4 1 12 13 8 2 7
split_gain=12.2903 12.0822 21.2273 13.6431 9.89781 8.29507 14.1277 8.23707 6.97477
threshold=4.8857142857142879 84.050000000000011 -0.52765736634565841 76.65000000000002 3.2321428571428581 2.2115497454582678 0.13899999999999998 12.750000000000002 6932.0000000000009
decision_type=2 2 2 2 2 2 2 2 2
left_child=1 3 7 -1 -5 6 -6 -3 -9
right_child=-2 2 -4 4 5 -7 -8 8 -10
leaf_value=-0.010759329142986438 0.013828156694870437 -0.012253712274857267 -0.024766157638681275 -0.0073814732414982636 0.034443517678757793 0.0014904727792243951 0.0046317264581420417 -0.0043607578069348608 0.016697176637474893
leaf_weight=85 77 58 87 50 49 63 48 47 49
leaf_count=85 77 58 87 50 49 63 48 47 49
internal_value=-0.000761867 -0.00285789 -0.00934523 0.00244183 0.00778531 0.0125251 0.0196916 -0.000633177 0.00638721
internal_weight=613 536 241 295 210 160 97 154 96
internal_count=613 536 241 295 210 160 97 154 96
is_linear=0
shrinkage=0.0390545


Tree=88
num_leaves=10
num_cat=0
split_feature=1 2 1 6 11 11 12 13 13
split_gain=11.5319 15.3861 24.5334 21.4524 13.8099 12.2837 20.4455 11.9555 7.76366
threshold=85.350000000000009 22.250000000000004 75.050000000000011 12.65 4.0785714285714283 2.6428571428571423 3.1857142857142868 1.6641159765735607 2.0808025748054018
decision_type=2 2 2 2 2 2 2 2 2
left_child=1 2 -1 4 8 -2 -7 -5 -4
right_child=5 -3 3 7 -6 6 -8 -9 -10
leaf_value=-0.025700128606923937 0.0030504172247157084 0.023614120685141186 -0.0065559176570785579 0.030506602891844928 -0.019141226117058385 -0.036398672630109846 -0.0034600231643590437 0.0068358036481098649 0.014691797287824437
leaf_weight=48 86 49 54 52 65 47 74 87 51
leaf_count=48 86 49 54 52 65 47 74 87 51
internal_value=-0.00073211 0.00309268 0.000275912 0.00431114 -0.00499363 -0.00823403 -0.0162547 0.0156913 0.00376408
internal_weight=613 406 357 309 170 207 121 139 105
internal_count=613 406 357 309 170 207 121 139 105
is_linear=0
shrinkage=0.0390545


Tree=89
num_leaves=10
num_cat=0
split_feature=11 1 4 11 1 10 6 2 7
split_gain=11.2034 10.5356 19.6808 13.6994 25.2864 15.7378 17.1751 7.72772 6.41842
threshold=4.8857142857142879 84.050000000000011 -0.52765736634565841 2.8000000000000007 76.65000000000002 3.0999999999999983 11.550000000000002 12.750000000000002 6932.0000000000009
decision_type=2 2 2 2 2 2 2 2 2
left_child=1 3 7 -1 -5 -6 -7 -3 -9
right_child=-2 2 -4 4 5 6 -8 8 -10
leaf_value=0.018559427472246339 0.013226458150566146 -0.011629434250356977 -0.023611185404542039 -0.023463939977245558 -0.010673947837488738 -0.0016002183849131385 0.029006042623700688 -0.0038844053776903253 0.016316178155444318
leaf_weight=62 77 58 87 62 59 54 58 47 49
leaf_count=62 77 58 87 62 59 54 58 47 49
internal_value=-0.000703516 -0.00270471 -0.00876261 0.00224416 -0.00209709 0.00564976 0.0142492 -0.000373906 0.00642596
internal_weight=613 536 241 295 233 171 112 154 96
internal_count=613 536 241 295 233 171 112 154 96
is_linear=0
shrinkage=0.0390545


end of trees

feature_importances:
forecast_low=122
lag_low_1d=76
forecast_diurnal_range=69
forecast_high=64
day_sin=59
forecast_evap=57
lag_low_2d=56
forecast_wind=54
roll_low_7d_std=53
forecast_radiation=47
day_cos=45
roll_low_7d_mean=45
roll_low_14d_mean=33
forecast_precip=23

parameters:
[boosting: gbdt]
[objective: regression]
[metric: l2]
[tree_learner: serial]
[device_type: cpu]
[data_sample_strategy: bagging]
[data: ]
[valid: ]
[num_iterations: 90]
[learning_rate: 0.0390545]
[num_leaves: 38]
[num_threads: 2]
[seed: 42]
[deterministic: 0]
[force_col_wise: 0]
[force_row_wise: 0]
[histogram_pool_size: -1]
[max_depth: -1]
[min_data_in_leaf: 47]
[min_sum_hessian_in_leaf: 0.001]
[bagging_fraction: 0.765574]
[pos_bagging_fraction: 1]
[neg_bagging_fraction: 1]
[bagging_freq: 7]
[bagging_seed: 400]
[bagging_by_query: 0]
[feature_fraction: 0.999593]
[feature_fraction_bynode: 1]
[feature_fraction_seed: 30056]
[extra_trees: 0]
[extra_seed: 12879]
[early_stopping_round: 0]
[early_stopping_min_delta: 0]
[first_metric_only: 0]
[max_delta_step: 0]
[lambda_l1: 0.000867385]
[lambda_l2: 3.18942e-05]
[linear_lambda: 0]
[min_gain_to_split: 0]
[drop_rate: 0.1]
[max_drop: 50]
[skip_drop: 0.5]
[xgboost_dart_mode: 0]
[uniform_drop: 0]
[drop_seed: 17869]
[top_rate: 0.2]
[other_rate: 0.1]
[min_data_per_group: 100]
[max_cat_threshold: 32]
[cat_l2: 10]
[cat_smooth: 10]
[max_cat_to_onehot: 4]
[top_k: 20]
[monotone_constraints: ]
[monotone_constraints_method: basic]
[monotone_penalty: 0]
[feature_contri: ]
[forcedsplits_filename: ]
[refit_decay_rate: 0.9]
[cegb_tradeoff: 1]
[cegb_penalty_split: 0]
[cegb_penalty_feature_lazy: ]
[cegb_penalty_feature_coupled: ]
[path_smooth: 0]
[interaction_constraints: ]
[verbosity: -1]
[saved_feature_importance_type: 0]
[use_quantized_grad: 0]
[num_grad_quant_bins: 4]
[quant_train_renew_leaf: 0]
[stochastic_rounding: 1]
[linear_tree: 0]
[max_bin: 255]
[max_bin_by_feature: ]
[min_data_in_bin: 3]
[bin_construct_sample_cnt: 200000]
[data_random_seed: 175]
[is_enable_sparse: 1]
[enable_bundle: 1]
[use_missing: 1]
[zero_as_missing: 0]
[feature_pre_filter: 1]
[pre_partition: 0]
[two_round: 0]
[header: 0]
[label_column: ]
[weight_column: ]
[group_column: ]
[ignore_column: ]
[categorical_feature: ]
[forcedbins_filename: ]
[precise_float_parser: 0]
[parser_config_file: ]
[objective_seed: 16083]
[num_class: 1]
[is_unbalance: 0]
[scale_pos_weight: 1]
[sigmoid: 1]
[boost_from_average: 1]
[reg_sqrt: 0]
[alpha: 0.9]
[fair_c: 1]
[poisson_max_delta_step: 0.7]
[tweedie_variance_power: 1.5]
[lambdarank_truncation_level: 30]
[lambdarank_norm: 1]
[label_gain: ]
[lambdarank_position_bias_regularization: 0]
[eval_at: ]
[multi_error_top_k: 1]
[auc_mu_weights: ]
[num_machines: 1]
[local_listen_port: 12400]
[time_out: 120]
[machine_list_filename: ]
[machines: ]
[gpu_platform_id: -1]
[gpu_device_id: -1]
[gpu_use_dp: 0]
[num_gpu: 1]

end of parameters

pandas_categorical:[]
