tree
version=v4
num_class=1
num_tree_per_iteration=1
label_index=0
max_feature_idx=13
objective=regression
feature_names=forecast_low forecast_high forecast_diurnal_range day_sin day_cos forecast_precip forecast_wind forecast_radiation forecast_evap lag_low_1d lag_low_2d roll_low_7d_mean roll_low_14d_mean roll_low_7d_std
feature_infos=[-7:77.599999999999994] [13.5:100.5] [2.5:39.700000000000003] [-0.99999942202469239:0.99998555065071859] [-0.99997919295908244:0.9999907524084426] [0:4.3710000000000004] [4:25.800000000000001] [255:8659] [0.0080000000000000002:0.31] [-6.3999999999999986:20] [-6.3999999999999986:20] [-1.8285714285714281:16.071428571428573] [-0.83571428571428596:14.135714285714286] [0.71614044911396268:8.2817929965735821]
tree_sizes=1084 1312 1144 1131 1308 1149 1146 1149 1231 1228 1242 1230 1151 1153 1231 1234 1315 1231 1245 1156 1151 1146 1149 1235 1239 1239 1161 1158 1242 1079 1146 1156 1243 1160 1151 1223 1154 1240 1158 1246 1151 1250 1227 1238 1244 1158 1415 1243 1158 1163 1244 1167 1160 1165 1246 1247 1238 1239 1324 1402 1249 1331 1256 1166 1248 1241 1240 1322 1326

Tree=0
num_leaves=12
num_cat=0
split_feature=9 2 3 9 7 1 0 7 12 4 4
split_gain=1136.14 532.671 189.185 115.568 113.329 89.7549 75.9021 70.9845 56.3071 53.76 37.3232
threshold=6.7500000000000009 15.150000000000004 -0.61237985104942771 0.1500000000000021 7340.0000000000009 49.250000000000007 56.100000000000009 2189.5000000000005 2.0250000000000008 -0.048362832084465547 0.34033495509342487
decision_type=2 2 2 2 2 2 2 2 2 2 2
left_child=1 3 6 -1 5 -4 -3 -5 -7 -10 -9
right_child=-2 2 4 7 -6 8 -8 10 9 -11 -12
leaf_value=2.726070444285388 3.4157368565933925 3.1803615642155569 3.0674432009625456 2.8032860016331949 3.0850415070986217 3.0003217424951161 3.0236060748808669 2.8650388101856703 2.934130166498047 2.8107220305076575 2.9785477770974733
leaf_weight=51 43 60 36 58 56 42 38 40 63 46 48
leaf_count=51 43 60 36 58 56 42 38 40 63 46 48
internal_value=2.98646 2.95215 3.01779 2.83854 2.97674 2.9443 3.11958 2.87782 2.91495 2.88205 2.92695
internal_weight=581 538 341 197 243 187 98 146 151 109 88
internal_count=581 538 341 197 243 187 98 146 151 109 88
is_linear=0
shrinkage=1


Tree=1
num_leaves=14
num_cat=0
split_feature=0 2 3 7 9 0 6 9 12 3 4 3 1
split_gain=1013.94 440.721 256.195 141.545 100.053 85.4567 62.7063 49.3514 37.8915 35.5314 28.6794 28.2121 24.3386
threshold=17.650000000000002 15.150000000000004 -0.61237985104942771 7340.0000000000009 1.3499999999999999 57.250000000000007 14.250000000000002 0.40000000000000219 2.1714285714285722 -0.92923668111203817 0.12332734741173622 -0.074117382312902935 71.950000000000017
decision_type=2 2 2 2 2 2 2 2 2 2 2 2 2
left_child=-1 4 5 7 10 9 11 -4 -9 -3 -2 -6 -10
right_child=1 2 3 -5 6 -7 -8 8 12 -11 -12 -13 -14
leaf_value=0.44200997450344576 -0.15360012373475884 0.25393966127202161 -0.14774735532563213 0.097568801133640637 -0.079082653409972101 0.029068610416963687 0.0068264389266161213 0.030579900455466144 -0.021315643290247169 0.1350942716935925 -0.25961106060185057 -0.18321764043822411 -0.10873077760445801
leaf_weight=37 37 36 37 58 43 36 40 45 47 40 40 36 49
leaf_count=37 37 36 37 58 43 36 40 45 47 40 40 36 49
internal_value=0.00239974 -0.0275002 0.0311232 -0.0201746 -0.131587 0.139215 -0.0817087 -0.0585405 -0.0351315 0.191389 -0.208671 -0.126537 -0.0659338
internal_weight=581 544 348 236 196 112 119 178 141 76 77 79 96
internal_count=581 544 348 236 196 112 119 178 141 76 77 79 96
is_linear=0
shrinkage=0.0867861


Tree=2
num_leaves=12
num_cat=0
split_feature=9 2 3 9 7 0 2 5 9 6 7
split_gain=864.737 374.325 132.846 85.5728 80.1398 71.4555 68.3642 53.2374 43.7858 36.2355 21.5805
threshold=6.7500000000000009 15.150000000000004 -0.61237985104942771 0.1500000000000021 7340.0000000000009 51.550000000000004 22.650000000000006 0.022000000000000002 1.7999999999999992 11.750000000000002 3430.0000000000005
decision_type=2 2 2 2 2 2 2 2 2 2 2
left_child=1 3 6 -1 5 8 -3 9 -4 -5 -10
right_child=-2 2 4 7 -6 -7 -8 -9 10 -11 -12
leaf_value=-0.21976098511264422 0.37669936676741156 0.053645689877169979 -0.059947364940386362 -0.10442711791098055 0.08395595421023154 -0.11439954735935907 0.20173350413615854 -0.14932920625646823 -0.0046406406888593555 0.010466932735057466 0.08731854903387419
leaf_weight=51 43 59 52 39 56 58 39 63 37 44 40
leaf_count=51 43 59 52 39 56 58 39 63 37 44 40
internal_value=0.00219148 -0.0277413 0.0272811 -0.122983 -0.00711879 -0.0343925 0.112579 -0.0891771 0.00157964 -0.0435194 0.0431304
internal_weight=581 538 341 197 243 187 98 146 129 83 77
internal_count=581 538 341 197 243 187 98 146 129 83 77
is_linear=0
shrinkage=0.0867861


Tree=3
num_leaves=12
num_cat=0
split_feature=0 2 3 7 9 6 3 2 9 7 11
split_gain=799.961 303.685 184.228 89.1368 75.3945 63.6614 46.1265 42.7301 35.2575 31.8381 25.6798
threshold=17.650000000000002 16.950000000000006 -0.61237985104942771 7279.0000000000009 1.3499999999999999 14.15 -0.074117382312902935 22.650000000000006 1.7999999999999992 4741.0000000000009 2.0571428571428569
decision_type=2 2 2 2 2 2 2 2 2 2 2
left_child=-1 4 7 8 10 6 -6 -3 -4 -10 -2
right_child=1 2 3 -5 5 -7 -8 -9 9 -11 -12
leaf_value=0.39247785132078067 -0.1959191446519104 0.077295218452343745 -0.10210927056423863 0.080831837985750665 -0.044383069323619746 0.025478178286644892 -0.15919657021928593 0.19255268305818443 -0.07585515207121192 0.031638759381780297 -0.10506480117830179
leaf_weight=37 53 50 57 55 60 48 47 47 36 49 42
leaf_count=37 53 50 57 55 60 48 47 47 36 49 42
internal_value=0.00200129 -0.0245569 0.0352373 -0.0129694 -0.0948748 -0.057563 -0.0948152 0.133142 -0.0493008 -0.0138881 -0.155752
internal_weight=581 544 294 197 250 155 107 97 142 85 95
internal_count=581 544 294 197 250 155 107 97 142 85 95
is_linear=0
shrinkage=0.0867861


Tree=4
num_leaves=14
num_cat=0
split_feature=9 2 9 2 3 6 5 0 8 11 0 2 0
split_gain=487.596 304.422 137.592 67.083 58.356 45.3284 37.2946 37.1249 45.3373 35.9144 35.0454 22.4852 4.19028
threshold=6.7500000000000009 15.850000000000003 1.6000000000000008 7.1000000000000059 -0.21022463061426777 8.4500000000000011 1.0000000180025095e-35 50.650000000000013 0.05050000000000001 2.5071428571428576 61.95000000000001 23.050000000000004 49.650000000000013
decision_type=2 2 2 2 2 2 2 2 2 2 2 2 2
left_child=1 3 6 -1 10 -5 -3 8 -7 -6 12 -11 -4
right_child=-2 2 4 5 9 7 -8 -9 -10 11 -12 -13 -14
leaf_value=-0.20610636504178226 0.2993913264305012 -0.012370737051158532 0.17016106255696106 -0.16643127765015323 0.08873127763346067 -0.077748706396333689 -0.12225085609031576 -0.11909477370351342 0.042821519143225621 -0.059551525321336264 0.044352237427290185 0.034990309292110874 0.12828762126095911
leaf_weight=38 38 60 36 36 44 55 38 49 41 36 36 40 36
leaf_count=38 38 60 36 36 44 55 38 49 41 36 36 40 36
internal_value=-0.00118327 -0.0221408 0.0310214 -0.101277 0.0679858 -0.0792689 -0.0549773 -0.0576286 -0.0262552 0.0263328 0.114267 -0.00979265 0.149224
internal_weight=583 545 326 219 228 181 98 145 96 120 108 76 72
internal_count=583 545 326 219 228 181 98 145 96 120 108 76 72
is_linear=0
shrinkage=0.0867861


Tree=5
num_leaves=12
num_cat=0
split_feature=0 2 3 4 11 1 2 6 2 0 8
split_gain=439.381 253.947 143.634 100.482 71.1467 65.2671 51.9081 36.0783 28.7392 18.6214 53.9469
threshold=18.700000000000003 17.850000000000005 -0.32614396506100213 0.27487873330147777 3.9642857142857149 77.250000000000014 8.8499999999999996 8.5500000000000025 22.650000000000006 57.650000000000013 0.055500000000000008
decision_type=2 2 2 2 2 2 2 2 2 2 2
left_child=-1 4 8 5 6 -4 -2 -8 -3 10 -9
right_child=1 2 3 -5 -6 -7 7 9 -10 -11 -12
leaf_value=0.292602535085074 -0.17475526592267029 0.066904330339266835 0.099660797144910981 -0.13443080903239252 0.010337771170702141 -0.033134036550548272 -0.14772611002343258 -0.090546943568695484 0.15261332437310948 -0.10053920879445599 0.049993404334197626
leaf_weight=36 54 57 50 40 54 63 41 48 61 43 36
leaf_count=36 54 57 50 40 54 63 41 48 61 43 36
internal_value=-0.00108058 -0.0204089 0.0392669 -0.0162199 -0.0790036 0.0256247 -0.100735 -0.0769432 0.111212 -0.0540919 -0.0303154
internal_weight=583 547 271 153 276 113 222 168 118 127 84
internal_count=583 547 271 153 276 113 222 168 118 127 84
is_linear=0
shrinkage=0.0867861


Tree=6
num_leaves=12
num_cat=0
split_feature=9 2 9 2 6 3 11 13 0 8 2
split_gain=375.238 176.203 84.0376 52.2714 35.6219 34.8486 38.2801 30.8347 30.2117 30.1468 22.393
threshold=6.049999999999998 15.850000000000003 1.6000000000000008 7.1000000000000059 8.4500000000000011 -0.21022463061426777 2.5071428571428576 2.2265168874960879 50.650000000000013 0.053500000000000006 22.650000000000006
decision_type=2 2 2 2 2 2 2 2 2 2 2
left_child=1 3 7 -1 -5 10 -7 -3 9 -6 -4
right_child=-2 2 5 4 8 6 -8 -9 -10 -11 -12
leaf_value=-0.17870579494224786 0.20268897110059289 0.011191772281417878 0.047562939515644817 -0.14255336623613776 -0.056763956394174669 0.079477167946798405 -0.024114482667634791 -0.088262714062775416 -0.10121742288581791 0.043835597196370375 0.13195031875384686
leaf_weight=37 61 39 50 36 57 44 69 59 49 37 45
leaf_count=37 61 39 50 36 57 44 69 59 49 37 45
internal_value=-0.000986799 -0.024788 0.0175751 -0.0848024 -0.0653922 0.0487933 0.0162221 -0.0486839 -0.045967 -0.0171662 0.0875359
internal_weight=583 522 306 216 179 208 113 98 143 94 95
internal_count=583 522 306 216 179 208 113 98 143 94 95
is_linear=0
shrinkage=0.0867861


Tree=7
num_leaves=12
num_cat=0
split_feature=0 8 2 0 0 3 5 3 13 1 2
split_gain=352.488 178.09 125.956 139.867 71.7591 67.3043 63.1254 50.5195 41.6373 23.8277 8.7412
threshold=18.700000000000003 0.055500000000000008 22.250000000000007 56.250000000000007 32.250000000000007 0.79383249484937135 1.0000000180025095e-35 -0.42180583328916638 2.5545008970582805 61.350000000000001 26.450000000000006
decision_type=2 2 2 2 2 2 2 2 2 2 2
left_child=-1 7 3 4 -3 10 -5 -2 -9 -6 -4
right_child=1 2 5 6 9 -7 -8 8 -10 -11 -12
leaf_value=0.26214402991710878 -0.0084817838624603095 -0.057687282999568837 0.097200040303959345 -0.030756418312392793 0.1372091628851243 -0.0051051760784189245 -0.15288778724282553 -0.079730097955854479 -0.18379643714405985 0.04187630284327 0.15039646031400239
leaf_weight=36 37 36 60 68 40 51 60 67 51 39 38
leaf_count=36 37 36 60 68 40 51 60 67 51 39 38
internal_value=-0.000901158 -0.0182131 0.0129255 -0.0255963 0.0438678 0.0757497 -0.0880055 -0.0969636 -0.124708 0.0901461 0.117827
internal_weight=583 547 392 243 115 149 128 155 118 79 98
internal_count=583 547 392 243 115 149 128 155 118 79 98
is_linear=0
shrinkage=0.0867861


Tree=8
num_leaves=13
num_cat=0
split_feature=12 9 9 7 2 0 2 7 2 8 12 6
split_gain=291.271 167.338 112.914 65.0008 45.1804 41.1728 30.1208 21.1572 18.3053 16.7119 16.3555 27.234
threshold=3.6821428571428565 5.400000000000003 2.6500000000000008 2722.5000000000005 15.900000000000006 65.250000000000014 15.150000000000004 3592.5000000000005 21.150000000000009 0.040500000000000008 2.9071428571428579 12.050000000000002
decision_type=2 2 2 2 2 2 2 2 2 2 2 2
left_child=2 4 6 -4 -2 10 9 -8 -9 -1 11 -5
right_child=1 -3 3 5 -6 -7 7 8 -10 -11 -12 -13
leaf_value=-0.15586090120717019 -0.040159862538808565 0.23883493100958547 -0.086156733204450012 0.033108028855183907 0.086317680838037508 -0.052534040440407617 0.00088251371993978641 -0.12073824980515664 -0.036101376238480157 -0.087707679811532616 0.0079569178227681461 0.13169722248629154
leaf_weight=47 36 46 47 51 52 36 37 39 38 64 42 36
leaf_count=47 36 46 47 51 52 36 37 39 38 64 42 36
internal_value=-0.00724057 0.104695 -0.0415642 0.00388306 0.0345769 0.0295308 -0.0843856 -0.0530526 -0.0789694 -0.116565 0.0524326 0.0739036
internal_weight=571 134 437 212 88 165 225 114 77 111 129 87
internal_count=571 134 437 212 88 165 225 114 77 111 129 87
is_linear=0
shrinkage=0.0867861


Tree=9
num_leaves=13
num_cat=0
split_feature=12 9 9 7 0 2 0 0 6 3 6 13
split_gain=243.585 155.815 103.916 54.082 50.1085 32.0477 25.2691 55.7323 53.1011 44.3652 20.927 17.0517
threshold=3.7464285714285719 5.400000000000003 2.6500000000000008 3640.0000000000005 60.650000000000013 16.250000000000004 32.250000000000007 42.350000000000001 13.450000000000001 -0.15101209918632377 12.050000000000002 2.2528288202004307
decision_type=2 2 2 2 2 2 2 2 2 2 2 2
left_child=2 5 6 11 10 -2 8 -8 -1 -9 -5 -4
right_child=1 -3 3 4 -6 -7 7 9 -10 -11 -12 -13
leaf_value=-0.18770738927563183 -0.031302610873735454 0.23372969355308848 -0.011412288648281702 0.041280881609383813 -0.033973529186537725 0.077019363316245565 0.035215380941870489 -0.016799984754278699 -0.043457103300963147 -0.12932704226101546 0.12509740824362819 -0.094762653371892158
leaf_weight=40 36 43 36 57 49 48 37 42 37 71 37 38
leaf_count=40 36 43 36 57 49 48 37 42 37 71 37 38
internal_value=-0.00661219 0.0993733 -0.0369279 0.00601422 0.0371812 0.0305956 -0.0779782 -0.0572323 -0.118392 -0.0875028 0.0742725 -0.0542138
internal_weight=571 127 444 217 143 84 227 150 77 113 94 74
internal_count=571 127 444 217 143 84 227 150 77 113 94 74
is_linear=0
shrinkage=0.0867861


Tree=10
num_leaves=13
num_cat=0
split_feature=12 5 9 13 7 0 2 13 8 10 11 3
split_gain=203.305 137.583 77.8512 56.0326 47.9399 29.7703 24.3228 17.5485 13.1249 12.7331 14.1449 10.3734
threshold=3.6821428571428565 1.0000000180025095e-35 2.6500000000000008 2.3820758918297775 2722.5000000000005 65.250000000000014 15.150000000000004 2.5822194017374094 0.040500000000000008 2.1500000000000008 3.1357142857142857 0.51297097409535064
decision_type=2 2 2 2 2 2 2 2 2 2 2 2
left_child=2 3 6 -2 -4 9 8 11 -1 -6 -11 -8
right_child=1 -3 4 -5 5 -7 7 -9 -10 10 -12 -13
leaf_value=-0.13401204873065178 0.090773315136848096 -0.057611727667532545 -0.074303134327894788 0.2268979406676751 0.085193899694890426 -0.044733296838003513 -0.031723465641870077 0.0070058811669317135 -0.073614130305157538 -0.010356313380398689 0.058949685079697715 -0.095566430812043801
leaf_weight=47 62 36 47 36 40 36 36 37 64 42 47 41
leaf_count=47 62 36 47 36 40 36 36 37 64 42 47 41
internal_value=-0.00603834 0.0874795 -0.0347143 0.140778 0.00302254 0.0250486 -0.0702708 -0.0421145 -0.099188 0.0445227 0.0262435 -0.0657178
internal_weight=571 134 437 98 212 165 225 114 111 129 89 77
internal_count=571 134 437 98 212 165 225 114 111 129 89 77
is_linear=0
shrinkage=0.0867861


Tree=11
num_leaves=13
num_cat=0
split_feature=0 9 8 0 4 0 3 12 12 5 6 8
split_gain=175.855 96.9739 54.1888 48.207 37.8029 37.6 39.3897 27.9264 26.4741 23.542 25.6213 25.804
threshold=20.100000000000005 1.3499999999999999 0.088500000000000009 67.65000000000002 -0.75013812021657655 41.650000000000013 -0.34235669412071196 3.6821428571428565 2.5535714285714284 0.08950000000000001 12.550000000000002 0.090500000000000011
decision_type=2 2 2 2 2 2 2 2 2 2 2 2
left_child=-1 9 5 4 -4 6 -3 8 -6 10 11 -2
right_child=1 2 3 -5 7 -7 -8 -9 -10 -11 -12 -13
leaf_value=0.17745552484544369 -0.13404453023850013 0.06084870819606835 0.13109992729508482 -0.046309006800491603 0.050851704996102844 -0.1122443298550985 -0.053752286332357083 0.085473126578078776 -0.037150322795234635 -0.12393710766754021 0.008608766955200348 -0.03497010201444619
leaf_weight=37 36 37 36 48 51 37 58 50 52 49 36 44
leaf_count=37 36 37 36 48 51 37 58 50 52 49 36 44
internal_value=-0.0055143 -0.018192 0.00653867 0.0313588 0.051084 -0.0380248 -0.0091182 0.0322567 0.00642349 -0.0734987 -0.0521929 -0.0795536
internal_weight=571 534 369 237 189 132 95 153 103 165 116 80
internal_count=571 534 369 237 189 132 95 153 103 165 116 80
is_linear=0
shrinkage=0.0867861


Tree=12
num_leaves=12
num_cat=0
split_feature=0 0 2 0 5 3 6 10 9 3 2
split_gain=197.19 91.9395 101.051 69.8443 39.7987 40.6611 29.1881 28.2275 23.0267 20.8405 18.989
threshold=23.800000000000004 31.750000000000004 8.5500000000000007 65.450000000000017 1.0000000180025095e-35 0.83376496542330847 8.1500000000000004 3.9000000000000026 2.7999999999999994 -0.69057362043749781 16.850000000000001
decision_type=2 2 2 2 2 2 2 2 2 2 2
left_child=-1 8 -3 4 5 6 -4 -5 -2 -8 -6
right_child=1 2 3 7 10 -7 9 -9 -10 -11 -12
leaf_value=0.15864121794514288 -0.14514480969552609 -0.14974751375731862 -0.0022251133552650439 -0.024390924534016041 -0.061881533614256475 -0.023036313163279074 0.054221844916570047 -0.12699468059815647 -0.056557796808041148 0.1271613376146695 0.011396055625622651
leaf_weight=47 51 36 38 46 50 54 70 36 39 51 57
leaf_count=47 51 36 38 46 50 54 70 36 39 51 57
internal_value=-0.0117026 -0.0268657 -0.0104497 0.00202474 0.0203367 0.0420293 0.0641271 -0.0694365 -0.106757 0.084965 -0.0228458
internal_weight=575 528 438 402 320 213 159 82 90 121 107
internal_count=575 528 438 402 320 213 159 82 90 121 107
is_linear=0
shrinkage=0.0867861


Tree=13
num_leaves=12
num_cat=0
split_feature=11 2 0 7 9 11 3 6 0 0 12
split_gain=186.183 69.9696 38.3083 36.5576 33.6016 29.5219 22.7904 42.8464 21.8179 9.54968 13.723
threshold=5.3428571428571425 13.450000000000005 65.800000000000026 7421.5000000000009 0.3499999999999997 2.042857142857144 0.54219432480460406 14.050000000000002 41.650000000000013 32.95000000000001 3.7678571428571437
decision_type=2 2 2 2 2 2 2 2 2 2 2
left_child=1 4 3 6 -1 -6 9 8 -8 -3 -11
right_child=-2 2 -4 -5 5 -7 7 -9 -10 10 -12
leaf_value=-0.13078549081911806 0.15879264763714993 -0.014849153586582453 -0.066861728334605713 0.089339476019995659 0.01171958423806752 -0.08031631368072624 -0.025682383462786815 0.033082192720298713 -0.1205822642618925 0.060355423178569706 -0.0030176686599725118
leaf_weight=51 45 42 61 37 42 70 37 48 36 62 44
leaf_count=51 45 42 61 37 42 70 37 48 36 62 44
internal_value=-0.0106869 -0.0250767 -0.00406179 0.00845715 -0.0723925 -0.0458028 -0.00266792 -0.0306055 -0.0724823 0.0201729 0.0340496
internal_weight=575 530 367 306 163 112 269 121 73 148 106
internal_count=575 530 367 306 163 112 269 121 73 148 106
is_linear=0
shrinkage=0.0867861


Tree=14
num_leaves=13
num_cat=0
split_feature=0 0 2 5 13 1 1 3 2 9 7 9
split_gain=159.335 73.8338 76.4671 53.7315 33.0532 34.0807 26.4953 41.4175 41.8014 36.938 21.9001 10.2794
threshold=23.800000000000004 31.750000000000004 8.5500000000000007 1.0000000180025095e-35 1.8753411517622458 71.65000000000002 58.650000000000013 0.83376496542330847 26.450000000000006 4.400000000000003 2837.0000000000005 2.6500000000000008
decision_type=2 2 2 2 2 2 2 2 2 2 2 2
left_child=-1 10 -3 6 -5 -6 -4 8 9 11 -2 -8
right_child=1 2 3 4 5 -7 7 -9 -10 -11 -12 -13
leaf_value=0.14336354613790606 -0.05921401427770933 -0.12985337936758107 0.084356701467320369 0.027690694087617162 -0.017152956208542992 -0.11515012414976764 0.014871718307621299 -0.071814497318550802 0.11369669848781881 -0.049814647485077183 -0.1462213336702452 0.075659542860886803
leaf_weight=47 53 36 48 40 55 52 44 36 36 51 37 40
leaf_count=47 53 36 48 40 55 52 44 36 36 51 37 40
internal_value=-0.00975946 -0.0233897 -0.00867863 0.00217284 -0.0396163 -0.0647778 0.026263 0.012792 0.0306039 0.00844586 -0.0949837 0.0438183
internal_weight=575 528 438 402 147 107 255 207 171 135 90 84
internal_count=575 528 438 402 147 107 255 207 171 135 90 84
is_linear=0
shrinkage=0.0867861


Tree=15
num_leaves=13
num_cat=0
split_feature=11 2 9 6 11 3 4 8 3 8 2 1
split_gain=147.464 53.501 43.5648 36.3672 28.5043 35.8156 36.6832 27.1873 17.8563 13.3689 13.3524 12.1676
threshold=5.3428571428571425 25.050000000000004 0.1500000000000021 14.050000000000002 2.3142857142857141 -0.34235669412071196 -0.091258822863740582 0.17850000000000002 0.22700754078277599 0.098500000000000018 17.500000000000007 50.250000000000007
decision_type=2 2 2 2 2 2 2 2 2 2 2 2
left_child=1 2 8 4 9 6 -6 -3 -1 -4 -7 -5
right_child=-2 7 3 11 5 10 -8 -9 -10 -11 -12 -13
leaf_value=-0.13442936631035099 0.14191851685135942 -0.0078627838045289417 -0.028443766055704537 -0.01063032281220018 -0.073610622260673789 -0.13574442969121581 0.036759060297620529 0.089729120250375369 -0.055233668339255047 0.036963130440481329 -0.063311963437501534 0.052985481984348937
leaf_weight=37 45 43 52 39 48 41 43 43 51 43 36 54
leaf_count=37 45 43 52 39 48 41 43 43 51 43 36 54
internal_value=-0.00891247 -0.0217189 -0.0338542 -0.0203383 -0.036833 -0.058318 -0.0214579 0.0409332 -0.0885319 0.00116145 -0.10188 0.0263079
internal_weight=575 530 444 356 263 168 91 86 88 95 77 93
internal_count=575 530 444 356 263 168 91 86 88 95 77 93
is_linear=0
shrinkage=0.0867861


Tree=16
num_leaves=14
num_cat=0
split_feature=0 5 2 12 0 0 2 0 4 6 1 1 1
split_gain=197.1 51.8301 52.6634 37.3696 29.2451 50.912 26.0554 33.0195 28.9991 24.3343 18.2328 18.4093 3.73978
threshold=17.650000000000002 0.55200000000000016 14.750000000000002 1.9821428571428574 32.650000000000013 40.300000000000004 18.050000000000001 62.45000000000001 -0.15950993297387567 15.750000000000002 42.850000000000001 58.400000000000006 80.950000000000017
decision_type=2 2 2 2 2 2 2 2 2 2 2 2 2
left_child=-1 2 9 -4 -5 -6 -7 8 12 10 -2 -12 -8
right_child=1 -3 3 4 5 6 7 -9 -10 -11 11 -13 -14
leaf_value=0.20532491627244503 -0.10479318017283343 -0.10068499562505601 0.081091720511980575 -0.062672712983450382 0.094643833398748226 -0.05752814258207177 0.09143148108247047 -0.050554354627826328 -0.019275029858841268 0.024482950778175548 0.011097480111451676 -0.070530171534407105 0.052397109125548964
leaf_weight=36 40 39 65 38 53 47 38 41 40 36 38 46 36
leaf_count=36 40 39 65 38 53 47 38 41 40 36 38 46 36
internal_value=0.00851706 -0.00420301 0.00306107 0.0215605 0.00835392 0.0189383 -0.00092505 0.0162385 0.0402605 -0.0383314 -0.0565678 -0.0336034 0.0724418
internal_weight=593 557 518 358 293 255 202 155 114 160 124 84 74
internal_count=593 557 518 358 293 255 202 155 114 160 124 84 74
is_linear=0
shrinkage=0.0867861


Tree=17
num_leaves=13
num_cat=0
split_feature=1 2 5 0 0 0 5 6 7 11 4 3
split_gain=173.72 56.716 37.2187 44.7994 59.4495 57.2287 46.4841 42.1707 29.7579 24.5761 23.4347 11.5894
threshold=33.20000000000001 8.5500000000000007 0.50050000000000006 31.100000000000005 26.800000000000001 51.550000000000004 1.0000000180025095e-35 13.850000000000003 7513.5000000000009 2.8357142857142876 0.37247810748448967 0.94425825643485939
decision_type=2 2 2 2 2 2 2 2 2 2 2 2
left_child=-1 -2 3 4 -3 7 8 10 9 -7 11 -5
right_child=1 2 -4 5 -6 6 -8 -9 -10 -11 -12 -13
leaf_value=0.18243248624014391 -0.10180053518737425 0.029400847633725618 -0.081964975374756777 0.095309558430006089 -0.12432601212501246 0.041346722721661101 -0.079727102718439455 0.11197498122708456 0.081164930355454926 -0.043758211451887456 -0.01168996716424908 0.026144009417435658
leaf_weight=40 42 36 36 36 40 43 55 64 37 63 64 37
leaf_count=40 42 36 36 36 40 43 55 64 37 63 64 37
internal_value=0.0077779 -0.00485534 0.00311276 0.00956076 -0.051508 0.0211929 -0.011923 0.0538145 0.0141556 -0.0092345 0.0266446 0.0602531
internal_weight=593 553 511 475 76 399 198 201 143 106 137 73
internal_count=593 553 511 475 76 399 198 201 143 106 137 73
is_linear=0
shrinkage=0.0867861


Tree=18
num_leaves=13
num_cat=0
split_feature=1 2 5 0 0 0 7 4 3 7 5 3
split_gain=144.875 47.2989 31.3122 38.438 49.5785 48.5902 38.5413 34.0053 21.2645 17.3301 20.1171 13.3432
threshold=33.20000000000001 8.5500000000000007 0.42000000000000004 31.100000000000005 26.800000000000001 42.650000000000013 6967.0000000000009 0.18281312110578127 0.83376496542330847 5855.0000000000009 1.0000000180025095e-35 1.0000000180025095e-35
decision_type=2 2 2 2 2 2 2 2 2 2 2 2
left_child=-1 -2 3 4 -3 7 8 -5 9 10 -7 -9
right_child=1 2 -4 5 -6 6 -8 11 -10 -11 -12 -13
leaf_value=0.16659987773308477 -0.092965664096459788 0.026849263020682045 -0.067146143106019684 0.13034348038112045 -0.11353624574935196 0.038780791215996445 0.052965348223372774 0.063475671255229946 -0.081914712666644879 -0.058663141570641161 -0.038401061111936273 -0.000246866995637498
leaf_weight=40 42 36 44 39 40 67 69 55 37 38 41 45
leaf_count=40 42 36 44 39 40 67 69 55 37 38 41 45
internal_value=0.00710289 -0.00443397 0.00284261 0.00943684 -0.0470378 0.020414 -0.0023078 0.0616076 -0.0231485 -0.00825569 0.00948026 0.0348005
internal_weight=593 553 511 467 76 391 252 139 183 146 108 100
internal_count=593 553 511 467 76 391 252 139 183 146 108 100
is_linear=0
shrinkage=0.0867861


Tree=19
num_leaves=12
num_cat=0
split_feature=0 5 2 0 0 6 7 2 7 3 13
split_gain=126.351 30.8993 36.8288 30.3373 44.6157 34.4514 33.6132 25.8312 24.4048 13.7655 10.9649
threshold=17.650000000000002 0.55200000000000016 10.550000000000002 31.100000000000005 51.550000000000004 13.550000000000002 7608.5000000000009 22.250000000000007 5855.0000000000009 -0.42180583328916638 2.3856714949431543
decision_type=2 2 2 2 2 2 2 2 2 2 2
left_child=-1 2 10 -4 5 9 7 8 -6 -5 -2
right_child=1 -3 3 4 6 -7 -8 -9 -10 -11 -12
leaf_value=0.16406185219380764 -0.023055615544902618 -0.078193404567587152 -0.045064629402104747 0.056801069874888366 -0.019710214141203861 0.099572114129502801 0.064033885898558268 0.019468231928684264 -0.10991616145570793 -0.0026593143254198316 -0.087975977425734167
leaf_weight=36 43 39 61 51 58 69 38 56 37 69 36
leaf_count=36 43 39 61 51 58 69 38 56 37 69 36
internal_value=0.00648646 -0.00369795 0.00191078 0.0117274 0.0208922 0.0507081 -0.00892371 -0.0272839 -0.0548431 0.0226113 -0.0526396
internal_weight=593 557 518 439 378 189 189 151 95 120 79
internal_count=593 557 518 439 378 189 189 151 95 120 79
is_linear=0
shrinkage=0.0867861


Tree=20
num_leaves=12
num_cat=0
split_feature=9 0 5 0 3 3 5 0 11 3 4
split_gain=123.168 47.5656 46.6096 28.3904 27.3075 32.5935 27.189 16.5592 9.91729 8.5121 7.14262
threshold=7.150000000000003 31.550000000000004 0.08950000000000001 29.350000000000005 0.95242846126021108 0.63920241694561786 0.30600000000000005 66.15000000000002 2.3285714285714287 -0.70291267844185523 -0.12545862287572043
decision_type=2 2 2 2 2 2 2 2 2 2 2
left_child=1 3 4 8 5 7 -4 9 -1 10 -3
right_child=-2 2 6 -5 -6 -7 -8 -9 -10 -11 -12
leaf_value=-0.046685869437341029 0.16750832388244261 0.0067201844596242698 -0.093781526748589361 -0.10917517449387439 0.1027949131576314 -0.028830852563763686 -0.0016306509115050184 -0.0036975809762691565 0.015737716257477125 0.075528659268433759 0.056022812402598758
leaf_weight=41 36 38 38 38 36 70 66 51 36 71 53
leaf_count=41 36 38 38 38 36 70 66 51 36 71 53
internal_value=0.0120971 0.00169786 0.0151529 -0.0477932 0.0316019 0.0225455 -0.0353012 0.0394297 -0.0175008 0.0530069 0.0354349
internal_weight=574 538 423 115 319 283 104 213 77 162 91
internal_count=574 538 423 115 319 283 104 213 77 162 91
is_linear=0
shrinkage=0.0867861


Tree=21
num_leaves=12
num_cat=0
split_feature=10 7 9 11 7 2 9 13 12 4 6
split_gain=103.19 53.5335 29.8064 29.5461 34.1407 33.6727 28.3149 25.9074 24.4191 19.552 21.8248
threshold=6.7500000000000009 2965.0000000000005 1.0000000180025095e-35 1.2142857142857151 3517.5000000000005 27.150000000000006 1.9500000000000031 2.3274242882238858 2.1035714285714291 -0.82413948779581736 12.15
decision_type=2 2 2 2 2 2 2 2 2 2 2
left_child=1 2 -1 -3 -5 8 -4 -8 -6 -10 -11
right_child=-2 3 6 4 5 -7 7 -9 9 10 -12
leaf_value=-0.092024635560057563 0.15123143715735574 -0.043616038163355131 0.036414530110826029 0.10715239753656086 0.060420038223940299 0.092761542584904488 -0.0040763062999413834 -0.093905520967740685 0.033022091475843958 0.0010922031772741905 -0.078853075381759133
leaf_weight=50 37 44 53 40 49 41 57 42 54 64 43
leaf_count=50 37 44 53 40 49 41 57 42 54 64 43
internal_value=0.0110473 0.00138839 -0.0338992 0.0226663 0.0326884 0.0208216 -0.014779 -0.0421857 0.00677617 -0.00955023 -0.0310353
internal_weight=574 537 202 335 291 251 152 99 210 161 107
internal_count=574 537 202 335 291 251 152 99 210 161 107
is_linear=0
shrinkage=0.0867861


Tree=22
num_leaves=12
num_cat=0
split_feature=9 0 5 1 3 0 0 4 0 3 0
split_gain=96.2433 36.1072 36.2434 33.5949 27.231 22.8426 22.3731 16.2264 10.4269 22.3816 7.82423
threshold=7.150000000000003 31.550000000000004 0.022000000000000002 56.95000000000001 0.62587949062545845 51.900000000000006 29.350000000000005 0.46611290379786346 66.15000000000002 -0.79384350655589164 24.300000000000001
decision_type=2 2 2 2 2 2 2 2 2 2 2
left_child=1 6 3 -3 8 7 10 -4 9 -5 -1
right_child=-2 2 5 4 -6 -7 -8 -9 -10 -11 -12
leaf_value=-0.044856116782671221 0.14746717556723313 0.097148438052906544 0.049935435661040757 0.018555606696994856 -0.029723763820625838 -0.057585141302501058 -0.096714070906154984 -0.030294236655799868 0.00035284072314920175 0.095498278990163193 0.010590258008021694
leaf_weight=36 36 48 39 70 66 71 38 37 44 48 41
leaf_count=36 36 48 39 70 66 71 38 37 44 48 41
internal_value=0.0100885 0.000895887 0.0126188 0.0311583 0.0172656 -0.0221901 -0.042224 0.0108762 0.0364095 0.0498543 -0.0153327
internal_weight=574 538 423 276 228 147 115 76 162 118 77
internal_count=574 538 423 276 228 147 115 76 162 118 77
is_linear=0
shrinkage=0.0867861


Tree=23
num_leaves=13
num_cat=0
split_feature=11 4 7 11 7 6 1 7 3 2 1 6
split_gain=87.8208 37.0566 25.0387 21.4492 29.7602 29.2161 19.7709 19.0041 20.0995 17.1058 12.8663 20.0939
threshold=5.3857142857142852 0.89309379682046119 2278.0000000000005 3.0214285714285718 2965.0000000000005 14.050000000000002 60.20000000000001 4064.0000000000005 0.65233619298682533 20.350000000000001 67.65000000000002 10.750000000000002
decision_type=2 2 2 2 2 2 2 2 2 2 2 2
left_child=1 3 -3 4 6 10 -1 -6 9 -9 -5 -12
right_child=-2 2 -4 5 7 -7 -8 8 -10 -11 11 -13
leaf_value=-0.0088713607024097866 0.13002883536326934 -0.0091109398723774934 -0.10411838060735319 0.047112525679587292 0.068081329688625819 0.085415393045587151 -0.099826516132733495 -0.016474388204032558 -0.044236780779413828 0.059664058484658569 0.026024170075523823 -0.054817055215773958
leaf_weight=36 42 45 39 48 36 54 36 43 54 46 55 40
leaf_count=36 42 45 39 48 36 54 36 43 54 46 55 40
internal_value=0.00921297 -0.000325122 -0.0532216 0.00959296 -0.00723042 0.0310278 -0.054349 0.0117223 -0.002466 0.0228781 0.0104898 -0.00801423
internal_weight=574 532 84 448 251 197 72 179 143 89 143 95
internal_count=574 532 84 448 251 197 72 179 143 89 143 95
is_linear=0
shrinkage=0.0867861


Tree=24
num_leaves=13
num_cat=0
split_feature=0 4 13 13 11 4 2 1 3 7 10 6
split_gain=115.366 35.6819 22.9228 21.0175 23.259 19.6808 16.8805 30.7051 15.489 14.278 7.38876 3.69764
threshold=21.850000000000005 0.93469109537144635 3.298837501205 2.7613833648741477 2.1142857142857157 0.37247810748448967 22.650000000000006 70.950000000000017 -0.33425342068356551 5481.5000000000009 3.9500000000000033 11.250000000000002
decision_type=2 2 2 2 2 2 2 2 2 2 2 2
left_child=-1 2 3 4 5 -2 7 10 -9 -8 -6 -5
right_child=1 -3 -4 11 6 -7 9 8 -10 -11 -12 -13
leaf_value=0.1436885488580763 -0.0097642468475158273 -0.086687939047160378 -0.052441014322021522 0.025987009030583222 0.055531166057568755 -0.08726438373494548 -0.00010722766476012551 -0.012889979433084897 -0.086958824043947072 0.067926122729772331 0.0040379828042638186 0.065321831276397443
leaf_weight=39 62 43 65 36 41 41 42 50 37 52 43 36
leaf_count=39 62 43 65 36 41 41 42 50 37 52 43 36
internal_value=-0.000532211 -0.0107961 -0.00433402 0.00277269 -0.00561721 -0.0406138 0.00798524 -0.00825476 -0.0443905 0.0375282 0.0291716 0.0456544
internal_weight=587 548 505 440 368 103 265 171 87 94 84 72
internal_count=587 548 505 440 368 103 265 171 87 94 84 72
is_linear=0
shrinkage=0.0867861


Tree=25
num_leaves=13
num_cat=0
split_feature=0 8 1 5 9 1 2 0 11 7 13 0
split_gain=96.2105 31.2077 22.2635 23.0281 18.2361 15.6376 15.0591 29.707 37.2877 17.3763 8.21716 7.83427
threshold=21.850000000000005 0.093500000000000014 52.100000000000009 1.0000000180025095e-35 0.3499999999999997 42.650000000000013 22.250000000000007 56.250000000000007 2.3571428571428581 5481.5000000000009 2.1183998169325746 56.850000000000001
decision_type=2 2 2 2 2 2 2 2 2 2 2 2
left_child=-1 2 4 -4 -2 -6 7 -3 -9 -8 -5 -11
right_child=1 6 3 10 5 -7 9 8 -10 11 -12 -13
leaf_value=0.13121838253219426 -0.05750679426234484 0.044162579973009077 -0.11714537726974544 -0.002878098123295144 -0.0272294281058643 0.047516032798771507 -0.01259480450658765 0.031543239066011947 -0.07519405766724338 0.026094041833437547 -0.056816718892258172 0.076203056370857988
leaf_weight=39 37 52 36 36 37 49 49 39 67 47 52 47
leaf_count=39 37 52 36 36 37 49 49 39 67 47 52 47
internal_value=-0.000486023 -0.00985915 -0.0327218 -0.0586719 -0.00656061 0.0153581 0.00890185 -0.00956556 -0.0359228 0.0293064 -0.0347509 0.0511486
internal_weight=587 548 247 124 123 86 301 158 106 143 88 94
internal_count=587 548 247 124 123 86 301 158 106 143 88 94
is_linear=0
shrinkage=0.0867861


Tree=26
num_leaves=12
num_cat=0
split_feature=0 4 13 13 0 1 2 10 13 3 10
split_gain=80.2357 28.4283 18.926 16.8292 20.4306 18.9715 34.2014 21.6106 19.6353 30.1529 3.79863
threshold=21.850000000000005 0.93469109537144635 3.298837501205 2.7613833648741477 32.150000000000013 58.650000000000013 22.250000000000007 3.6500000000000008 1.8711467468677148 -0.26866367175705824 2.8999999999999999
decision_type=2 2 2 2 2 2 2 2 2 2 2
left_child=-1 2 3 4 -2 -6 8 -8 -7 -10 -5
right_child=1 -3 -4 10 5 6 7 -9 9 -11 -12
leaf_value=0.11983044915698943 -0.063678124984416454 -0.076743706583202523 -0.046947879493058876 0.061528018302315031 0.049784669103610027 0.0049776552673911753 -0.010926314996865869 0.063525136088732503 -0.0016957474229487139 -0.10041187336642317 0.021659693574453798
leaf_weight=39 39 43 65 36 54 62 55 63 41 54 36
leaf_count=39 39 43 65 36 54 62 55 63 41 54 36
internal_value=-0.000443843 -0.00900351 -0.00323553 0.00322197 -0.00428557 0.00275488 -0.00648006 0.0288232 -0.0330137 -0.0578081 0.0415939
internal_weight=587 548 505 440 368 329 275 118 157 95 72
internal_count=587 548 505 440 368 329 275 118 157 95 72
is_linear=0
shrinkage=0.0867861


Tree=27
num_leaves=12
num_cat=0
split_feature=0 4 7 4 2 12 1 3 0 4 10
split_gain=66.9133 25.8896 49.2413 32.9265 28.85 16.9889 15.8454 23.2101 13.3091 19.5435 12.9056
threshold=21.850000000000005 0.49626980634301182 3184.0000000000005 0.93469109537144635 18.250000000000007 1.9071428571428581 78.250000000000014 -0.13398594226331254 51.900000000000006 -0.79382744783423187 3.100000000000001
decision_type=2 2 2 2 2 2 2 2 2 2 2
left_child=-1 4 3 -3 5 -2 10 -8 -7 -10 -6
right_child=1 2 -4 -5 6 8 7 -9 9 -11 -12
leaf_value=0.10943083941183852 0.019946227874613601 0.026146901823460033 -0.12422598403002331 -0.070083419892061044 0.085971272914630137 0.0030403097904191196 0.037640869956506243 -0.036597822335339224 -0.011597742623709092 -0.095158388479276226 0.021982697045906146
leaf_weight=39 49 71 38 43 43 37 70 58 37 49 53
leaf_count=39 49 71 38 43 43 37 70 58 37 49 53
internal_value=-0.000405323 -0.00822213 -0.0386694 -0.0101505 0.00346468 -0.0232676 0.0239912 0.00400145 -0.0404828 -0.0592079 0.0506443
internal_weight=587 548 152 114 396 172 224 128 123 86 96
internal_count=587 548 152 114 396 172 224 128 123 86 96
is_linear=0
shrinkage=0.0867861


Tree=28
num_leaves=13
num_cat=0
split_feature=1 2 3 4 2 1 11 11 9 3 7 3
split_gain=66.2038 27.847 26.3547 23.4756 18.5007 18.2615 15.4796 24.2883 21.1856 18.2519 9.7212 11.297
threshold=34.300000000000004 7.9500000000000037 0.63920241694561786 -0.048362832084465547 19.100000000000005 87.200000000000003 4.5428571428571445 2.1357142857142857 1.3499999999999999 -0.89406062840022227 2536.5000000000005 -0.35041564478062465
decision_type=2 2 2 2 2 2 2 2 2 2 2 2
left_child=-1 -2 5 -4 -5 6 7 8 -3 -9 -11 -12
right_child=1 2 3 4 -6 -7 -8 9 -10 10 11 -13
leaf_value=0.099248087093337184 -0.091589729764853536 -0.066198696284140712 -0.00031510135213775459 -0.03058741349930277 -0.10418105900767585 -0.041958500949894596 -0.033924724119850209 -0.010849922727467019 0.026673307653016291 0.021765370326713874 0.042495274472338689 0.10986584797409454
leaf_weight=39 36 37 67 53 50 59 47 38 37 36 37 38
leaf_count=39 36 37 67 53 50 59 47 38 37 36 37 38
internal_value=-0.00991607 -0.0178738 -0.0125557 -0.0403018 -0.0663125 0.00178125 0.0113392 0.0208791 -0.0197627 0.0410637 0.0588359 0.0766297
internal_weight=574 535 499 170 103 329 270 223 74 149 111 75
internal_count=574 535 499 170 103 329 270 223 74 149 111 75
is_linear=0
shrinkage=0.0867861


Tree=29
num_leaves=11
num_cat=0
split_feature=1 2 3 4 0 1 4 11 3 10
split_gain=55.2113 23.2232 21.9787 19.5777 17.265 15.2294 14.0653 20.3431 12.2687 15.2064
threshold=34.300000000000004 7.9500000000000037 0.63920241694561786 -0.048362832084465547 39.850000000000001 87.200000000000003 0.89309379682046119 4.5428571428571445 -0.861146256326485 2.4500000000000033
decision_type=2 2 2 2 2 2 2 2 2 2
left_child=-1 -2 5 -4 -5 6 7 8 -3 -10
right_child=1 2 3 4 -6 -7 -8 -9 9 -11
leaf_value=0.09063473589592097 -0.083641015100169275 -0.00098638907175603325 -0.00028775494225514753 -0.034512225968407188 -0.10903059799900684 -0.038317086504836999 -0.031711770578443946 -0.03098053035401286 0.016346636942174902 0.078211909946666797
leaf_weight=39 36 54 67 67 36 59 49 47 57 63
leaf_count=39 36 54 67 67 36 59 49 47 57 63
internal_value=-0.00905549 -0.0163226 -0.011466 -0.0368041 -0.0605575 0.00162666 0.0103551 0.0196822 0.0333669 0.0488259
internal_weight=574 535 499 170 103 329 270 221 174 120
internal_count=574 535 499 170 103 329 270 221 174 120
is_linear=0
shrinkage=0.0867861


Tree=30
num_leaves=12
num_cat=0
split_feature=11 3 4 0 0 2 6 6 13 3 3
split_gain=48.6292 20.4875 16.2045 25.8029 17.2457 20.7234 12.6656 8.5836 19.6835 12.5688 5.24416
threshold=5.3857142857142852 -0.32614396506100213 0.0032254414201910004 39.400000000000006 51.750000000000007 20.250000000000007 12.750000000000002 10.65 2.2552583166776956 -0.66528616069191593 0.55656748448714433
decision_type=2 2 2 2 2 2 2 2 2 2 2
left_child=1 7 4 6 -3 -6 -4 9 -9 -1 -8
right_child=-2 2 3 -5 5 -7 10 8 -10 -11 -12
leaf_value=0.0025016114701139 0.084026469099347981 0.031154632707484056 -0.055954397443793345 -0.11023142634796158 -0.056203271676854197 0.023403801449895876 -0.028000661263438167 -0.052849456918910388 0.030728675676608034 0.066082589947092887 0.017609519194319984
leaf_weight=67 40 56 69 37 70 38 37 44 41 36 39
leaf_count=67 40 56 69 37 70 38 37 44 41 36 39
internal_value=-0.0082696 -0.0151832 -0.0277136 -0.0455421 -0.00792819 -0.0281934 -0.0290352 0.0078781 -0.0125353 0.0247241 -0.00459542
internal_weight=574 534 346 182 164 108 145 188 85 103 76
internal_count=574 534 346 182 164 108 145 188 85 103 76
is_linear=0
shrinkage=0.0867861


Tree=31
num_leaves=12
num_cat=0
split_feature=0 0 7 0 7 13 4 3 1 9 3
split_gain=48.7645 30.4024 18.3123 17.8601 20.6981 16.9847 13.6549 9.57905 17.5551 17.4819 7.40161
threshold=26.800000000000001 32.250000000000007 2768.5000000000005 40.300000000000004 3379.0000000000005 2.3901084681286986 0.52583933546504591 0.65233619298682533 87.200000000000003 4.549999999999998 -0.42180583328916638
decision_type=2 2 2 2 2 2 2 2 2 2 2
left_child=-1 2 -2 6 5 -5 -3 8 9 10 -6
right_child=1 3 -4 4 7 -7 -8 -9 -10 -11 -12
leaf_value=0.059776883078350593 -0.027215100392754148 0.056959590873537622 -0.11253451368187038 -0.021516514365226377 0.023692902052810716 -0.099695819144033831 -0.0085164801186779059 -0.036280745078917181 -0.034675560684502255 -0.018513654008527804 0.076488613395867641
leaf_weight=71 40 49 36 50 45 36 47 56 59 49 36
leaf_count=71 40 49 36 50 45 36 47 56 59 49 36
internal_value=-0.00755192 -0.0170556 -0.0676296 -0.00805412 -0.0176129 -0.0542428 0.0249036 -0.00475501 0.00458594 0.0224046 0.0471577
internal_weight=574 503 76 427 331 86 96 245 189 130 81
internal_count=574 503 76 427 331 86 96 245 189 130 81
is_linear=0
shrinkage=0.0867861


Tree=32
num_leaves=13
num_cat=0
split_feature=0 2 9 10 10 10 5 13 2 6 12 0
split_gain=81.5015 18.7105 20.9296 18.6256 30.1597 21.7166 23.9011 21.2604 15.6694 9.6566 8.58637 4.62247
threshold=17.650000000000002 25.600000000000005 4.400000000000003 -1.2499999999999998 0.3499999999999997 1.3499999999999999 0.25000000000000006 2.5048047760714929 15.900000000000006 12.250000000000002 3.1321428571428576 50.400000000000006
decision_type=2 2 2 2 2 2 2 2 2 2 2 2
left_child=-1 2 3 -2 -5 -6 7 8 -7 -4 -3 -10
right_child=1 10 9 4 5 6 -8 -9 11 -11 -12 -13
leaf_value=0.13153211365759965 -0.059300022657744755 0.006892507795014274 -0.065394037766399488 0.067684660560999393 -0.054300408894499011 -0.030929113917402423 -0.055839715290976456 0.074730525479763277 0.05102976508227846 -0.012578935569922898 0.059399209779168502 0.0076326950726176629
leaf_weight=36 36 49 64 51 54 56 37 42 38 44 45 36
leaf_count=36 36 49 64 51 54 56 37 42 38 44 45 36
internal_value=0.00501114 -0.00324023 -0.0104788 -0.000173182 0.00660569 -0.00523852 0.00743775 0.0210498 0.00370675 -0.0438768 0.0320287 0.0299177
internal_weight=588 552 458 350 314 263 209 172 130 108 94 74
internal_count=588 552 458 350 314 263 209 172 130 108 94 74
is_linear=0
shrinkage=0.0867861


Tree=33
num_leaves=12
num_cat=0
split_feature=0 0 12 12 7 0 3 2 11 12 2
split_gain=67.969 18.1301 20.9789 17.5865 15.7015 31.5266 21.8379 15.5642 21.6257 15.9465 9.68216
threshold=17.650000000000002 30.150000000000002 1.9428571428571426 1.4035714285714289 3379.0000000000005 47.150000000000013 -0.52766804058324157 25.150000000000009 2.3928571428571437 3.0749999999999997 20.750000000000007
decision_type=2 2 2 2 2 2 2 2 2 2 2
left_child=-1 -2 3 -3 5 6 -4 8 -6 -9 -10
right_child=1 2 4 -5 7 -7 -8 9 10 -11 -12
leaf_value=0.1201169558197894 -0.04563932117747297 -0.0066800807199347565 0.053647908182466592 0.067366552830262702 0.044738832028086151 -0.080781413372249741 -0.035076541958112939 -0.0040554201126692425 -0.005922604646495834 0.074235340646184478 -0.055212526694108158
leaf_weight=36 66 40 37 61 43 55 48 36 71 43 52
leaf_count=36 66 40 37 61 43 55 48 36 71 43 52
internal_value=0.00457624 -0.00295903 0.00283706 0.0380411 -0.00639829 -0.0295834 0.00354468 0.00685035 -0.00823968 0.0385585 -0.0267606
internal_weight=588 552 486 101 385 140 85 245 166 79 123
internal_count=588 552 486 101 385 140 85 245 166 79 123
is_linear=0
shrinkage=0.0867861


Tree=34
num_leaves=12
num_cat=0
split_feature=9 2 0 2 0 2 9 1 9 9 12
split_gain=60.1197 27.2253 32.0318 21.069 34.0435 22.5622 21.3273 18.0009 17.6165 17.0372 8.91019
threshold=7.150000000000003 15.750000000000002 30.150000000000002 18.750000000000004 38.850000000000001 25.150000000000009 1.4000000000000024 47.750000000000007 3.7999999999999994 2.4500000000000033 3.1321428571428576
decision_type=2 2 2 2 2 2 2 2 2 2 2
left_child=1 2 -1 4 -3 6 -5 -4 -8 -9 -7
right_child=-2 3 7 5 -6 10 8 9 -10 -11 -12
leaf_value=-0.086286182082672719 0.10975365449035271 0.10813614839749063 0.040864514378006228 -0.077809989009950106 0.00071905941747733425 0.0098033739484288812 0.040141891200904008 0.0038023209653287693 -0.03075189995102794 -0.06042079308412885 0.064456829784481709
leaf_weight=52 38 40 42 38 50 53 44 70 66 56 39
leaf_count=52 38 40 42 38 50 53 44 70 66 56 39
internal_value=0.00417908 -0.00311516 -0.0267635 0.0126504 0.04846 -0.000778185 -0.0217579 -0.00833982 -0.00239437 -0.0247413 0.0329717
internal_weight=588 550 220 330 90 240 148 168 110 126 92
internal_count=588 550 220 330 90 240 148 168 110 126 92
is_linear=0
shrinkage=0.0867861


Tree=35
num_leaves=13
num_cat=0
split_feature=0 12 3 0 11 4 0 11 6 12 8 3
split_gain=55.1875 16.4736 17.5225 24.6883 23.3824 23.3206 38.1232 22.9099 20.3206 12.318 20.1795 8.7802
threshold=17.650000000000002 4.5678571428571431 0.70290292807158605 65.450000000000017 2.4071428571428579 0.41985448298472505 46.95000000000001 4.3214285714285721 12.15 1.8464285714285718 0.067500000000000018 -0.70291267844185523
decision_type=2 2 2 2 2 2 2 2 2 2 2 2
left_child=-1 2 3 7 -5 6 8 9 -4 -2 -11 -12
right_child=1 -3 5 4 -6 -7 -8 -9 -10 10 11 -13
leaf_value=0.10792824622852845 0.058285303239032527 -0.053297189138832496 -0.018553679233415957 0.024630489460932888 -0.068753368891393662 -0.080639016622951393 -0.062365149699760293 0.088252212440937491 0.065587945217875532 -0.029788786529382064 0.0060920437983082321 0.05918809278625891
leaf_weight=36 41 45 37 36 46 38 53 39 52 71 49 45
leaf_count=36 41 45 37 36 46 38 53 39 52 71 49 45
internal_value=0.0038164 -0.0029735 0.00149309 0.0134635 -0.0277556 -0.0202531 -0.00409342 0.0272592 0.0306077 0.015712 0.00513316 0.0315104
internal_weight=588 552 507 327 82 180 142 245 89 206 165 94
internal_count=588 552 507 327 82 180 142 245 89 206 165 94
is_linear=0
shrinkage=0.0867861


Tree=36
num_leaves=12
num_cat=0
split_feature=8 2 0 5 0 2 13 4 11 6 10
split_gain=27.3216 38.8268 51.2152 27.2021 29.4281 18.1495 29.4952 30.3496 22.3572 12.0247 8.18332
threshold=0.21450000000000002 14.950000000000001 25.050000000000004 1.0000000180025095e-35 31.750000000000004 19.100000000000005 2.9702074535642651 0.18281312110578127 3.0928571428571439 10.050000000000002 4.2500000000000009
decision_type=2 2 2 2 2 2 2 2 2 2 2
left_child=1 3 -3 4 -1 8 7 10 -4 -5 -7
right_child=-2 2 5 9 -6 6 -8 -9 -10 -11 -12
leaf_value=-0.1018495933866725 -0.052504786104861291 0.11967311359504668 0.078751679734137769 0.045080451987984847 -0.0025254269888909798 0.023822470258380721 -0.07482984428311798 -0.031957012357227185 -0.0081371058680264063 -0.018029343937609656 0.077240575951887797
leaf_weight=53 70 37 54 37 39 54 36 67 38 59 36
leaf_count=53 70 37 54 37 39 54 36 67 38 59 36
internal_value=-0.00166249 0.00531586 0.0236129 -0.0260227 -0.0597448 0.011142 -0.00397886 0.0122672 0.0428628 0.00629421 0.0451897
internal_weight=580 510 322 188 92 285 193 157 92 96 90
internal_count=580 510 322 188 92 285 193 157 92 96 90
is_linear=0
shrinkage=0.0867861


Tree=37
num_leaves=13
num_cat=0
split_feature=11 0 1 8 10 0 4 3 13 10 7 11
split_gain=23.794 22.8556 22.1952 24.5719 18.7506 17.2826 27.5184 28.5773 22.9223 18.7623 15.1393 5.46999
threshold=4.0642857142857158 39.050000000000004 38.850000000000001 0.22450000000000003 -0.65000000000000024 35.95000000000001 -0.19337245081799001 0.878110924644389 2.270672230464732 3.100000000000001 4175.5000000000009 2.8000000000000012
decision_type=2 2 2 2 2 2 2 2 2 2 2 2
left_child=2 -2 -1 4 -4 8 9 -8 -6 -7 -3 -11
right_child=1 10 3 -5 5 6 7 -9 -10 11 -12 -13
leaf_value=-0.062051691981918615 0.078803067581148772 -0.033831286228220632 -0.047766352063344453 -0.065601162731367388 -0.0027247826427374607 0.058968241400722987 0.0089931677022311359 -0.092275209875068015 0.085502085093736718 -0.02997111322094979 0.041214031095793455 0.017546304073636412
leaf_weight=56 48 41 46 43 42 60 43 41 47 37 40 36
leaf_count=56 48 41 46 43 42 60 43 41 47 37 40 36
internal_value=-0.00151821 0.031349 -0.0109193 -0.00367011 0.00389533 0.0116615 -0.00154721 -0.0404354 0.0438669 0.0230138 0.00322812 -0.00653785
internal_weight=580 129 451 395 352 306 217 84 89 133 81 73
internal_count=580 129 451 395 352 306 217 84 89 133 81 73
is_linear=0
shrinkage=0.0867861


Tree=38
num_leaves=12
num_cat=0
split_feature=8 2 0 5 0 2 8 9 12 12 6
split_gain=20.4721 29.9376 42.3391 22.5048 22.689 14.8767 29.8696 19.0746 11.2009 19.9026 9.47579
threshold=0.21450000000000002 14.950000000000001 25.050000000000004 1.0000000180025095e-35 31.750000000000004 18.750000000000004 0.080500000000000016 3.1500000000000008 2.5107142857142857 3.2214285714285724 10.050000000000002
decision_type=2 2 2 2 2 2 2 2 2 2 2
left_child=1 3 -3 4 -1 7 -7 -4 -8 -10 -5
right_child=-2 2 5 10 -6 6 8 -9 9 -11 -12
leaf_value=-0.090507554570070717 -0.04539667857295606 0.10806111223323542 0.080382843073721802 0.040961181024109554 -0.0032944078950428355 -0.071888966536660534 0.042851275631276921 -0.0004481893771336786 -0.056395497908311991 0.024495583531255263 -0.015061835921388452
leaf_weight=53 70 37 43 37 39 39 59 45 36 63 59
leaf_count=53 70 37 43 37 39 39 59 45 36 63 59
internal_value=-0.00138645 0.00465417 0.0207208 -0.0228642 -0.0535368 0.00938187 -0.00387035 0.0390488 0.012919 -0.00491935 0.00653036
internal_weight=580 510 322 188 92 285 197 88 158 99 96
internal_count=580 510 322 188 92 285 197 88 158 99 96
is_linear=0
shrinkage=0.0867861


Tree=39
num_leaves=13
num_cat=0
split_feature=11 3 11 10 3 9 1 10 4 12 4 4
split_gain=18.9354 19.7563 17.5911 29.4914 31.6536 23.2404 28.1907 22.1731 17.6578 10.9707 8.7141 2.98245
threshold=4.0642857142857158 0.34235194516023087 1.6571428571428577 2.2000000000000015 0.022575936829235404 2.2999999999999994 49.95000000000001 4.7500000000000009 -0.55656394595157355 4.5214285714285722 0.15738975091631607 -0.15101602693478736
decision_type=2 2 2 2 2 2 2 2 2 2 2 2
left_child=2 9 5 4 -4 6 -1 8 -5 -2 -10 -9
right_child=1 -3 3 7 -6 -7 -8 11 10 -11 -12 -13
leaf_value=-0.060861622349211178 0.034322614110176966 0.076085284038617945 -0.0063444769653079811 -0.023241112823680167 -0.096567221099959133 0.075003157806307882 0.032506036408943763 -0.020359216274631203 0.075618072767757741 -0.02768778904435526 0.018314386822400799 -0.055446295414056004
leaf_weight=41 44 43 54 42 64 37 60 36 39 42 41 37
leaf_count=41 44 43 54 42 64 37 60 36 39 42 41 37
internal_value=-0.00126613 0.0280541 -0.00965262 -0.0210335 -0.0552789 0.0161605 -0.00539568 -0.00031065 0.0223268 0.00403845 0.04625 -0.0381431
internal_weight=580 129 451 313 118 138 101 195 122 86 80 73
internal_count=580 129 451 313 118 138 101 195 122 86 80 73
is_linear=0
shrinkage=0.0867861


Tree=40
num_leaves=12
num_cat=0
split_feature=11 1 12 9 12 5 0 4 6 1 9
split_gain=40.4484 29.8047 38.0419 26.1493 23.3702 12.3387 41.761 14.0095 14.8442 36.1216 12.659
threshold=5.3428571428571425 43.45000000000001 1.9821428571428574 2.5500000000000012 1.5571428571428576 0.043500000000000004 51.900000000000006 0.28313308994381586 10.750000000000002 71.200000000000003 3.6500000000000008
decision_type=2 2 2 2 2 2 2 2 2 2 2
left_child=1 3 4 -1 -3 7 -7 8 10 -10 -4
right_child=-2 2 5 -5 -6 6 -8 -9 9 -11 -12
leaf_value=-0.091072951243492684 0.081305888178269822 0.0087642329616516666 0.048909311034547737 0.0032878792260230718 0.089410461516484352 0.078766604999204598 -0.042971609542998342 -0.05522477483325576 0.032512000678682436 -0.077231963067096857 -0.01420168636947223
leaf_weight=55 41 59 43 37 50 41 44 71 37 58 54
leaf_count=55 41 59 43 37 50 41 44 71 37 58 54
internal_value=-0.00184539 -0.00805524 0.00101758 -0.0531235 0.0457579 -0.0129959 0.0157492 -0.0222862 -0.0101057 -0.0344896 0.0137753
internal_weight=590 549 457 92 109 348 85 263 192 95 97
internal_count=590 549 457 92 109 348 85 263 192 95 97
is_linear=0
shrinkage=0.0867861


Tree=41
num_leaves=13
num_cat=0
split_feature=11 1 12 3 3 0 11 13 13 9 13 3
split_gain=33.8193 25.0618 15.5666 33.2516 30.1432 27.1578 14.3178 12.9029 9.34779 10.9754 10.9561 9.31648
threshold=5.3857142857142852 35.500000000000007 2.5107142857142857 0.97314989601849466 0.92273069556937581 32.250000000000007 0.9785714285714282 2.8796075073101073 1.9231670268710621 3.9500000000000033 2.2528288202004307 0.056951373111866661
decision_type=2 2 2 2 2 2 2 2 2 2 2 2
left_child=1 -1 3 5 7 -3 -7 8 9 -4 -10 -8
right_child=-2 2 4 -5 -6 6 11 -9 10 -11 -12 -13
leaf_value=-0.077218831712531993 0.07641455217366612 -0.050835646994653795 0.035263135409633765 0.088378446817350992 -0.080460682620907789 0.066489733481757046 0.0337405306207854 0.044206768559623119 -0.06574766248968883 -0.025313266907412736 -0.0078481800820414498 -0.018313925329580417
leaf_weight=36 39 57 50 38 46 37 45 36 40 41 64 61
leaf_count=36 39 57 50 38 46 37 45 36 40 41 64 61
internal_value=-0.00168524 -0.00721318 -0.00231957 0.0139582 -0.0163055 -0.00018168 0.0200091 -0.00353002 -0.012343 0.00797046 -0.0301172 0.00378466
internal_weight=590 551 515 238 277 200 143 231 195 91 104 106
internal_count=590 551 515 238 277 200 143 231 195 91 104 106
is_linear=0
shrinkage=0.0867861


Tree=42
num_leaves=13
num_cat=0
split_feature=12 0 7 0 3 12 3 2 9 13 6 9
split_gain=29.816 18.8182 30.4636 29.2996 21.9513 16.5097 19.8149 14.6421 15.68 13.1723 10.6203 9.48823
threshold=4.8321428571428582 32.250000000000007 3136.5000000000005 38.850000000000001 -0.039770090859911449 2.5107142857142857 0.84313847884979054 22.650000000000006 2.3999999999999999 1.8753411517622458 12.15 3.1500000000000008
decision_type=2 2 2 2 2 2 2 2 2 2 2 2
left_child=1 2 4 11 -1 9 7 8 -7 -5 -11 -3
right_child=-2 3 -4 5 -6 6 -8 -9 -10 10 -12 -13
leaf_value=-0.052634627501579406 0.069851928843332495 0.083412388993772527 -0.086237952950389829 0.058888520871439851 0.036319944797705686 0.014262341744771775 -0.076685403710440317 0.025883957554444479 -0.056324149599668707 -0.02570236858291949 0.03200478781449944 0.021998204755305666
leaf_weight=37 41 36 53 37 48 38 43 55 63 58 41 40
leaf_count=37 41 36 53 37 48 38 43 55 63 58 41 40
internal_value=-0.00153898 -0.00687055 -0.0345995 0.00243991 -0.00240145 -0.00859693 -0.0245242 -0.0101464 -0.0297668 0.0147083 -0.00180343 0.0510892
internal_weight=590 549 138 411 85 335 199 156 101 136 99 76
internal_count=590 549 138 411 85 335 199 156 101 136 99 76
is_linear=0
shrinkage=0.0867861


Tree=43
num_leaves=13
num_cat=0
split_feature=11 1 10 12 3 6 9 13 9 0 8 12
split_gain=26.0606 19.8106 12.7426 15.9208 19.6109 15.3439 14.044 18.1446 12.0119 16.616 11.1947 7.76275
threshold=5.3428571428571425 35.500000000000007 6.049999999999998 2.8428571428571439 0.83376496542330847 13.550000000000002 1.2500000000000002 2.2227181882952096 2.2500000000000004 44.750000000000007 0.08950000000000001 2.0892857142857153
decision_type=2 2 2 2 2 2 2 2 2 2 2 2
left_child=1 -1 3 5 8 6 11 -8 -5 -10 -7 -3
right_child=-2 2 -4 4 -6 10 7 -9 9 -11 -12 -13
leaf_value=-0.06862282262009585 0.065338348573588223 -0.001816391120234168 -0.051811095618765346 0.040712196743066538 -0.066995900960599 0.017892837090655093 0.059781454463156428 -0.0086697065179085504 0.027120812820073489 -0.042828058504049027 0.08038435200570862 -0.057044534682450986
leaf_weight=36 41 41 36 37 46 50 50 70 41 68 38 36
leaf_count=36 41 41 36 37 46 50 50 70 41 68 38 36
internal_value=-0.00140542 -0.00638993 -0.00202271 0.0017349 -0.0175824 0.0147486 0.00128992 0.0198516 -0.00201371 -0.016517 0.0448778 -0.0276374
internal_weight=590 549 513 477 192 285 197 120 146 109 88 77
internal_count=590 549 513 477 192 285 197 120 146 109 88 77
is_linear=0
shrinkage=0.0867861


Tree=44
num_leaves=13
num_cat=0
split_feature=9 0 11 11 6 11 9 13 1 6 4 9
split_gain=31.5529 24.9921 16.9194 28.9469 13.8072 14.7926 44.4913 22.8042 8.63221 10.3693 7.65942 2.26467
threshold=7.3499999999999988 24.300000000000001 4.6785714285714297 3.8785714285714294 8.0500000000000025 2.6357142857142866 1.3499999999999999 3.1012664517704285 54.800000000000004 10.050000000000002 -0.19337245081799001 2.2000000000000015
decision_type=2 2 2 2 2 2 2 2 2 2 2 2
left_child=1 -1 3 4 -3 7 -7 8 -6 -10 -8 -11
right_child=-2 2 -4 -5 5 6 10 -9 9 11 -12 -13
leaf_value=-0.073735659825490629 0.075927291865942659 -0.041104797392640141 -0.045492161179128861 0.063359076075737611 0.031435067982852581 -0.10100228743483902 0.02992976239165248 0.075070983992087517 0.02772023974681791 -0.044716644406634289 -0.016364289656101635 -0.013933220200148583
leaf_weight=37 39 60 55 57 57 36 63 43 36 36 47 36
leaf_count=37 39 60 55 57 57 36 63 43 36 36 47 36
internal_value=0.00043656 -0.00479281 5.67759e-05 0.00537566 -0.00260757 0.00391739 -0.0172577 0.0187807 0.0041111 -0.0103099 0.0101496 -0.0293249
internal_weight=602 563 526 471 414 354 146 208 165 108 110 72
internal_count=602 563 526 471 414 354 146 208 165 108 110 72
is_linear=0
shrinkage=0.0867861


Tree=45
num_leaves=12
num_cat=0
split_feature=2 9 8 1 6 1 2 8 8 8 8
split_gain=28.9841 32.4237 37.4255 19.8613 27.7528 21.861 13.5364 24.2326 20.0905 13.1205 12.0021
threshold=22.350000000000005 5.7500000000000009 0.17850000000000002 72.250000000000014 8.6500000000000004 79.250000000000014 13.299999999999999 0.045500000000000006 0.085500000000000007 0.20050000000000004 0.043500000000000004
decision_type=2 2 2 2 2 2 2 2 2 2 2
left_child=3 2 -2 4 -1 -5 10 -8 -9 -7 -6
right_child=1 -3 -4 5 6 9 7 8 -10 -11 -12
leaf_value=-0.052164594377403263 -0.035972016354808206 0.093752131760955718 0.058067154282875413 -0.096018590443280774 -0.034812628836798018 0.014735172751329675 0.090802338385722256 -0.03756986786931249 0.047533552895843968 -0.048482200751668057 0.022320425506764729
leaf_weight=59 68 45 60 37 58 48 39 39 45 51 53
leaf_count=59 68 45 60 37 58 48 39 39 45 51 53
internal_value=0.000398672 0.030386 0.00810884 -0.0116941 0.00102804 -0.0391029 0.0144399 0.0342689 0.00802124 -0.0178313 -0.00753287
internal_weight=602 173 128 429 293 136 234 123 84 99 111
internal_count=602 173 128 429 293 136 234 123 84 99 111
is_linear=0
shrinkage=0.0867861


Tree=46
num_leaves=15
num_cat=0
split_feature=0 12 11 5 6 2 7 4 9 11 11 3 10 10
split_gain=27.3048 109.836 21.1933 13.2947 22.9502 16.7934 20.7179 10.9155 16.8628 9.2605 12.8973 8.61068 4.26412 4.23978
threshold=26.800000000000001 2.2821428571428579 5.1214285714285719 0.55200000000000016 17.150000000000002 18.450000000000006 5481.5000000000009 0.34033495509342487 4.549999999999998 3.6357142857142857 2.3142857142857141 -0.48314718476766416 4.2500000000000009 0.29999999999999899
decision_type=2 2 2 2 2 2 2 2 2 2 2 2 2 2
left_child=1 -1 3 4 5 6 9 8 11 10 13 -7 -10 -2
right_child=2 -3 -4 -5 -6 7 -8 -9 12 -11 -12 -13 -14 -15
leaf_value=-0.046751569241056876 0.021959695523779382 0.15720223406661621 -0.071122779996321189 -0.052861146320856166 0.064695535285404185 0.008939169664501664 -0.082290766744132618 -0.030057136167917747 0.010150901457755525 0.029360974321464086 -0.059559550465913505 0.060574992128218111 -0.031803175744391683 -0.018855705290256295
leaf_weight=43 36 37 36 36 40 37 36 38 36 36 42 71 37 41
leaf_count=43 36 37 36 36 40 37 36 38 36 36 42 71 37 41
internal_value=0.000364073 0.0475771 -0.00687163 -0.00211228 0.00194762 -0.00417412 -0.0229817 0.0122288 0.0211066 -0.00920671 -0.0208743 0.042885 -0.0111135 0.000226807
internal_weight=602 80 522 486 450 410 191 219 181 155 119 108 73 77
internal_count=602 80 522 486 450 410 191 219 181 155 119 108 73 77
is_linear=0
shrinkage=0.0867861


Tree=47
num_leaves=13
num_cat=0
split_feature=0 12 0 5 6 2 1 4 9 10 10 11
split_gain=22.7711 91.5985 20.7537 13.8281 24.8534 13.6261 18.078 15.4554 12.2552 12.1129 4.38745 4.51349
threshold=26.800000000000001 2.2821428571428579 30.650000000000002 0.55200000000000016 16.950000000000003 18.450000000000006 58.400000000000006 0.34033495509342487 2.2000000000000015 1.2500000000000002 4.7500000000000009 3.0928571428571439
decision_type=2 2 2 2 2 2 2 2 2 2 2 2
left_child=1 -1 -2 4 5 6 -4 9 -8 -7 11 -11
right_child=2 -3 3 -5 -6 7 8 -9 -10 10 -12 -13
leaf_value=-0.042694182001376771 -0.068033269766777843 0.14355926443851955 0.014994599973309855 -0.05317486510698885 0.067135393166891266 0.061051021516152319 -0.013687645155148462 -0.036459436113007025 -0.070351683398463399 0.040232135039167879 -0.0094193721694980827 -0.00068506621072102181
leaf_weight=43 38 37 65 36 41 44 57 43 58 45 58 37
leaf_count=43 38 37 65 36 41 44 57 43 58 45 58 37
internal_value=0.000332476 0.043448 -0.00627527 -0.0014265 0.00273185 -0.00375597 -0.0215886 0.0103844 -0.042266 0.0213316 0.00884838 0.0217695
internal_weight=602 80 522 484 448 407 180 227 115 184 140 82
internal_count=602 80 522 484 448 407 180 227 115 184 140 82
is_linear=0
shrinkage=0.0867861


Tree=48
num_leaves=12
num_cat=0
split_feature=9 0 12 3 11 11 0 6 3 11 2
split_gain=31.16 35.1803 9.58016 10.4322 14.2973 15.0595 16.2529 14.0629 19.5134 19.3717 9.97593
threshold=7.3499999999999988 24.850000000000005 4.4035714285714294 0.49812943072827087 4.0285714285714311 3.0928571428571439 41.150000000000013 12.450000000000001 0.91248814248966259 2.7428571428571424 20.350000000000001
decision_type=2 2 2 2 2 2 2 2 2 2 2
left_child=1 -1 3 4 5 6 -3 8 -5 -9 -8
right_child=-2 2 -4 7 -6 -7 10 9 -10 -11 -12
leaf_value=-0.083046886143667731 0.076678213814719981 0.073044468128986434 -0.034830473497135042 -0.06034177244002753 0.063852988816641823 -0.026517965454997908 -0.01591127389961761 0.045616180613307959 0.013302616304420797 -0.033078677277469222 0.038305060473605011
leaf_weight=39 39 38 47 64 43 63 61 62 47 38 44
leaf_count=39 39 38 47 64 43 63 61 62 47 38 44
internal_value=0.00173457 -0.00361855 0.00249132 0.00630464 0.0183356 0.00883443 0.0244093 -0.00789306 -0.029159 0.0157121 0.00680794
internal_weight=585 546 507 460 249 206 143 211 111 100 105
internal_count=585 546 507 460 249 206 143 211 111 100 105
is_linear=0
shrinkage=0.0867861


Tree=49
num_leaves=12
num_cat=0
split_feature=13 9 4 8 13 6 5 7 4 12 13
split_gain=26.8253 23.7009 14.522 14.1227 30.9352 17.3757 13.1615 11.0027 15.6982 14.3403 9.92533
threshold=3.4189014277445131 4.549999999999998 0.13185577213185917 0.10300000000000001 1.9284830494826266 11.750000000000002 0.085000000000000006 6051.0000000000009 -0.85225707553516283 3.0250000000000008 1.4700176737768675
decision_type=2 2 2 2 2 2 2 2 2 2 2
left_child=2 -2 6 4 10 -6 7 9 -9 -1 -4
right_child=1 -3 3 -5 5 -7 -8 8 -10 -11 -12
leaf_value=0.063914173734035074 0.0048920772950289803 0.099134798812205022 0.0010983308305631146 -0.068686863284618857 -0.075809733418564756 -0.0091994101975710514 -0.032416017254618457 0.031755721045558648 -0.033585014036000851 0.00072976026492381518 0.064689329022195943
leaf_weight=62 44 37 38 40 54 65 50 53 58 48 36
leaf_count=62 44 37 38 40 54 65 50 53 58 48 36
internal_value=0.00158403 0.0479412 -0.00586623 -0.0217537 -0.0120266 -0.039426 0.00779346 0.0168906 -0.00238628 0.0363428 0.0320345
internal_weight=585 81 504 233 193 119 271 221 111 110 74
internal_count=585 81 504 233 193 119 271 221 111 110 74
is_linear=0
shrinkage=0.0867861


Tree=50
num_leaves=13
num_cat=0
split_feature=9 0 7 8 4 1 7 3 6 2 2 13
split_gain=24.1925 29.5673 8.48519 12.8487 19.4487 13.1745 20.4139 15.7829 14.2716 15.2645 11.1762 5.23314
threshold=7.3499999999999988 24.850000000000005 1079.0000000000002 0.045500000000000006 0.51113019672828186 67.950000000000017 3917.0000000000005 0.85226249403558707 12.950000000000001 20.100000000000009 16.050000000000004 2.1894769302669652
decision_type=2 2 2 2 2 2 2 2 2 2 2 2
left_child=1 -1 -3 -4 5 6 -5 8 9 10 -7 -11
right_child=-2 2 3 4 -6 7 -8 -9 -10 11 -12 -13
leaf_value=-0.076086977497626856 0.067481872264578871 -0.036561601610754252 0.042370072151423445 0.084933435732073723 -0.043956439554000408 -0.0018642586097601264 0.0025212573542595547 -0.052999710833090942 0.05375544844141833 0.044474885364534714 -0.06740713520227154 0.0022434701499153796
leaf_weight=39 39 39 62 38 64 43 56 39 40 39 36 51
leaf_count=39 39 39 62 38 64 43 56 39 40 39 36 51
internal_value=0.00144656 -0.00327025 0.00233104 0.0055721 -4.72962e-05 0.00816962 0.0358368 -0.00231715 0.00714036 -0.00389279 -0.0317319 0.0205438
internal_weight=585 546 507 468 406 342 94 248 209 169 79 90
internal_count=585 546 507 468 406 342 94 248 209 169 79 90
is_linear=0
shrinkage=0.0867861


Tree=51
num_leaves=12
num_cat=0
split_feature=1 5 12 10 10 2 7 4 10 11 11
split_gain=22.7878 17.4348 19.567 11.0123 26.0657 12.6861 14.2126 17.4534 8.52247 7.79354 5.91613
threshold=33.70000000000001 0.60650000000000015 4.4035714285714294 4.3500000000000005 5.5500000000000016 13.150000000000004 3297.5000000000005 -0.85225707553516283 1.0499999999999974 3.0214285714285718 2.2428571428571424
decision_type=2 2 2 2 2 2 2 2 2 2 2
left_child=-1 2 3 5 -5 10 -7 -8 -9 -10 -2
right_child=1 -3 -4 4 -6 6 7 8 9 -11 -12
leaf_value=0.065410646259350377 -0.010337005668941147 -0.060777044907094319 -0.046068584462628993 0.073374511360578321 -0.0096736383754528234 0.042634410085544007 0.041768454868724908 0.0076622305219383952 -0.06529490788894185 -0.011417903447785501 -0.056287738112465603
leaf_weight=39 51 37 59 55 59 69 47 52 39 42 36
leaf_count=39 51 37 59 55 59 69 47 52 39 42 36
internal_value=0.00132102 -0.00325681 0.000924425 0.00708573 0.0303934 -0.000822238 0.00914568 -0.00369166 -0.0197565 -0.0373587 -0.0293511
internal_weight=585 546 509 450 114 336 249 180 133 81 87
internal_count=585 546 509 450 114 336 249 180 133 81 87
is_linear=0
shrinkage=0.0867861


Tree=52
num_leaves=12
num_cat=0
split_feature=0 9 12 3 4 13 7 12 0 12 9
split_gain=20.4979 17.4416 14.5691 21.5381 24.6868 27.1077 18.7715 17.2333 16.9631 8.50663 7.28154
threshold=26.050000000000004 6.1500000000000012 1.9321428571428576 -0.43733984355855576 0.0032254414201910004 2.7090221215174437 2768.5000000000005 1.5357142857142858 48.150000000000013 2.7964285714285722 3.6500000000000008
decision_type=2 2 2 2 2 2 2 2 2 2 2
left_child=-1 2 7 8 5 9 -6 -2 -4 -5 -10
right_child=1 -3 3 4 6 -7 -8 -9 10 -11 -12
leaf_value=0.041411807881831429 -0.0043039320810555285 -0.061867831308327972 0.052170325128167869 -0.066532640441579305 -0.030308297047529423 0.051906565433321492 -0.11417990408999994 0.064819967242976118 0.014041077040251839 -0.01282600502439264 -0.034278845158490008
leaf_weight=67 71 44 52 36 44 40 37 44 48 58 46
leaf_count=67 71 44 52 36 44 40 37 44 48 58 46
internal_value=-0.00376855 -0.00958986 -0.00475744 -0.013327 -0.0307956 -0.0079315 -0.06862 0.0221435 0.0123973 -0.0333945 -0.00960483
internal_weight=587 520 476 361 215 134 81 115 146 94 94
internal_count=587 520 476 361 215 134 81 115 146 94 94
is_linear=0
shrinkage=0.0867861


Tree=53
num_leaves=12
num_cat=0
split_feature=0 9 12 3 4 13 11 0 12 12 12
split_gain=17.0944 14.5456 12.15 17.9619 20.5878 22.6067 17.0811 15.6911 14.3719 8.98642 7.09419
threshold=26.050000000000004 6.1500000000000012 1.9321428571428576 -0.43733984355855576 0.0032254414201910004 2.7090221215174437 2.8928571428571432 62.350000000000001 1.5357142857142858 3.8035714285714293 2.7964285714285722
decision_type=2 2 2 2 2 2 2 2 2 2 2
left_child=-1 2 8 7 5 10 -6 9 -2 -4 -5
right_child=1 -3 3 4 6 -7 -8 -9 -10 -11 -12
leaf_value=0.037817837301603735 -0.0039304105454819587 -0.056498565076576947 0.058593215539582202 -0.060758533319039063 -0.024260984570387886 0.047401797119152114 -0.10402266253286629 -0.035804623356726205 0.059194495554992364 0.0074793271159730498 -0.011712885510139586
leaf_weight=67 71 44 44 36 42 40 39 39 44 63 58
leaf_count=67 71 44 44 36 42 40 39 39 44 63 58
internal_value=-0.00344149 -0.0087576 -0.00434456 -0.0121704 -0.0281229 -0.00724316 -0.0626648 0.0113214 0.0202217 0.0284981 -0.0304963
internal_weight=587 520 476 361 215 134 81 146 115 107 94
internal_count=587 520 476 361 215 134 81 146 115 107 94
is_linear=0
shrinkage=0.0867861


Tree=54
num_leaves=13
num_cat=0
split_feature=0 0 9 12 7 7 2 0 4 13 3 9
split_gain=14.256 12.6462 12.818 13.7274 11.1109 18.4345 17.5619 10.6526 27.6181 9.16188 7.51453 5.46617
threshold=26.050000000000004 30.650000000000002 0.90000000000000224 2.0392857142857146 2177.5000000000005 6051.0000000000009 19.750000000000007 45.650000000000013 -0.20180761162458913 2.2783135384008877 0.15951094710994368 -0.29999999999999888
decision_type=2 2 2 2 2 2 2 2 2 2 2 2
left_child=-1 -2 3 -3 -4 7 -7 9 -9 -6 -8 -5
right_child=1 2 4 11 5 6 10 8 -10 -11 -12 -13
leaf_value=0.034535776345295664 -0.050437900155884278 0.064463936961087431 -0.051919943278145204 -0.023922281583533215 0.0076008051454082501 -0.083993441239774494 -0.035967404002203433 0.028411586550522658 -0.058915785949998085 0.062847330955744657 0.018370546539370616 0.023902762843309305
leaf_weight=67 48 38 45 36 52 36 41 65 47 40 36 36
leaf_count=67 48 38 45 36 52 36 41 65 47 40 36 36
internal_value=-0.00314282 -0.00799756 -0.00368159 0.022263 -0.0115653 -0.00583672 -0.0339565 0.00973945 -0.00823471 0.031621 -0.0105626 -9.74513e-06
internal_weight=587 520 472 110 362 317 113 204 112 92 77 72
internal_count=587 520 472 110 362 317 113 204 112 92 77 72
is_linear=0
shrinkage=0.0867861


Tree=55
num_leaves=13
num_cat=0
split_feature=0 9 12 3 11 4 0 6 4 12 10 4
split_gain=11.889 11.8311 9.41466 14.952 17.409 15.2709 13.3079 11.6374 8.33049 7.69582 5.54723 5.45201
threshold=26.050000000000004 6.1500000000000012 1.9428571428571426 -0.43733984355855576 2.3928571428571437 -0.20180761162458913 62.20000000000001 13.550000000000002 -0.031174269516803247 3.8035714285714293 3.7999999999999994 0.063390085881955258
decision_type=2 2 2 2 2 2 2 2 2 2 2 2
left_child=-1 2 7 6 8 10 9 11 -5 -4 -6 -2
right_child=1 -3 3 4 5 -7 -8 -9 -10 -11 -12 -13
leaf_value=0.031538550166413132 0.020234363342021135 -0.050359903359078459 0.055015261631133287 0.03288882448002671 0.0020459832979141065 -0.081571298117404947 -0.031491853281755751 0.057560741069465723 -0.022500472154295799 0.0075573546469844587 -0.043380450066974628 -0.025791281493942435
leaf_weight=67 42 44 44 43 40 51 40 38 39 62 41 36
leaf_count=67 42 44 44 43 40 51 40 38 39 62 41 36
internal_value=-0.00287006 -0.00730348 -0.00332347 -0.0102518 -0.0248607 -0.0443704 0.0111613 0.0181782 0.00654512 0.0272569 -0.0209476 -0.00100823
internal_weight=587 520 476 360 214 132 146 116 82 106 81 78
internal_count=587 520 476 360 214 132 146 116 82 106 81 78
is_linear=0
shrinkage=0.0867861


Tree=56
num_leaves=13
num_cat=0
split_feature=0 9 1 0 1 3 2 12 8 0 0 13
split_gain=13.9569 15.9418 13.1308 23.238 15.2892 17.2666 12.9209 12.3887 28.0285 8.65401 8.1197 2.9066
threshold=20.950000000000003 6.549999999999998 43.550000000000004 32.650000000000013 67.65000000000002 0.62587949062545845 20.350000000000001 2.0392857142857146 0.059500000000000004 28.150000000000002 66.350000000000009 1.9734493237791637
decision_type=2 2 2 2 2 2 2 2 2 2 2 2
left_child=-1 2 9 -4 7 6 10 -5 -9 -2 -6 -8
right_child=1 -3 3 4 5 -7 11 8 -10 -11 -12 -13
leaf_value=-0.050106158688111219 0.070216684253473841 -0.053219035780131485 -0.062921648523917476 0.073021437074974757 0.0066908532910274791 -0.047964714256931433 0.0078228533669461482 -0.043005518459377071 0.051815575212399011 0.010040758074166808 -0.04195235064264323 0.038048987720605179
leaf_weight=42 36 37 40 37 56 57 37 39 59 36 48 68
leaf_count=42 36 37 40 37 56 57 37 39 59 36 48 68
internal_value=-0.00188463 0.00179774 0.00576582 0.000155542 0.00644753 -0.00562494 0.00592226 0.0302348 0.0140806 0.0401287 -0.0157598 0.0273979
internal_weight=592 550 513 441 401 266 209 135 98 72 104 105
internal_count=592 550 513 441 401 266 209 135 98 72 104 105
is_linear=0
shrinkage=0.0867861


Tree=57
num_leaves=13
num_cat=0
split_feature=6 2 3 2 6 8 0 2 9 13 3 13
split_gain=12.289 25.8395 20.2789 18.1407 16.4764 15.9243 29.5827 28.9825 8.83248 7.20984 6.97927 6.13482
threshold=14.750000000000002 20.650000000000009 0.52766072109828632 25.050000000000004 8.0500000000000025 0.043500000000000004 32.650000000000013 11.100000000000007 3.2999999999999994 1.9451344558059407 0.12545942051955486 2.1100101489077097
decision_type=2 2 2 2 2 2 2 2 2 2 2 2
left_child=3 2 -2 4 8 7 -7 -6 -1 -8 -11 -5
right_child=1 -3 -4 11 5 6 9 -9 -10 10 -12 -13
leaf_value=-0.010505837174039965 -0.035125449921313286 -0.073442068269448796 0.047858510614818495 0.01885995446339828 -0.008052346964110042 -0.074022678851536711 -0.013097175926214686 0.096163438949985941 -0.069759783840768197 0.0042961845240427126 0.047788769377032123 0.068854708986348087
leaf_weight=40 47 51 42 36 44 39 68 37 36 66 48 38
leaf_count=40 47 51 42 36 44 39 68 37 36 66 48 38
internal_value=-0.00172107 -0.0241885 0.00403551 0.00523786 -0.00245483 0.00663464 -0.00543024 0.0395524 -0.0385735 0.00926814 0.0226089 0.044533
internal_weight=592 140 89 452 378 302 221 81 76 182 114 74
internal_count=592 140 89 452 378 302 221 81 76 182 114 74
is_linear=0
shrinkage=0.0867861


Tree=58
num_leaves=14
num_cat=0
split_feature=0 9 1 0 1 3 12 4 3 2 0 11 6
split_gain=11.3046 13.1692 10.9553 18.257 12.169 14.3687 11.0226 10.9353 14.4117 10.4236 7.44433 6.31368 2.54358
threshold=20.950000000000003 6.549999999999998 43.550000000000004 32.250000000000007 67.65000000000002 0.62587949062545845 2.5107142857142857 -0.95242240592625282 -0.39826117949089107 17.850000000000005 28.150000000000002 3.7357142857142849 9.4500000000000011
decision_type=2 2 2 2 2 2 2 2 2 2 2 2 2
left_child=-1 2 10 -4 6 7 -5 -6 9 -9 -2 -8 -11
right_child=1 -3 3 4 5 -7 11 8 -10 12 -12 -13 -14
leaf_value=-0.044970078029662783 0.064642279195117253 -0.048261827694819001 -0.057280630681914267 0.052951317735446604 -0.032539661092541403 -0.043799902936328648 -0.022263812855533048 -0.032521992006189208 0.059603296499166909 0.034834500682142923 0.0088303593605692319 0.028786770045841306 0.0032208089903010611
leaf_weight=42 36 37 38 64 45 57 36 45 42 41 36 37 36
leaf_count=42 36 37 38 64 45 57 36 45 42 41 36 37 36
internal_value=-0.0015717 0.00174235 0.0053489 0.000224412 0.00564673 -0.00517619 0.0266606 0.00535755 0.0157562 0.000661263 0.0367363 0.00361113 0.0200541
internal_weight=592 550 513 441 403 266 137 209 164 122 72 73 77
internal_count=592 550 513 441 403 266 137 209 164 122 72 73 77
is_linear=0
shrinkage=0.0867861


Tree=59
num_leaves=15
num_cat=0
split_feature=6 2 3 2 6 8 2 4 3 2 7 13 0 7
split_gain=9.99753 20.3131 17.022 15.6793 13.969 12.6588 24.9854 24.2001 7.70911 7.1473 8.19873 4.96512 3.23469 3.01104
threshold=14.750000000000002 20.650000000000009 0.52766072109828632 25.050000000000004 8.0500000000000025 0.043500000000000004 11.100000000000007 0.55478649335567887 -0.26037633224328088 19.350000000000001 5794.5000000000009 2.1100101489077097 60.550000000000004 6738.0000000000009
decision_type=2 2 2 2 2 2 2 2 2 2 2 2 2 2
left_child=3 2 -2 4 8 6 -6 9 -1 10 12 -5 -7 -11
right_child=1 -3 -4 11 5 7 -8 -9 -10 13 -12 -13 -14 -15
leaf_value=-0.0064317762827658135 -0.032554314170261549 -0.065370093916375216 0.04347434412963426 0.018277227253380331 -0.0087921552569058641 0.028381434158576722 0.087970669587739955 -0.069800399908274094 -0.061789479428853336 0.046848532755270941 -0.039313708868465837 0.063254017289895201 -0.0079212824856561576 0.011823245092464551
leaf_weight=36 47 51 42 36 44 38 37 36 40 36 37 38 36 38
leaf_count=36 47 51 42 36 44 38 37 36 40 36 37 38 36 38
internal_value=-0.0014353 -0.0217 0.00332437 0.00484139 -0.00231039 0.00605893 0.0354081 -0.00469802 -0.0355674 0.00797055 -0.00595747 0.0413734 0.0107206 0.0288626
internal_weight=592 140 89 452 378 302 81 221 76 185 111 74 74 74
internal_count=592 140 89 452 378 302 81 221 76 185 111 74 74 74
is_linear=0
shrinkage=0.0867861


Tree=60
num_leaves=13
num_cat=0
split_feature=10 0 11 12 1 8 1 7 1 4 4 2
split_gain=12.7811 10.4989 14.7965 12.9466 15.5376 25.9223 21.7242 15.575 9.98897 8.71075 6.60873 1.32941
threshold=6.1500000000000012 23.050000000000004 4.821428571428573 1.2249999999999999 72.15000000000002 0.054500000000000007 78.550000000000011 3895.5000000000005 52.100000000000009 -0.82413948779581736 -0.95242240592625282 22.100000000000005
decision_type=2 2 2 2 2 2 2 2 2 2 2 2
left_child=1 -1 3 -3 5 8 -6 -7 -5 10 -8 -11
right_child=-2 2 -4 4 6 7 9 -9 -10 11 -12 -13
leaf_value=-0.054368426522556475 0.032820893435027657 -0.04535161062479607 -0.058670203938168831 0.0080142746290471096 -0.066448564181845707 0.082133846097997093 -0.0018091994540680499 0.016810376241059778 -0.048521238295167995 -0.032849828407937924 0.046287530161389409 -0.0092643309099735786
leaf_weight=36 61 46 37 68 46 54 48 56 36 36 39 36
leaf_count=36 61 46 37 68 46 54 48 56 36 36 39 36
internal_value=-0.00482758 -0.00909627 -0.00584966 -0.00164674 0.00315141 0.0195085 -0.0139238 0.0488783 -0.0115557 0.00127207 0.0197514 -0.0210571
internal_weight=599 538 502 465 419 214 205 110 104 159 87 72
internal_count=599 538 502 465 419 214 205 110 104 159 87 72
is_linear=0
shrinkage=0.0867861


Tree=61
num_leaves=14
num_cat=0
split_feature=2 8 9 0 4 0 1 1 9 8 4 8 11
split_gain=11.4151 10.6397 15.1655 21.2723 14.3453 21.7383 12.5676 14.7214 14.0066 15.6194 9.53398 6.9218 7.00842
threshold=27.150000000000006 0.024500000000000004 6.1500000000000012 24.300000000000001 0.86869874770991873 31.450000000000003 72.15000000000002 78.550000000000011 2.4500000000000033 0.088500000000000009 0.089118976521498958 0.19650000000000004 2.6500000000000008
decision_type=2 2 2 2 2 2 2 2 2 2 2 2 2
left_child=1 -1 3 -3 5 -5 8 -8 10 -10 -7 -9 -13
right_child=-2 2 -4 4 -6 6 7 11 9 -11 -12 12 -14
leaf_value=0.0340897081889876 0.031499677548771643 -0.07094647282811975 -0.058275749992640277 -0.069081765150698526 0.046058333561991356 0.077884536584782477 -0.060106384506853287 0.019837741514160939 -0.047532968109593399 0.031181868920838161 0.015151403885998874 0.0074488411968041826 -0.044253633837586931
leaf_weight=41 60 36 48 38 43 36 42 63 37 39 37 39 40
leaf_count=41 60 36 48 38 43 36 42 63 37 39 37 39 40
internal_value=-0.00440861 -0.00840583 -0.0119045 -0.00695818 -0.00139398 -0.00689385 0.000202668 -0.0149692 0.0189384 -0.00713982 0.0460883 -0.00161874 -0.0187296
internal_weight=599 539 498 450 414 371 333 184 149 76 73 142 79
internal_count=599 539 498 450 414 371 333 184 149 76 73 142 79
is_linear=0
shrinkage=0.0867861


Tree=62
num_leaves=13
num_cat=0
split_feature=10 4 7 9 12 3 3 3 6 9 13 2
split_gain=11.3562 9.04583 12.7632 11.4607 10.8617 15.2824 22.3901 12.9532 10.477 7.78305 5.99723 1.94152
threshold=6.1500000000000012 -0.6523320455745395 6075.0000000000009 -0.29999999999999888 1.1452991452991454 0.88621069759564464 0.49812943072827087 -0.14250824554987662 11.450000000000001 2.8999999999999999 1.6520538516674326 17.350000000000001
decision_type=2 2 2 2 2 2 2 2 2 2 2 2
left_child=1 8 3 -3 -5 6 7 10 9 -1 -6 -12
right_child=-2 2 -4 4 5 -7 -8 -9 -10 -11 11 -13
leaf_value=-0.030812775315876229 0.031461866113406532 -0.045016402351889563 -0.059530837939645018 -0.046413909906761946 -0.036522921910563735 0.041388628037103921 -0.06783816849476193 0.046987905568245121 0.045786818841511485 0.017281664832112513 0.019979866716632842 -0.0083295158012428368
leaf_weight=47 61 57 43 37 39 62 38 43 44 55 36 37
leaf_count=47 61 57 43 37 39 62 38 43 44 55 36 37
internal_value=-0.00402601 -0.00804973 -0.0149175 -0.00942074 -0.00247226 0.00390358 -0.00813825 0.00649786 0.0103898 -0.00487949 -0.00904742 0.00563126
internal_weight=599 538 392 349 292 255 193 155 146 102 112 73
internal_count=599 538 392 349 292 255 193 155 146 102 112 73
is_linear=0
shrinkage=0.0867861


Tree=63
num_leaves=12
num_cat=0
split_feature=3 3 11 13 4 12 8 4 7 13 7
split_gain=9.76023 23.8124 37.5409 14.6288 12.0935 16.6111 10.6072 9.85523 10.5702 9.82839 12.9785
threshold=0.73865729060996177 0.34235194516023087 3.0428571428571427 2.8883994578824699 0.43540432083943431 2.532142857142857 0.035500000000000011 0.71952396275653763 4088.5000000000005 2.0239039903845142 6705.0000000000009
decision_type=2 2 2 2 2 2 2 2 2 2 2
left_child=1 3 -3 6 5 -2 -1 8 -8 -10 -11
right_child=4 2 -4 -5 -6 -7 7 -9 9 10 -12
leaf_value=-0.041045440032406476 0.019565503213990001 -0.014242671733349805 0.096659716102196702 -0.052312092310814372 -0.064452392580522225 -0.042461335196524945 -0.030092601507498571 0.043357197692940025 0.037067599922547101 0.025453607886276503 -0.04680829943404699
leaf_weight=41 71 45 47 47 38 60 66 45 64 39 36
leaf_count=41 71 45 47 47 38 60 66 45 64 39 36
internal_value=-0.0036766 0.00326845 0.042414 -0.00738654 -0.0213475 -0.00884373 -0.000130521 0.00657952 -0.00149362 0.0120857 -0.00923209
internal_weight=599 430 92 338 169 131 291 250 205 139 75
internal_count=599 430 92 338 169 131 291 250 205 139 75
is_linear=0
shrinkage=0.0867861


Tree=64
num_leaves=13
num_cat=0
split_feature=0 6 11 13 2 2 1 11 5 12 11 3
split_gain=35.2902 13.5323 9.79361 15.5538 10.2149 7.19454 8.29855 7.1016 6.55478 8.73574 5.60974 1.97892
threshold=20.100000000000005 17.450000000000003 1.5571428571428587 3.1977670564190919 17.050000000000004 27.150000000000006 87.40000000000002 2.1357142857142857 0.043500000000000004 3.342857142857143 2.8928571428571432 -0.78326540922535159
decision_type=2 2 2 2 2 2 2 2 2 2 2 2
left_child=-1 2 4 5 -2 6 7 -4 9 10 -9 -11
right_child=1 -3 3 -5 -6 -7 -8 8 -10 11 -12 -13
leaf_value=0.090721567268788494 7.1038391155907638e-05 0.040911478490061361 -0.035054691160931607 -0.051731305704680944 0.05769288900877001 0.032607549401717048 -0.041378053198650955 0.042515044869860963 0.036851949547095794 -0.010429766326253921 -0.00068567449499437974 -0.03882446771211661
leaf_weight=36 62 60 38 55 37 40 44 36 41 38 61 36
leaf_count=36 62 60 38 55 37 40 44 36 41 38 61 36
internal_value=0.0074858 0.00201776 -0.00276426 -0.00896658 0.0216065 -0.00192449 -0.00662273 -0.000505784 0.00568694 -0.00178537 0.0153476 -0.0242434
internal_weight=584 548 488 389 99 334 294 250 212 171 97 74
internal_count=584 548 488 389 99 334 294 250 212 171 97 74
is_linear=0
shrinkage=0.0867861


Tree=65
num_leaves=13
num_cat=0
split_feature=0 6 3 3 6 6 1 13 1 12 13 9
split_gain=29.4306 11.2854 8.86937 12.9282 10.7183 10.102 11.9971 11.7356 9.90372 8.51523 6.36089 6.14613
threshold=20.100000000000005 17.450000000000003 0.89404822654372251 0.78325454425165997 14.850000000000003 12.950000000000001 53.250000000000007 2.3680914296164715 80.15000000000002 2.460714285714285 1.7225395146411782 3.2500000000000004
decision_type=2 2 2 2 2 2 2 2 2 2 2 2
left_child=-1 2 3 4 5 6 -2 8 10 -9 -8 -4
right_child=1 -3 11 -5 -6 -7 7 9 -10 -11 -12 -13
leaf_value=0.082848193978351067 0.032092929456694216 0.037360933334663178 0.046211760735833336 -0.057365496579824857 -0.04312032285582193 0.043364076225782214 0.0060478332376821663 -0.063897371799968114 0.028370735904987281 -0.010205206822403662 -0.044236713505602702 -0.0020341656993253933
leaf_weight=36 58 60 43 36 44 40 40 44 65 45 36 37
leaf_count=36 58 60 43 36 44 40 40 44 65 45 36 37
internal_value=0.00683614 0.00184264 -0.00252436 -0.00770522 -0.00289938 0.00249611 -0.00317999 -0.0120749 0.00349992 -0.0367497 -0.0177712 0.023898
internal_weight=584 548 488 408 372 328 288 230 141 89 76 80
internal_count=584 548 488 408 372 328 288 230 141 89 76 80
is_linear=0
shrinkage=0.0867861


Tree=66
num_leaves=13
num_cat=0
split_feature=0 11 13 2 2 11 8 8 12 3 6 10
split_gain=24.544 10.7418 11.3348 9.43531 17.4832 7.8725 11.805 11.803 10.2926 7.50967 9.84723 9.67878
threshold=20.100000000000005 1.5571428571428587 3.1977670564190919 17.250000000000004 11.400000000000004 2.092857142857143 0.21450000000000002 0.17950000000000002 2.2107142857142863 -0.92274349529687905 11.250000000000002 4.1500000000000012
decision_type=2 2 2 2 2 2 2 2 2 2 2 2
left_child=-1 3 5 4 -2 -3 7 8 -7 -10 -11 -12
right_child=1 2 -4 -5 -6 6 -8 -9 9 10 11 -13
leaf_value=0.075658126056202146 0.047381897868285533 -0.030739728221069205 -0.038099455455732942 0.056658079326954443 -0.036428519523508618 0.046455702210150766 -0.029393744422701429 0.059613608268752498 0.029918126694866595 -0.036561456374125494 0.041919208984731643 -0.021288465529015664
leaf_weight=36 38 50 65 44 37 40 57 37 42 65 36 37
leaf_count=36 38 50 65 44 37 40 57 37 42 65 36 37
internal_value=0.00624286 0.00168273 -0.00471673 0.024753 0.00603541 0.00124447 0.0063375 0.0142623 0.00663506 -0.00221397 -0.0119933 0.00988243
internal_weight=584 548 429 119 75 364 314 257 220 180 138 73
internal_count=584 548 429 119 75 364 314 257 220 180 138 73
is_linear=0
shrinkage=0.0867861


Tree=67
num_leaves=14
num_cat=0
split_feature=0 9 6 3 8 1 2 3 13 9 8 9 9
split_gain=20.4687 9.9441 14.5298 7.35733 9.19593 12.7019 6.76975 12.2947 7.23438 6.62372 6.56197 4.685 3.72253
threshold=20.100000000000005 6.400000000000003 17.450000000000003 0.89404822654372251 0.045500000000000006 55.850000000000001 19.750000000000007 -0.13398594226331254 2.1894769302669652 3.0499999999999976 0.032500000000000008 3.7999999999999994 2.2500000000000004
decision_type=2 2 2 2 2 2 2 2 2 2 2 2 2
left_child=-1 2 3 4 10 -6 7 9 11 -7 -2 -8 -5
right_child=1 -3 -4 12 5 6 8 -9 -10 -11 -12 -13 -14
leaf_value=0.069092053791743574 -0.0062863359421304506 -0.040697977225039407 0.046900465806555332 0.044554175314002152 -0.05842788013550386 0.027557306271619734 0.047512042786468693 -0.053789655000619822 -0.01413756579948606 -0.02402953339264317 0.043935799282347705 0.0041266769332386558 0.0060865460360014214
leaf_weight=36 36 39 55 36 39 38 38 49 61 37 43 37 40
leaf_count=36 36 39 55 36 39 38 38 49 61 37 43 37 40
internal_value=0.00570106 0.00153669 0.00477275 -0.00033083 -0.00528469 -0.0122426 -0.00531482 -0.0199807 0.00805701 0.00210779 0.0210498 0.0261086 0.0243081
internal_weight=584 548 509 454 378 299 260 124 136 75 79 75 76
internal_count=584 548 509 454 378 299 260 124 136 75 79 75 76
is_linear=0
shrinkage=0.0867861


Tree=68
num_leaves=14
num_cat=0
split_feature=1 12 6 12 2 6 10 6 1 8 7 12 7
split_gain=16.6907 9.18556 8.93674 8.76756 10.4514 14.6125 18.2033 10.6123 8.49738 9.49161 10.056 7.75754 5.34507
threshold=33.70000000000001 4.6000000000000005 7.0500000000000007 1.5571428571428576 20.750000000000007 14.850000000000003 2.8999999999999999 10.450000000000001 43.550000000000004 0.066500000000000017 6400.5000000000009 1.0357142857142858 4896.0000000000009
decision_type=2 2 2 2 2 2 2 2 2 2 2 2 2
left_child=-1 2 -2 11 8 6 -6 -8 -5 -10 12 -4 -11
right_child=1 -3 3 4 5 -7 7 -9 9 10 -12 -13 -14
leaf_value=0.058166171653909762 0.039900258995675092 -0.038865798652195943 -0.0011230484296926922 0.051217547719303209 -0.038508730565701872 -0.055933178881638825 -0.0026716701058055862 0.06221081599284263 -0.022850757217562818 0.019657787357617695 -0.015709122604433596 -0.056950845238922895 0.061230092468005023
leaf_weight=38 43 45 38 41 50 44 39 37 55 66 43 37 36
leaf_count=38 43 45 38 41 50 44 39 37 55 66 43 37 36
internal_value=0.00246347 -0.00122416 0.00197787 -0.0013774 0.00360204 -0.0128758 0.00216005 0.0289158 0.0152254 0.00784706 0.0194911 -0.0286648 0.0343304
internal_weight=612 574 529 486 411 170 126 76 241 200 145 75 102
internal_count=612 574 529 486 411 170 126 76 241 200 145 75 102
is_linear=0
shrinkage=0.0867861


end of trees

feature_importances:
forecast_low=118
forecast_diurnal_range=84
day_sin=82
lag_low_1d=72
roll_low_7d_mean=55
roll_low_14d_mean=55
forecast_high=53
day_cos=53
forecast_wind=53
forecast_radiation=48
roll_low_7d_std=44
forecast_evap=37
lag_low_2d=29
forecast_precip=26

parameters:
[boosting: gbdt]
[objective: regression]
[metric: l2]
[tree_learner: serial]
[device_type: cpu]
[data_sample_strategy: bagging]
[data: ]
[valid: ]
[num_iterations: 69]
[learning_rate: 0.0867861]
[num_leaves: 35]
[num_threads: 2]
[seed: 42]
[deterministic: 0]
[force_col_wise: 0]
[force_row_wise: 0]
[histogram_pool_size: -1]
[max_depth: -1]
[min_data_in_leaf: 36]
[min_sum_hessian_in_leaf: 0.001]
[bagging_fraction: 0.739895]
[pos_bagging_fraction: 1]
[neg_bagging_fraction: 1]
[bagging_freq: 4]
[bagging_seed: 400]
[bagging_by_query: 0]
[feature_fraction: 0.970424]
[feature_fraction_bynode: 1]
[feature_fraction_seed: 30056]
[extra_trees: 0]
[extra_seed: 12879]
[early_stopping_round: 0]
[early_stopping_min_delta: 0]
[first_metric_only: 0]
[max_delta_step: 0]
[lambda_l1: 1.18139e-05]
[lambda_l2: 6.18413e-06]
[linear_lambda: 0]
[min_gain_to_split: 0]
[drop_rate: 0.1]
[max_drop: 50]
[skip_drop: 0.5]
[xgboost_dart_mode: 0]
[uniform_drop: 0]
[drop_seed: 17869]
[top_rate: 0.2]
[other_rate: 0.1]
[min_data_per_group: 100]
[max_cat_threshold: 32]
[cat_l2: 10]
[cat_smooth: 10]
[max_cat_to_onehot: 4]
[top_k: 20]
[monotone_constraints: ]
[monotone_constraints_method: basic]
[monotone_penalty: 0]
[feature_contri: ]
[forcedsplits_filename: ]
[refit_decay_rate: 0.9]
[cegb_tradeoff: 1]
[cegb_penalty_split: 0]
[cegb_penalty_feature_lazy: ]
[cegb_penalty_feature_coupled: ]
[path_smooth: 0]
[interaction_constraints: ]
[verbosity: -1]
[saved_feature_importance_type: 0]
[use_quantized_grad: 0]
[num_grad_quant_bins: 4]
[quant_train_renew_leaf: 0]
[stochastic_rounding: 1]
[linear_tree: 0]
[max_bin: 255]
[max_bin_by_feature: ]
[min_data_in_bin: 3]
[bin_construct_sample_cnt: 200000]
[data_random_seed: 175]
[is_enable_sparse: 1]
[enable_bundle: 1]
[use_missing: 1]
[zero_as_missing: 0]
[feature_pre_filter: 1]
[pre_partition: 0]
[two_round: 0]
[header: 0]
[label_column: ]
[weight_column: ]
[group_column: ]
[ignore_column: ]
[categorical_feature: ]
[forcedbins_filename: ]
[precise_float_parser: 0]
[parser_config_file: ]
[objective_seed: 16083]
[num_class: 1]
[is_unbalance: 0]
[scale_pos_weight: 1]
[sigmoid: 1]
[boost_from_average: 1]
[reg_sqrt: 0]
[alpha: 0.9]
[fair_c: 1]
[poisson_max_delta_step: 0.7]
[tweedie_variance_power: 1.5]
[lambdarank_truncation_level: 30]
[lambdarank_norm: 1]
[label_gain: ]
[lambdarank_position_bias_regularization: 0]
[eval_at: ]
[multi_error_top_k: 1]
[auc_mu_weights: ]
[num_machines: 1]
[local_listen_port: 12400]
[time_out: 120]
[machine_list_filename: ]
[machines: ]
[gpu_platform_id: -1]
[gpu_device_id: -1]
[gpu_use_dp: 0]
[num_gpu: 1]

end of parameters

pandas_categorical:[]
