tree
version=v4
num_class=1
num_tree_per_iteration=1
label_index=0
max_feature_idx=13
objective=regression
feature_names=forecast_low forecast_high forecast_diurnal_range day_sin day_cos forecast_precip forecast_wind forecast_radiation forecast_evap lag_low_1d lag_low_2d roll_low_7d_mean roll_low_14d_mean roll_low_7d_std
feature_infos=[8.9000000000000004:82.900000000000006] [18.699999999999999:108.5] [2.3999999999999986:41.399999999999999] [-0.99999942202469239:0.99998555065071859] [-0.99997919295908244:0.9999907524084426] [0:6.6890000000000001] [4.9000000000000004:42.299999999999997] [262:8607] [0.01:0.374] [-9.9000000000000004:10.4] [-9.9000000000000004:10.4] [-3.1571428571428579:4.0285714285714294] [-2.3285714285714283:3.8214285714285703] [0.50896720822428199:5.8744807267982244]
tree_sizes=926 990 896 984 1067 1067 977 1075 980 993 986 986 824 1155 1077 1069 1154 1083 985 899 983 983 986 1070 1056 1076 991 985 989 993 994 1067 993 970 1075 985

Tree=0
num_leaves=10
num_cat=0
split_feature=3 5 0 0 6 13 4 0 3
split_gain=119.829 83.9322 99.5214 93.938 49.81 27.3971 23.2824 46.7392 14.8203
threshold=-0.92274349529687905 0.030000000000000002 77.750000000000014 33.050000000000004 11.250000000000002 1.8724188572298694 0.61067742788105683 62.650000000000013 0.54219432480460406
decision_type=2 2 2 2 2 2 2 2 2
left_child=-1 2 3 -2 5 -5 7 -6 -3
right_child=1 8 -4 4 6 -7 -8 -9 -10
leaf_value=1.2810570251291338 1.1420481174737975 1.1740882462497158 1.1294831376562524 1.2350888400182787 1.2922120897631377 1.1772247639431774 1.2168239773744076 1.2293065295574022 1.1287610019801697
leaf_weight=56 36 39 36 37 61 55 48 67 39
leaf_count=56 36 39 36 37 61 55 48 67 39
internal_value=1.20964 1.20007 1.21123 1.22091 1.2315 1.2005 1.2477 1.25928 1.15142
internal_weight=474 418 340 304 268 92 176 128 78
internal_count=474 418 340 304 268 92 176 128 78
is_linear=0
shrinkage=1


Tree=1
num_leaves=10
num_cat=0
split_feature=2 9 2 9 2 12 2 4 12
split_gain=192.924 68.4515 69.9254 41.7643 32.5242 28.2556 16.5364 14.7864 8.75046
threshold=21.850000000000005 1.0000000180025095e-35 13.549999999999999 0.90000000000000224 18.500000000000007 0.89642857142857169 25.550000000000001 -0.15950993297387567 1.3035714285714286
decision_type=2 2 2 2 2 2 2 2 2
left_child=1 5 -3 -2 8 -1 -5 -6 -4
right_child=3 2 4 6 7 -7 -8 -9 -10
leaf_value=-0.097941724898004706 0.0049647237286705439 -0.072860966505592081 0.0071291533415812503 0.037765377933511229 -0.043034644163190333 -0.039619067438550905 0.078903289669580989 0.0018960262611890496 0.04174010069288548
leaf_weight=47 68 45 40 56 44 43 50 36 39
leaf_count=47 68 45 40 56 44 43 50 36 39
internal_value=-0.00662441 -0.0323057 -0.015642 0.036768 0.000551993 -0.0700765 0.0571701 -0.0228158 0.0242156
internal_weight=468 294 204 174 159 90 106 80 79
internal_count=468 294 204 174 159 90 106 80 79
is_linear=0
shrinkage=0.051993


Tree=2
num_leaves=9
num_cat=0
split_feature=8 0 3 4 13 4 0 0
split_gain=111.598 141.406 132.163 38.0033 68.283 32.3685 28.4669 18.7277
threshold=0.11050000000000001 75.450000000000017 0.51297097409535064 0.53312596302726967 1.9992260185529453 0.90070004940655357 65.050000000000011 65.050000000000011
decision_type=2 2 2 2 2 2 2 2
left_child=2 3 5 4 7 -1 -6 -2
right_child=1 -3 -4 -5 6 -7 -8 -9
leaf_value=0.038192251512209827 0.099782333530837042 -0.053375559052579749 -0.1003974273980876 -0.0056354685920104227 0.041559987731678211 -0.023082202934124 -0.011274215951713778 0.056837810632555337
leaf_weight=41 47 56 51 46 60 54 51 66
leaf_count=41 47 56 51 46 60 54 51 66
internal_value=0.0048953 0.0218141 -0.0328824 0.0374091 0.0462486 0.00336252 0.0172848 0.0746997
internal_weight=472 326 146 270 224 95 111 113
internal_count=472 326 146 270 224 95 111 113
is_linear=0
shrinkage=0.051993


Tree=3
num_leaves=10
num_cat=0
split_feature=9 2 12 1 9 2 1 12 11
split_gain=160.395 94.2735 52.2094 32.4279 22.7256 30.3022 21.882 30.6344 20.9001
threshold=-2.0499999999999967 22.900000000000002 1.289285714285715 70.750000000000014 0.95000000000000295 25.650000000000009 95.65000000000002 0.94285714285714273 1.7214285714285722
decision_type=2 2 2 2 2 2 2 2 2
left_child=-1 2 6 -4 -3 -6 7 -2 -5
right_child=1 4 3 8 5 -7 -8 -9 -10
leaf_value=-0.1045765152159661 0.0020910620941185761 0.018399660345836032 -0.023103812528538919 -0.0010612913399451875 0.027215673585903561 0.091872067129858195 -0.065350221601668312 -0.054947287241516971 0.048599586132604504
leaf_weight=37 70 53 44 36 36 43 36 40 63
leaf_count=37 70 53 44 36 36 43 36 40 63
internal_value=-0.000788225 0.0083333 -0.00829457 0.0140349 0.0447383 0.0624084 -0.0301652 -0.0186501 0.030541
internal_weight=458 421 289 143 132 79 146 110 99
internal_count=458 421 289 143 132 79 146 110 99
is_linear=0
shrinkage=0.051993


Tree=4
num_leaves=11
num_cat=0
split_feature=11 0 7 5 0 9 0 1 11 7
split_gain=108.786 77.8045 109.341 38.531 33.0975 41.6795 30.5768 17.5661 12.8857 10.5597
threshold=-0.035714285714285643 75.250000000000014 3825.5000000000005 0.046000000000000006 64.550000000000011 0.4500000000000029 46.95000000000001 89.050000000000011 1.3500000000000008 5374.5000000000009
decision_type=2 2 2 2 2 2 2 2 2 2
left_child=-1 2 3 6 5 -4 -2 -6 -7 -10
right_child=1 -3 4 -5 7 8 -8 -9 9 -11
leaf_value=-0.058221959726984594 -0.029047525771313802 -0.054218593162118238 0.017178676350288608 -0.064204124248036162 -0.0061865814562565595 0.098413085839715711 0.033108253857138829 0.036260697756324123 0.080548676004050551 0.041774005492982103
leaf_weight=63 46 40 54 36 47 36 40 60 37 39
leaf_count=63 46 40 54 36 47 36 40 60 37 39
internal_value=0.00563243 0.0148803 0.0218777 -0.0190427 0.0401644 0.0546989 -0.000137812 0.0176156 0.072789 0.0606512
internal_weight=498 435 395 122 273 166 86 107 112 76
internal_count=498 435 395 122 273 166 86 107 112 76
is_linear=0
shrinkage=0.051993


Tree=5
num_leaves=11
num_cat=0
split_feature=2 5 1 13 2 7 2 6 10 11
split_gain=123.913 47.5068 45.1771 41.5558 39.8696 28.5183 59.7701 23.9505 17.3612 9.25539
threshold=21.850000000000005 0.19900000000000004 71.350000000000009 2.9389819573612841 25.650000000000009 5461.5000000000009 18.050000000000001 12.250000000000002 1.1500000000000024 1.0142857142857149
decision_type=2 2 2 2 2 2 2 2 2 2
left_child=1 3 -2 5 -4 6 8 -6 -1 -7
right_child=2 -3 4 -5 7 9 -8 -9 -10 -11
leaf_value=-0.031341365317049931 -0.011134941292254667 -0.072003258723101787 0.019672859888192291 -0.058840417805619959 0.045294645199455918 -0.042099730922094333 0.071277145361604025 0.1033334505818191 0.014588626623270505 -0.0075728198341980368
leaf_weight=44 42 39 63 40 37 41 36 40 45 43
leaf_count=44 42 39 63 40 37 41 36 40 45 43
internal_value=0.00257646 -0.0186459 0.0361592 -0.0102887 0.0503474 -0.00099653 0.0147476 0.0754447 -0.00811829 -0.0244253
internal_weight=470 288 182 249 140 209 125 77 89 84
internal_count=470 288 182 249 140 209 125 77 89 84
is_linear=0
shrinkage=0.051993


Tree=6
num_leaves=10
num_cat=0
split_feature=12 7 1 0 0 4 11 4 0
split_gain=75.577 83.4806 31.092 48.5475 24.9037 53.9746 42.8646 22.4782 15.8588
threshold=1.289285714285715 3087.0000000000005 82.750000000000014 55.400000000000013 72.850000000000009 0.61067742788105683 0.67142857142857137 0.65720762023595369 67.550000000000011
decision_type=2 2 2 2 2 2 2 2 2
left_child=1 -1 3 7 5 6 -3 -2 -4
right_child=2 4 8 -5 -6 -7 -8 -9 -10
leaf_value=-0.084813003683398933 0.06393209997311354 0.079377327376043874 0.072756602925588262 -0.032035187660781755 -0.028782656705322707 -0.028481991592754968 0.005277315153786221 0.0077435673613233296 0.029095173903892307
leaf_weight=39 38 36 44 46 65 59 51 39 46
leaf_count=39 38 36 44 46 65 59 51 39 46
internal_value=0.00446044 -0.0149292 0.0272182 0.010226 -0.00201222 0.00990609 0.0359394 0.035473 0.0504408
internal_weight=463 250 213 123 211 146 87 77 90
internal_count=463 250 213 123 211 146 87 77 90
is_linear=0
shrinkage=0.051993


Tree=7
num_leaves=11
num_cat=0
split_feature=9 7 8 7 8 12 13 4 13 13
split_gain=79.3055 41.2677 34.8349 31.3464 30.6127 27.5445 20.8297 16.7528 14.225 36.5159
threshold=0.34999999999999792 4591.0000000000009 0.079500000000000015 5243.0000000000009 0.11150000000000002 1.5642857142857143 1.8912706476996595 -0.31800055644052067 1.5570880951460355 2.2039464850962616
decision_type=2 2 2 2 2 2 2 2 2 2
left_child=2 4 -1 -3 5 -2 -4 -8 -5 -10
right_child=1 3 6 8 -6 -7 7 -9 9 -11
leaf_value=-0.071503497999563084 0.036570987843788039 0.073627720132965285 -0.043687844589569889 -0.0062782280993324852 -0.044018060750081633 -0.02359203808554106 -0.023930575067033753 0.025564419791172729 0.065136591075554154 0.0031053415929151074
leaf_weight=40 48 38 44 39 41 36 36 38 46 58
leaf_count=40 48 38 44 39 41 36 36 38 46 58
internal_value=0.000341127 0.0157868 -0.0295725 0.0316541 -0.00718917 0.0107868 -0.0153586 0.00148572 0.0205003 0.0305423
internal_weight=464 306 158 181 125 84 118 74 143 104
internal_count=464 306 158 181 125 84 118 74 143 104
is_linear=0
shrinkage=0.051993


Tree=8
num_leaves=10
num_cat=0
split_feature=9 0 7 8 0 10 3 9 9
split_gain=125.993 52.6205 53.3222 45.1517 49.9929 38.9999 40.0276 24.3681 18.3103
threshold=0.24999999999999997 72.850000000000009 3582.0000000000005 0.11050000000000001 70.90000000000002 1.0499999999999974 -0.8781231054254196 2.0999999999999983 2.6500000000000026
decision_type=2 2 2 2 2 2 2 2 2
left_child=3 2 -2 -1 -5 7 -7 -4 -8
right_child=1 -3 5 4 -6 6 8 -9 -10
leaf_value=-0.073813269901773462 -0.014419292851738421 -0.030326933946235299 0.037533144216471151 0.022711971892345612 -0.058699920710637891 0.065617625631542012 0.020948480688991959 0.089923560478022344 -0.027298100275556948
leaf_weight=62 66 52 48 44 38 36 50 48 37
leaf_count=62 66 52 48 44 38 36 50 48 37
internal_value=0.000376673 0.0177711 0.026547 -0.0403312 -0.0150154 0.038893 0.0195092 0.0637284 0.000429772
internal_weight=481 337 285 144 82 219 123 96 87
internal_count=481 337 285 144 82 219 123 96 87
is_linear=0
shrinkage=0.051993


Tree=9
num_leaves=10
num_cat=0
split_feature=9 12 10 11 5 3 9 8 13
split_gain=94.2997 42.1838 46.199 34.1308 41.6424 15.9378 9.56976 29.3861 4.97382
threshold=0.4500000000000029 1.9678571428571436 2.0999999999999983 0.049999999999999656 1.0000000180025095e-35 0.75014288946266361 2.7500000000000004 0.20450000000000002 2.1405363212004
decision_type=2 2 2 2 2 2 2 2 2
left_child=3 2 6 -1 8 -4 7 -2 -5
right_child=1 -3 5 4 -6 -7 -8 -9 -10
leaf_value=-0.07567319218514601 0.054618203153806666 0.053959177112498563 -0.045007751002164774 -0.010484560722572688 -0.065897747022193143 0.0014056969146741414 0.0056448107357528485 -0.0015925225628697643 0.013801851722436293
leaf_weight=36 65 68 45 53 36 36 52 41 40
leaf_count=36 65 68 45 53 36 36 52 41 40
internal_value=0.000789692 0.0178271 0.00754676 -0.0309101 -0.018418 -0.0243795 0.0239141 0.0328763 -3.87471e-05
internal_weight=472 307 239 165 129 81 158 106 93
internal_count=472 307 239 165 129 81 158 106 93
is_linear=0
shrinkage=0.051993


Tree=10
num_leaves=10
num_cat=0
split_feature=8 0 6 7 8 4 1 0 4
split_gain=75.413 102.29 77.0654 32.1394 31.3982 50.1567 25.4493 19.8167 16.9042
threshold=0.14050000000000004 75.15000000000002 17.450000000000003 5130.0000000000009 0.05649999999999996 0.8511460603353429 89.050000000000011 62.550000000000004 0.50370931781787065
decision_type=2 2 2 2 2 2 2 2 2
left_child=2 3 4 -2 -1 8 7 -5 -6
right_child=1 -3 -4 6 5 -7 -8 -9 -10
leaf_value=0.027011652984781906 0.070664206523733217 -0.042860808404589314 -0.097235023391204711 0.020358574169099111 -0.029345995145208525 -0.071132274706739135 0.045367730621066492 -0.027048020013367841 0.016206148502112636
leaf_weight=37 41 71 38 67 40 46 63 37 49
leaf_count=37 41 71 38 67 40 46 63 37 49
internal_value=-0.00669077 0.0110234 -0.0302253 0.0294166 -0.0154209 -0.0270505 0.0192899 0.00349273 -0.00426668
internal_weight=489 279 210 208 172 135 167 104 89
internal_count=489 279 210 208 172 135 167 104 89
is_linear=0
shrinkage=0.051993


Tree=11
num_leaves=10
num_cat=0
split_feature=7 0 13 4 10 7 1 0 11
split_gain=78.8024 84.9814 65.5867 56.1427 30.1348 24.5306 15.7634 15.8148 12.4553
threshold=3281.5000000000005 75.450000000000017 2.1340769596099864 0.52583933546504591 0.4500000000000029 6135.0000000000009 82.750000000000014 67.350000000000009 1.3214285714285701
decision_type=2 2 2 2 2 2 2 2 2
left_child=2 3 -1 4 5 -2 -6 -8 -5
right_child=1 -3 -4 8 6 -7 7 -9 -10
leaf_value=-0.0078518076365396237 0.087245968885511324 -0.048420572796609919 -0.10227167922750748 -0.0034175064573738821 -0.0052877361049326168 0.028086294498327353 0.054224222013479359 0.012792872442154508 -0.042481448430900841
leaf_weight=43 36 67 37 57 58 40 40 66 36
leaf_count=43 36 67 37 57 58 40 40 66 36
internal_value=-0.00441474 0.00500651 -0.0515211 0.0157561 0.0290455 0.0561094 0.0165037 0.0284274 -0.0185391
internal_weight=480 400 80 333 240 76 164 106 93
internal_count=480 400 80 333 240 76 164 106 93
is_linear=0
shrinkage=0.051993


Tree=12
num_leaves=8
num_cat=0
split_feature=2 2 0 9 0 6 2
split_gain=136.305 63.3878 39.7263 37.3677 20.626 18.8999 18.5034
threshold=22.100000000000001 13.049999999999999 44.150000000000006 0.099999999999997854 64.550000000000011 16.050000000000004 18.950000000000006
decision_type=2 2 2 2 2 2 2
left_child=1 -1 -2 -3 -4 6 -5
right_child=2 3 4 5 -6 -7 -8
leaf_value=-0.060427726827236135 -0.00019077613248616969 -0.037464799429741076 0.075269135278665439 0.017181165360398862 0.033067186144341662 0.037470412120491854 -0.023651753214257117
leaf_weight=68 45 63 71 66 56 47 55
leaf_count=68 45 63 71 66 56 47 55
internal_value=0.00490899 -0.0163048 0.0417865 -0.00331627 0.0566604 0.0094894 -0.00137922
internal_weight=471 299 172 231 127 168 121
internal_count=471 299 172 231 127 168 121
is_linear=0
shrinkage=0.051993


Tree=13
num_leaves=12
num_cat=0
split_feature=2 9 9 2 2 12 3 4 10 7 9
split_gain=75.968 39.4124 24.8535 19.8267 26.1972 19.0187 20.4909 14.9373 12.1965 11.7401 7.29736
threshold=22.100000000000001 0.4500000000000029 2.4000000000000026 14.250000000000002 19.450000000000006 0.80357142857142794 0.29342972903661901 0.66367808336324663 1.0499999999999974 6188.5000000000009 2.7500000000000004
decision_type=2 2 2 2 2 2 2 2 2 2 2
left_child=1 7 5 -3 9 -2 -7 8 -1 10 -5
right_child=2 3 -4 4 -6 6 -8 -9 -10 -11 -12
leaf_value=-0.0503723838093613 0.040864136013530838 -0.037914726072031224 0.051452973384987055 0.046170950894584076 -0.030406341603587475 0.024558727631505434 -0.028217070050891756 -0.068683560517127082 -0.0078640412749859043 -0.0059953267335830507 0.013290336170767723
leaf_weight=36 38 37 61 37 42 37 43 39 37 37 36
leaf_count=36 38 37 61 37 42 37 43 39 37 37 36
internal_value=-0.00231498 -0.0182658 0.0245073 -0.00378286 0.00452552 0.0105778 -0.00380821 -0.0427057 -0.0288271 0.0178632 0.0299559
internal_weight=480 301 179 189 152 118 80 112 73 110 73
internal_count=480 301 179 189 152 118 80 112 73 110 73
is_linear=0
shrinkage=0.051993


Tree=14
num_leaves=11
num_cat=0
split_feature=3 11 11 5 0 13 0 11 9 6
split_gain=47.8179 29.4431 70.3358 28.7406 23.0734 20.186 17.9018 14.4936 15.4392 8.40839
threshold=-0.84315017450793706 0.092857142857143651 0.49285714285714227 0.16300000000000003 75.15000000000002 2.1639358900222634 66.65000000000002 1.2714285714285709 2.3499999999999983 11.750000000000002
decision_type=2 2 2 2 2 2 2 2 2 2
left_child=6 -2 -3 4 5 7 -1 -4 -9 -7
right_child=1 2 3 -5 -6 9 -8 8 -10 -11
leaf_value=0.054736010369575649 -0.047816711301098234 0.054215345832262646 0.03626970990283853 -0.059766844959597068 -0.045042665148305724 -0.039855016469134689 0.0072412911595891314 -0.021455050745196522 0.023792645359044601 -0.0085244030677584133
leaf_weight=41 56 44 40 36 43 39 45 47 36 57
leaf_count=41 56 44 40 36 43 39 45 47 36 57
internal_value=-0.00527266 -0.0128694 -0.00714699 -0.0162072 -0.0102219 -0.00338493 0.0298842 0.0105605 -0.00182949 -0.0212525
internal_weight=484 398 342 298 262 219 86 123 83 96
internal_count=484 398 342 298 262 219 86 123 83 96
is_linear=0
shrinkage=0.051993


Tree=15
num_leaves=11
num_cat=0
split_feature=9 0 9 12 9 3 3 2 12 2
split_gain=79.9102 39.2546 31.0365 48.6189 38.978 40.6857 26.2218 26.156 23.5628 11.5526
threshold=-2.3499999999999939 75.15000000000002 3.9500000000000033 0.77500000000000002 3.0999999999999983 -0.10837695015263894 0.15951094710994368 18.050000000000001 0.97857142857142942 21.650000000000009
decision_type=2 2 2 2 2 2 2 2 2 2
left_child=-1 2 3 6 5 9 -2 -7 -3 -5
right_child=1 8 -4 4 -6 7 -8 -9 -10 -11
leaf_value=-0.070977236465648449 0.023074379792268094 -0.05728898668787416 -0.024144777010278236 0.0097629835169289574 0.055798223604874811 -0.050963542125988831 0.081322019377505161 -0.00052336558929006914 0.0021978895170684611 0.048726197868138164
leaf_weight=38 39 36 49 48 39 47 45 68 36 36
leaf_count=38 39 36 49 48 39 47 45 68 36 36
internal_value=0.00138026 0.00758701 0.0144052 0.0202715 0.008269 -0.00104575 0.0542785 -0.0211381 -0.0275455 0.0264616
internal_weight=481 443 371 322 238 199 84 115 72 84
internal_count=481 443 371 322 238 199 84 115 72 84
is_linear=0
shrinkage=0.051993


Tree=16
num_leaves=12
num_cat=0
split_feature=2 1 13 2 10 13 2 4 12 13 6
split_gain=76.1551 54.2248 49.9669 47.1313 21.0106 23.6743 19.0211 12.9642 11.9214 5.26882 3.55598
threshold=23.150000000000002 95.65000000000002 3.0184233973533749 14.500000000000005 1.0499999999999974 1.447572417340601 27.000000000000007 -0.013976481981245098 1.1928571428571419 1.970851296268922 10.950000000000001
decision_type=2 2 2 2 2 2 2 2 2 2 2
left_child=1 2 3 8 -5 -6 10 -7 -1 -8 -2
right_child=6 -3 -4 4 5 7 9 -9 -10 -11 -12
leaf_value=-0.050012392672585511 0.036615466493969795 -0.064502049974028974 -0.052365139956693153 0.044037153199439891 0.040641163150805466 0.011503773052434909 -0.0028221445833445827 -0.031458932671307699 -0.0088136808600911467 0.025307494002918676 0.05884797807453461
leaf_weight=39 37 49 51 60 36 37 36 39 37 36 41
leaf_count=39 37 49 51 60 36 37 36 39 37 36 41
internal_value=-0.000455309 -0.0138039 -0.00549552 0.00414298 0.0192096 0.00590913 0.0305134 -0.0105428 -0.0299552 0.0112426 0.0483018
internal_weight=498 348 299 248 172 112 150 76 76 72 78
internal_count=498 348 299 248 172 112 150 76 76 72 78
is_linear=0
shrinkage=0.051993


Tree=17
num_leaves=11
num_cat=0
split_feature=2 12 8 12 4 10 8 13 6 13
split_gain=80.9257 52.2285 50.5861 36.3698 20.292 19.3907 18.8559 15.6639 11.0206 10.1405
threshold=17.100000000000005 0.57142857142857129 0.087500000000000008 0.98928571428571344 -0.31800055644052067 0.4500000000000029 0.060500000000000005 2.2039464850962616 12.850000000000003 2.089427076438096
decision_type=2 2 2 2 2 2 2 2 2 2
left_child=1 -1 -2 9 -3 -5 -6 8 -7 -4
right_child=2 4 3 5 6 7 -8 -9 -10 -11
leaf_value=-0.085413526994272265 0.06926639929950118 -0.046413596096284711 -0.033985566270054036 0.047735540914148812 -0.029039149952047608 0.0051713794867485003 0.021200297917741733 -0.020124033058534978 0.038759583115668572 -0.0019384995776504847
leaf_weight=38 38 39 56 48 36 62 46 36 46 51
leaf_count=38 38 39 56 48 36 62 46 36 46 51
internal_value=-0.00166445 -0.0322393 0.0127611 0.00557976 -0.0155399 0.0191167 -0.000855994 0.00957709 0.0194775 -0.0187108
internal_weight=496 159 337 299 121 192 82 144 108 107
internal_count=496 159 337 299 121 192 82 144 108 107
is_linear=0
shrinkage=0.051993


Tree=18
num_leaves=10
num_cat=0
split_feature=2 1 2 8 3 8 13 2 10
split_gain=71.6635 42.9933 29.8953 30.2083 26.5519 25.9304 15.6572 17.0681 7.32329
threshold=21.850000000000005 94.950000000000017 17.950000000000003 0.12850000000000003 0.22700754078277599 0.18450000000000003 1.6085311999156977 24.650000000000009 1.1500000000000024
decision_type=2 2 2 2 2 2 2 2 2
left_child=1 2 3 4 -1 -4 -2 -8 -9
right_child=6 -3 5 -5 -6 -7 7 8 -10
leaf_value=-0.00376017116905984 0.0061481840301074193 -0.060192576246417558 0.043544496694496705 0.013965943232905035 -0.057071644992844256 -0.01126563541637275 0.019350572690406999 0.071761609610129562 0.039668059336220793
leaf_weight=46 50 40 56 58 56 40 60 40 37
leaf_count=46 50 40 56 58 56 40 60 40 37
internal_value=0.00585474 -0.0100635 -0.00223082 -0.0159935 -0.0330293 0.0207069 0.0310515 0.0401403 0.0563401
internal_weight=483 296 256 160 102 96 187 137 77
internal_count=483 296 256 160 102 96 187 137 77
is_linear=0
shrinkage=0.051993


Tree=19
num_leaves=9
num_cat=0
split_feature=2 9 10 0 1 8 6 10
split_gain=81.3665 56.6782 33.3253 31.2103 30.1665 17.0826 15.931 10.0494
threshold=12.800000000000006 0.4500000000000029 0.1500000000000021 73.350000000000009 68.750000000000014 0.19250000000000003 17.150000000000002 1.8499999999999981
decision_type=2 2 2 2 2 2 2 2
left_child=-1 2 -2 4 -3 -4 7 -6
right_child=1 3 5 -5 6 -7 -8 -9
leaf_value=-0.055566339985161327 -0.046462372462452974 -0.0021727979850635799 0.031108961750083482 -0.014264461234459892 0.019831336906959037 -0.018870806183893505 0.071456535883316519 0.04801359982877438
leaf_weight=59 61 56 36 50 71 38 38 66
leaf_count=59 61 56 36 50 71 38 38 66
internal_value=0.00157384 0.00967787 -0.0180102 0.02298 0.0310416 0.00544362 0.0416702 0.0334082
internal_weight=475 416 135 281 231 74 175 137
internal_count=475 416 135 281 231 74 175 137
is_linear=0
shrinkage=0.051993


Tree=20
num_leaves=10
num_cat=0
split_feature=2 2 2 6 1 3 1 7 6
split_gain=99.3043 36.4372 15.6093 15.255 21.1868 31.0565 16.3743 16.289 8.45495
threshold=23.150000000000002 11.750000000000002 27.550000000000001 12.950000000000001 68.550000000000011 -0.21861968191509912 80.850000000000009 6746.5000000000009 10.550000000000002
decision_type=2 2 2 2 2 2 2 2 2
left_child=1 -1 8 4 -3 -6 -5 -8 -2
right_child=2 3 -4 6 5 -7 7 -9 -10
leaf_value=-0.058014581302059914 0.029268220743814896 0.0074982300348865978 0.013060309660648816 -0.019971455301248994 -0.013843538426756903 -0.074220215556896257 0.038567482673142334 -0.0087454295898950138 0.063073866878000914
leaf_weight=54 36 42 60 58 61 37 42 37 45
leaf_count=54 36 42 60 58 61 37 42 37 45
internal_value=-0.00337914 -0.0189443 0.0331603 -0.0113277 -0.0233977 -0.0366389 0.00100657 0.0164082 0.0480492
internal_weight=472 331 141 277 140 98 137 79 81
internal_count=472 331 141 277 140 98 137 79 81
is_linear=0
shrinkage=0.051993


Tree=21
num_leaves=10
num_cat=0
split_feature=11 2 0 11 11 10 11 10 10
split_gain=45.8003 34.6816 30.3228 41.6551 61.3059 32.2588 21.4398 15.1403 13.8391
threshold=2.5142857142857147 11.85 75.450000000000017 0.63571428571428512 1.0071428571428569 3.0999999999999983 0.26428571428571407 1.7500000000000002 0.54999999999999727
decision_type=2 2 2 2 2 2 2 2 2
left_child=1 -1 3 6 -5 7 -3 8 -6
right_child=-2 2 -4 4 5 -7 -8 -9 -10
leaf_value=-0.050012750868133886 0.043787608026366769 0.011278813567403248 -0.03802923866090098 -0.060039765656795599 0.021619359397928781 -0.034450219643491757 0.063078773855542544 0.042704855451819963 -0.018133452167822865
leaf_weight=51 48 54 61 51 58 44 36 42 40
leaf_count=51 48 54 61 51 58 44 36 42 40
internal_value=-0.00442141 -0.00971668 -0.00439258 0.00192075 -0.00959851 0.00438247 0.0319988 0.0165871 0.00539368
internal_weight=485 437 386 325 235 184 90 140 98
internal_count=485 437 386 325 235 184 90 140 98
is_linear=0
shrinkage=0.051993


Tree=22
num_leaves=10
num_cat=0
split_feature=13 4 13 13 11 11 12 10 9
split_gain=26.2854 47.7767 23.7326 16.0737 13.8201 16.9003 21.7646 11.3315 9.96006
threshold=2.7624131698522594 0.61067742788105683 1.3045707066293566 2.4914595528198134 0.32857142857142768 1.2785714285714287 2.1107142857142853 0.75000000000000011 1.4500000000000031
decision_type=2 2 2 2 2 2 2 2 2
left_child=2 -2 -1 4 -4 7 8 -6 -7
right_child=1 -3 3 -5 5 6 -8 -9 -10
leaf_value=-0.017895414544279519 0.005434089948019586 -0.068639583027339593 -0.016492833158443465 0.046627244438829277 0.056683639602523338 0.01165119113066535 0.036232225172643975 0.017919594433193436 -0.020693738442250684
leaf_weight=71 68 36 42 39 36 44 44 47 62
leaf_count=71 68 36 42 39 36 44 44 47 62
internal_value=0.00298646 -0.0202068 0.00925165 0.01539 0.01096 0.0159086 0.00549239 0.034733 -0.0072675
internal_weight=489 104 385 314 275 233 150 83 106
internal_count=489 104 385 314 275 233 150 83 106
is_linear=0
shrinkage=0.051993


Tree=23
num_leaves=11
num_cat=0
split_feature=9 8 8 8 2 9 9 9 11 6
split_gain=48.086 30.5805 28.6903 19.5108 35.8227 19.2011 12.2843 19.3497 8.65427 8.16221
threshold=-2.3499999999999939 0.05649999999999996 0.12450000000000001 0.19250000000000003 20.550000000000001 2.5499999999999976 1.1500000000000024 2.4000000000000026 1.2357142857142858 12.450000000000001
decision_type=2 2 2 2 2 2 2 2 2 2
left_child=-1 -2 5 6 -5 9 -4 -8 -6 -3
right_child=1 2 3 4 8 -7 7 -9 -10 -11
leaf_value=-0.05489473734716574 0.051257259686924836 -0.023862861873177446 0.051134853108003024 -0.032273525735562865 0.00019483882296314901 -0.05263654510781033 -0.0117221088598225 0.040409693636011323 0.028312333794727508 0.010911371112730064
leaf_weight=39 36 36 37 64 53 36 38 39 67 37
leaf_count=39 36 36 37 64 53 36 38 39 67 37
internal_value=0.000453077 0.00532569 0.00126294 0.00961167 -0.000860024 -0.021562 0.0265134 0.0146823 0.0158938 -0.00623751
internal_weight=482 443 407 298 184 109 114 77 120 73
internal_count=482 443 407 298 184 109 114 77 120 73
is_linear=0
shrinkage=0.051993


Tree=24
num_leaves=11
num_cat=0
split_feature=2 12 9 6 6 6 10 6 13 10
split_gain=68.5086 49.1065 11.5393 18.768 27.68 7.2748 6.52734 5.94301 8.76327 5.07594
threshold=20.550000000000001 0.29999999999999999 3.2500000000000004 17.450000000000003 12.950000000000001 8.6500000000000004 1.1500000000000024 13.15 1.8855338976780023 1.9000000000000024
decision_type=2 2 2 2 2 2 2 2 2 2
left_child=1 -1 3 4 6 -2 -3 9 -9 -7
right_child=5 2 -4 -5 -6 7 -8 8 -10 -11
leaf_value=-0.074324457212322295 0.0012155576886824068 -0.041503276042525072 0.016841106348629634 -0.046808255258858553 0.019672859154676425 0.044832602723668763 -0.011421848416627694 0.034185804433948995 -0.00096855109429179226 0.021011412882769486
leaf_weight=36 38 39 39 38 64 57 39 36 41 42
leaf_count=36 38 39 39 38 64 57 39 36 41 42
internal_value=0.000154583 -0.0180495 -0.00879876 -0.0143541 -0.00566913 0.0218463 -0.0264626 0.0263007 0.0154672 0.0347267
internal_weight=469 255 219 180 142 214 78 176 77 99
internal_count=469 255 219 180 142 214 78 176 77 99
is_linear=0
shrinkage=0.051993


Tree=25
num_leaves=11
num_cat=0
split_feature=3 8 3 6 10 4 12 10 4 4
split_gain=41.064 21.032 53.8865 42.6143 22.3057 17.9051 16.4566 17.8057 15.9065 10.533
threshold=-0.84315017450793706 0.080500000000000016 0.19337368024598431 15.250000000000002 2.2500000000000004 -0.10837475778693634 0.32142857142857223 1.0999999999999981 -0.08269194106225343 -0.16799793862756093
decision_type=2 2 2 2 2 2 2 2 2 2
left_child=5 2 -2 6 -5 -1 -3 8 -8 -9
right_child=1 3 -4 4 -6 -7 7 9 -10 -11
leaf_value=0.00463992513228406 0.010772168757150997 0.015572050894177165 -0.067583296302359624 0.04573017551246835 -0.0028384503986244062 0.053596590923987775 -0.054922516617042234 0.014831305536205088 -0.010624724646063937 -0.021837305780698816
leaf_weight=36 46 39 49 61 44 46 56 40 36 45
leaf_count=36 46 39 49 61 44 46 56 40 36 45
internal_value=-0.00152448 -0.00815308 -0.0296427 -0.0017932 0.0253776 0.0321035 -0.0150012 -0.0217377 -0.0375886 -0.00458144
internal_weight=498 416 95 321 105 82 216 177 92 85
internal_count=498 416 95 321 105 82 216 177 92 85
is_linear=0
shrinkage=0.051993


Tree=26
num_leaves=10
num_cat=0
split_feature=5 4 0 3 8 9 12 12 0
split_gain=42.5781 27.151 17.9326 31.8019 43.7006 32.1778 18.4732 21.5575 17.3038
threshold=0.13500000000000004 0.90070004940655357 75.550000000000011 0.52766072109828632 0.11549999999999996 3.0499999999999976 1.0999999999999996 1.6678571428571429 64.750000000000014
decision_type=2 2 2 2 2 2 2 2 2
left_child=1 2 3 5 -5 8 -6 -8 -1
right_child=-2 -3 -4 4 6 -7 7 -9 -10
leaf_value=0.039733740775929421 -0.05091039417021969 -0.028607674169704365 -0.018333864010729759 -0.052347354684246609 0.036513365397796399 0.071122643265946722 -0.028661568441478293 0.023415033216133255 -0.0022434399435300187
leaf_weight=47 44 64 59 37 50 39 44 42 61
leaf_count=47 44 64 59 37 50 39 44 42 61
internal_value=-0.00212955 0.00271549 0.0080049 0.0128611 -0.00224773 0.0306423 0.0113823 -0.00322876 0.0160244
internal_weight=487 443 379 320 173 147 136 86 108
internal_count=487 443 379 320 173 147 136 86 108
is_linear=0
shrinkage=0.051993


Tree=27
num_leaves=10
num_cat=0
split_feature=2 0 3 8 8 4 0 3 4
split_gain=34.3107 17.8358 32.4594 31.6273 17.2513 11.868 16.3657 9.68515 6.96951
threshold=21.550000000000004 73.500000000000014 0.27694220057652758 0.080500000000000016 0.18450000000000003 0.60383265664488517 70.250000000000014 0.83376496542330847 0.74298546529340237
decision_type=2 2 2 2 2 2 2 2 2
left_child=1 2 8 -4 -5 6 7 -2 -1
right_child=5 -3 3 4 -6 -7 -8 -9 -10
leaf_value=0.039886534396977293 0.057015716995830849 -0.027490669585638356 -0.05287339549820478 0.020055990530127014 -0.024572925374868101 0.0030523393876490863 0.004607297489249677 0.025563856724135345 0.011218585422695911
leaf_weight=52 59 64 38 61 38 51 42 48 41
leaf_count=52 59 64 38 61 38 51 42 48 41
internal_value=0.00808764 -0.00321388 0.00354138 -0.0125514 0.00292566 0.0247009 0.0321108 0.0429065 0.027248
internal_weight=494 294 230 137 99 200 149 107 93
internal_count=494 294 230 137 99 200 149 107 93
is_linear=0
shrinkage=0.051993


Tree=28
num_leaves=10
num_cat=0
split_feature=2 1 4 4 5 1 3 12 6
split_gain=28.5584 36.6633 36.9226 35.7701 28.3065 25.355 15.1834 21.7338 9.26379
threshold=23.250000000000007 94.950000000000017 0.6174544326165855 0.86004965528756494 0.043500000000000004 81.450000000000017 -0.34235669412071196 1.0035714285714277 13.350000000000003
decision_type=2 2 2 2 2 2 2 2 2
left_child=1 2 4 -4 5 -1 -2 -8 -7
right_child=6 -3 3 -5 -6 8 7 -9 -10
leaf_value=0.057343523562195867 0.043744288257607698 -0.048800047026720882 -0.064351063747396756 0.0017957075907830593 -0.020147874373182634 -0.0050273352690604883 0.036934684732003085 -0.013478838849198885 0.028542160184783165
leaf_weight=46 51 48 39 51 49 50 41 53 40
leaf_count=46 51 48 39 51 49 50 41 53 40
internal_value=0.00173346 -0.00687194 0.000446405 -0.0268678 0.0137344 0.0259421 0.0209028 0.00850999 0.00989239
internal_weight=468 323 275 90 185 136 145 94 90
internal_count=468 323 275 90 185 136 145 94 90
is_linear=0
shrinkage=0.051993


Tree=29
num_leaves=10
num_cat=0
split_feature=2 5 6 11 3 7 12 2 7
split_gain=43.4884 28.5184 26.2441 22.9551 16.9152 12.5026 9.6223 9.03749 2.77321
threshold=23.150000000000002 0.20199999999999999 17.150000000000002 1.0285714285714278 0.48314048284850658 3456.0000000000005 0.95714285714285752 26.750000000000004 5670.5000000000009
decision_type=2 2 2 2 2 2 2 2 2
left_child=1 2 4 -2 5 -1 -7 -5 -8
right_child=3 -3 -4 7 -6 6 8 -9 -10
leaf_value=0.022243764597932689 -0.0018403018692330451 -0.054374214351207907 0.029238368854233122 0.060894585038755375 -0.034212827779407567 -0.027386407280059099 -0.0084459483255942616 0.025584394602300258 0.010674402411693342
leaf_weight=38 56 37 48 36 71 59 46 43 37
leaf_count=38 56 37 48 36 71 59 46 43 37
internal_value=-0.00130006 -0.0113143 -0.00598582 0.0236243 -0.0127219 -0.00424495 -0.0113335 0.0416752 7.75313e-05
internal_weight=471 336 299 135 251 180 142 79 83
internal_count=471 336 299 135 251 180 142 79 83
is_linear=0
shrinkage=0.051993


Tree=30
num_leaves=10
num_cat=0
split_feature=9 10 10 1 1 10 3 1 8
split_gain=39.8504 33.1465 31.7835 25.8523 51.8278 23.0021 15.7984 12.3643 14.2386
threshold=0.4500000000000029 1.1500000000000024 -1.1500000000000019 60.750000000000007 70.15000000000002 1.0000000180025095e-35 -0.84315017450793706 78.450000000000017 0.21050000000000002
decision_type=2 2 2 2 2 2 2 2 2
left_child=1 2 -1 -2 -5 -6 -7 -8 -9
right_child=3 -3 -4 4 5 6 7 8 -10
leaf_value=-0.0014289287296759081 0.051691031107251921 0.0080371578303627192 -0.062897797631541574 -0.051722755711743 0.046952386731909018 0.030973703455730056 0.022299547873135983 -0.038062226672337524 0.0028108436519809063
leaf_weight=37 39 69 59 36 49 54 40 36 64
leaf_count=37 39 69 59 36 49 54 40 36 64
internal_value=0.00128269 -0.0194502 -0.0392067 0.0120403 0.00649773 0.015123 0.00708361 -0.00213111 -0.0119034
internal_weight=483 165 96 318 279 243 194 140 100
internal_count=483 165 96 318 279 243 194 140 100
is_linear=0
shrinkage=0.051993


Tree=31
num_leaves=11
num_cat=0
split_feature=12 7 6 3 11 1 13 12 3 3
split_gain=31.7753 29.6723 34.1482 32.8157 28.7983 11.0645 14.1877 13.9476 10.3751 7.02062
threshold=2.3571428571428568 3281.5000000000005 15.15 0.55656748448714433 0.85714285714285776 97.050000000000026 1.8524115556291914 1.3428571428571427 0.54219432480460406 -0.039770090859911449
decision_type=2 2 2 2 2 2 2 2 2 2
left_child=1 3 5 -1 -4 6 9 8 -8 -3
right_child=-2 2 4 -5 -6 -7 7 -9 -10 -11
leaf_value=-0.0029189060589101773 0.046001536479395144 0.00095826741688291432 0.063848152386337328 -0.06935468791669766 0.006057448760848537 -0.029660915598077698 0.013030850122186475 -0.037675409627138161 -0.023279438413771131 0.030827394857222048
leaf_weight=44 36 52 37 37 63 52 52 44 36 36
leaf_count=44 36 52 37 37 63 52 52 44 36 36
internal_value=-0.00101312 -0.00474939 0.00145989 -0.0332662 0.0274401 -0.00809162 -0.00299341 -0.013774 -0.00182331 0.0131775
internal_weight=489 453 372 81 100 272 220 132 88 88
internal_count=489 453 372 81 100 272 220 132 88 88
is_linear=0
shrinkage=0.051993


Tree=32
num_leaves=10
num_cat=0
split_feature=11 1 7 6 8 4 1 0 11
split_gain=30.2339 26.3879 28.881 22.9386 16.3498 14.6485 8.16272 13.3821 5.27998
threshold=-0.057142857142857391 65.600000000000009 3331.5000000000005 12.050000000000002 0.18650000000000003 0.51113019672828186 89.65000000000002 75.15000000000002 1.4785714285714284
decision_type=2 2 2 2 2 2 2 2 2
left_child=-1 3 -3 -2 5 -4 8 -8 -6
right_child=1 2 4 -5 6 -7 7 -9 -10
leaf_value=-0.039377970703663355 0.0060057580907918306 -0.042450364104623647 0.035163373076450691 0.060209327321060754 -0.032915508256901913 -0.0052482680842864445 0.021169409519382565 -0.015124031615459067 -0.004755850249943119
leaf_weight=46 46 41 67 39 36 38 57 53 36
leaf_count=46 46 41 67 39 36 38 57 53 36
internal_value=0.000605643 0.00505903 -0.00163124 0.0308757 0.00420005 0.0205382 -0.00522577 0.00368253 -0.0188357
internal_weight=459 413 328 85 287 105 182 110 72
internal_count=459 413 328 85 287 105 182 110 72
is_linear=0
shrinkage=0.051993


Tree=33
num_leaves=10
num_cat=0
split_feature=2 6 9 7 2 9 7 6 3
split_gain=40.7054 31.8268 30.7134 27.9568 21.9284 21.861 21.0534 14.9235 8.45663
threshold=15.550000000000002 15.65 2.3499999999999983 2688.5000000000005 24.399999999999999 2.3499999999999983 5358.0000000000009 12.350000000000003 -0.51297808981038739
decision_type=2 2 2 2 2 2 2 2 2
left_child=3 4 -3 -1 6 -6 7 -2 -8
right_child=1 2 -4 -5 5 -7 8 -9 -10
leaf_value=0.0083256004189588614 0.028411593837531449 0.068525293350016794 0.0048090386363216237 -0.046893959267051151 0.00075875546608925265 0.053676868160270806 -0.045714312835338736 -0.015678454448960343 -0.013839006719201191
leaf_weight=39 49 43 39 68 51 36 36 36 60
leaf_count=39 49 43 39 68 51 36 36 36 60
internal_value=0.00129717 0.00987685 0.0382213 -0.0267672 0.00120428 0.022656 -0.00910672 0.00973811 -0.0257923
internal_weight=457 350 82 107 268 87 181 85 96
internal_count=457 350 82 107 268 87 181 85 96
is_linear=0
shrinkage=0.051993


Tree=34
num_leaves=11
num_cat=0
split_feature=9 7 5 11 0 0 13 13 7 4
split_gain=31.5871 31.8705 25.5914 21.2246 17.1122 15.755 12.4211 10.1658 9.49341 7.57861
threshold=0.95000000000000295 3374.0000000000005 0.043500000000000004 1.4642857142857131 43.70000000000001 57.95000000000001 1.519398369097255 1.9811011520782353 7061.5000000000009 0.55478649335567887
decision_type=2 2 2 2 2 2 2 2 2 2
left_child=1 -1 3 9 -3 -6 -5 -8 -7 -2
right_child=2 4 -4 6 5 8 7 -9 -10 -11
leaf_value=-0.064461807776883234 0.0068066375635186024 -0.041216966462623121 -0.029925609910235722 0.054294657955296206 0.026569798036246386 -0.028182093717787255 -0.0026939374049546861 0.036114316218438129 0.0047765368453893111 -0.022358707019150045
leaf_weight=38 69 41 45 36 36 54 36 37 42 37
leaf_count=38 69 41 45 36 36 54 36 37 42 37
internal_value=-0.00640034 -0.0213467 0.00572917 0.0131918 -0.0118763 -0.00276286 0.0293014 0.0169759 -0.0137626 -0.00337368
internal_weight=471 211 260 215 173 132 109 73 96 106
internal_count=471 211 260 215 173 132 109 73 96 106
is_linear=0
shrinkage=0.051993


Tree=35
num_leaves=10
num_cat=0
split_feature=4 12 2 11 9 12 10 10 12
split_gain=27.3229 30.4298 29.597 30.6088 28.092 17.3014 20.3099 10.7493 2.75859
threshold=0.75438814418115718 0.91428571428571337 22.400000000000002 1.6642857142857133 2.1500000000000026 0.76071428571428523 1.0999999999999981 0.4500000000000029 1.607142857142857
decision_type=2 2 2 2 2 2 2 2 2
left_child=2 -2 3 5 -5 -1 -7 -4 -9
right_child=1 -3 7 4 -6 6 -8 8 -10
leaf_value=0.004597103015777807 0.01514925398911598 -0.045315589775924793 0.051472201106753046 0.056171366703494263 -0.0021786668073608502 -0.055358458316033574 -0.0062297038160035925 0.010159965987522971 0.029230024621067753
leaf_weight=65 36 60 40 38 54 45 46 46 37
leaf_count=65 36 60 40 38 54 45 46 46 37
internal_value=0.00208175 -0.0226412 0.00847908 -0.00186299 0.0219224 -0.0158903 -0.0305242 0.0293314 0.0186611
internal_weight=467 96 371 248 92 156 91 123 83
internal_count=467 96 371 248 92 156 91 123 83
is_linear=0
shrinkage=0.051993


end of trees

feature_importances:
forecast_diurnal_range=38
forecast_low=32
lag_low_1d=32
day_cos=25
roll_low_14d_mean=25
day_sin=23
lag_low_2d=23
roll_low_7d_mean=23
forecast_wind=22
roll_low_7d_std=22
forecast_evap=21
forecast_high=20
forecast_radiation=20
forecast_precip=9

parameters:
[boosting: gbdt]
[objective: regression]
[metric: l2]
[tree_learner: serial]
[device_type: cpu]
[data_sample_strategy: bagging]
[data: ]
[valid: ]
[num_iterations: 36]
[learning_rate: 0.051993]
[num_leaves: 55]
[num_threads: 2]
[seed: 42]
[deterministic: 0]
[force_col_wise: 0]
[force_row_wise: 0]
[histogram_pool_size: -1]
[max_depth: -1]
[min_data_in_leaf: 36]
[min_sum_hessian_in_leaf: 0.001]
[bagging_fraction: 0.602358]
[pos_bagging_fraction: 1]
[neg_bagging_fraction: 1]
[bagging_freq: 1]
[bagging_seed: 400]
[bagging_by_query: 0]
[feature_fraction: 0.642906]
[feature_fraction_bynode: 1]
[feature_fraction_seed: 30056]
[extra_trees: 0]
[extra_seed: 12879]
[early_stopping_round: 0]
[early_stopping_min_delta: 0]
[first_metric_only: 0]
[max_delta_step: 0]
[lambda_l1: 8.01881e-05]
[lambda_l2: 5.09085e-08]
[linear_lambda: 0]
[min_gain_to_split: 0]
[drop_rate: 0.1]
[max_drop: 50]
[skip_drop: 0.5]
[xgboost_dart_mode: 0]
[uniform_drop: 0]
[drop_seed: 17869]
[top_rate: 0.2]
[other_rate: 0.1]
[min_data_per_group: 100]
[max_cat_threshold: 32]
[cat_l2: 10]
[cat_smooth: 10]
[max_cat_to_onehot: 4]
[top_k: 20]
[monotone_constraints: ]
[monotone_constraints_method: basic]
[monotone_penalty: 0]
[feature_contri: ]
[forcedsplits_filename: ]
[refit_decay_rate: 0.9]
[cegb_tradeoff: 1]
[cegb_penalty_split: 0]
[cegb_penalty_feature_lazy: ]
[cegb_penalty_feature_coupled: ]
[path_smooth: 0]
[interaction_constraints: ]
[verbosity: -1]
[saved_feature_importance_type: 0]
[use_quantized_grad: 0]
[num_grad_quant_bins: 4]
[quant_train_renew_leaf: 0]
[stochastic_rounding: 1]
[linear_tree: 0]
[max_bin: 255]
[max_bin_by_feature: ]
[min_data_in_bin: 3]
[bin_construct_sample_cnt: 200000]
[data_random_seed: 175]
[is_enable_sparse: 1]
[enable_bundle: 1]
[use_missing: 1]
[zero_as_missing: 0]
[feature_pre_filter: 1]
[pre_partition: 0]
[two_round: 0]
[header: 0]
[label_column: ]
[weight_column: ]
[group_column: ]
[ignore_column: ]
[categorical_feature: ]
[forcedbins_filename: ]
[precise_float_parser: 0]
[parser_config_file: ]
[objective_seed: 16083]
[num_class: 1]
[is_unbalance: 0]
[scale_pos_weight: 1]
[sigmoid: 1]
[boost_from_average: 1]
[reg_sqrt: 0]
[alpha: 0.9]
[fair_c: 1]
[poisson_max_delta_step: 0.7]
[tweedie_variance_power: 1.5]
[lambdarank_truncation_level: 30]
[lambdarank_norm: 1]
[label_gain: ]
[lambdarank_position_bias_regularization: 0]
[eval_at: ]
[multi_error_top_k: 1]
[auc_mu_weights: ]
[num_machines: 1]
[local_listen_port: 12400]
[time_out: 120]
[machine_list_filename: ]
[machines: ]
[gpu_platform_id: -1]
[gpu_device_id: -1]
[gpu_use_dp: 0]
[num_gpu: 1]

end of parameters

pandas_categorical:[]
