tree
version=v4
num_class=1
num_tree_per_iteration=1
label_index=0
max_feature_idx=13
objective=regression
feature_names=forecast_high forecast_low forecast_diurnal_range day_sin day_cos forecast_precip forecast_wind forecast_radiation forecast_evap lag_high_1d lag_high_2d roll_high_7d_mean roll_high_14d_mean roll_high_7d_std
feature_infos=[18.199999999999999:104.5] [-5.4000000000000004:81.799999999999997] [2.2999999999999972:42.799999999999997] [-0.99999942202469239:0.99998555065071859] [-0.99997919295908244:0.9999907524084426] [0:6.7050000000000001] [3.6000000000000001:25.5] [374:8688] [0.0080000000000000002:0.32100000000000001] [-12.299999999999995:11.700000000000005] [-12.299999999999995:11.700000000000005] [-5.1142857142857157:5.9142857142857137] [-3.7928571428571423:4.7785714285714294] [0.47559486560565012:6.7420853069146389]
tree_sizes=1054 1145 1131 1060 1214 1069 1059 1148 1067 1235 1140 1067 1135 1055 1068 1155 1158 1074 1245 1240 1075 1074 1336 1148 1242 1163 1074 1158 1150 1077 1158 1167 1165 1248 1253 1252 1163 1080

Tree=0
num_leaves=11
num_cat=0
split_feature=0 5 0 6 11 0 4 0 1 1
split_gain=1713.13 257.003 250.058 243.402 142.986 88.31 99.7969 83.8611 38.7661 35.5215
threshold=73.950000000000017 0.18750000000000003 84.350000000000009 12.450000000000001 -0.085714285714286381 93.550000000000011 -0.70289845916694649 58.350000000000001 33.050000000000004 62.45000000000001
decision_type=2 2 2 2 2 2 2 2 2 2
left_child=1 3 9 4 -1 6 -4 -6 -5 -2
right_child=2 -3 5 8 7 -7 -8 -9 -10 -11
leaf_value=-0.084083976974223582 -0.1425995655202453 -0.095363726390231371 -0.15133786053394885 0.090509917864470629 0.087248936340533018 -0.31878907084139591 -0.28546312556356868 -0.016955953811784559 0.16527284648595425 -0.069594466250333331
leaf_weight=56 89 62 62 68 87 50 45 62 66 48
leaf_count=56 89 62 62 68 87 50 45 62 66 48
internal_value=-0.0593537 0.0325601 -0.184698 0.0559631 0.0090163 -0.243573 -0.208039 0.0439945 0.127592 -0.11707
internal_weight=695 401 294 339 205 157 107 149 134 137
internal_count=695 401 294 339 205 157 107 149 134 137
is_linear=0
shrinkage=1


Tree=1
num_leaves=12
num_cat=0
split_feature=0 2 5 0 6 0 9 4 5 2 3
split_gain=1487.5 294.185 233.535 217.167 103.284 76.7402 73.671 69.0592 39.6408 33.1381 17.3245
threshold=73.950000000000017 21.050000000000001 0.018000000000000006 84.350000000000009 11.850000000000003 93.250000000000014 0.84999999999999798 -0.71502926860092908 0.21550000000000002 20.45000000000001 0.2603727204637144
decision_type=2 2 2 2 2 2 2 2 2 2 2
left_child=1 2 4 9 -1 7 -3 -5 -4 -2 -6
right_child=3 6 8 5 10 -7 -8 -9 -10 -11 -12
leaf_value=0.11727878560224159 -0.019003800480561894 -0.065086671686727146 0.082523790476467823 -0.088356960802303666 0.1923955855599227 -0.23996857127345964 0.041348054292838998 -0.20053570214642266 -0.0029245039798389489 -0.086339123280208249 0.25526282502412923
leaf_weight=81 66 50 55 59 46 52 77 46 47 71 45
leaf_count=81 66 50 55 59 46 52 77 46 47 71 45
internal_value=-0.000194836 0.0854524 0.125306 -0.116993 0.173889 -0.17186 -0.000589082 -0.137768 0.0432165 -0.0539695 0.223938
internal_weight=695 401 274 294 172 157 127 105 102 137 91
internal_count=695 401 274 294 172 157 127 105 102 137 91
is_linear=0
shrinkage=0.068384


Tree=2
num_leaves=12
num_cat=0
split_feature=0 0 0 6 11 0 4 0 1 1 1
split_gain=1291.66 188.594 183.637 166.422 102.116 66.8735 76.8899 60.005 63.119 53.8334 27.6046
threshold=73.950000000000017 84.350000000000009 36.250000000000007 12.15 -0.25714285714285612 93.550000000000011 -0.70289845916694649 62.850000000000001 34.250000000000007 35.20000000000001 62.45000000000001
decision_type=2 2 2 2 2 2 2 2 2 2 2
left_child=2 10 -1 4 -4 6 -3 8 -5 -6 -2
right_child=1 5 3 7 9 -7 -8 -9 -10 -11 -12
leaf_value=0.20795349217530767 -0.072794134325894017 -0.079466721000541335 -0.060483408355434296 0.092646263932690487 0.00058040263773288282 -0.22560175021454087 -0.19718523672999877 0.049639911942479305 0.19725491725343311 0.084358542514968257 -0.0084403812802178717
leaf_weight=46 89 62 52 56 60 50 45 45 53 89 48
leaf_count=46 89 62 52 56 60 50 45 45 53 89 48
internal_value=-0.000181756 -0.10902 0.0796284 0.0629007 0.021881 -0.16015 -0.129229 0.116349 0.143759 0.0506649 -0.0502886
internal_weight=695 294 401 355 201 157 107 154 109 149 137
internal_count=695 294 401 355 201 157 107 154 109 149 137
is_linear=0
shrinkage=0.068384


Tree=3
num_leaves=11
num_cat=0
split_feature=0 11 2 7 2 2 7 0 0 2
split_gain=1116.83 340.6 260.469 129.878 123.537 81.6539 68.5787 58.3396 54.6499 19.8303
threshold=82.600000000000009 -0.085714285714286381 20.050000000000004 3086.5000000000005 15.000000000000007 19.850000000000005 3858.5000000000005 65.050000000000011 52.45000000000001 24.250000000000007
decision_type=2 2 2 2 2 2 2 2 2 2
left_child=1 4 3 8 -1 -2 -6 -4 -3 -7
right_child=5 2 7 -5 6 9 -8 -9 -10 -11
leaf_value=0.055004706512903581 -0.082831096847648264 0.13308173526721054 0.057780305387148866 0.20948740200048466 -0.12946793625483721 -0.14553372390124417 -0.022084435994035534 -0.033878316467098275 0.036864265784000171 -0.20362038347521128
leaf_weight=58 64 72 75 80 48 51 66 57 45 68
leaf_count=58 64 72 75 80 48 51 66 57 45 68
internal_value=-0.000982596 0.0518316 0.0925826 0.142353 -0.0261324 -0.145479 -0.067435 0.0182084 0.0961916 -0.17899
internal_weight=684 501 329 197 172 183 114 132 117 119
internal_count=684 501 329 197 172 183 114 132 117 119
is_linear=0
shrinkage=0.068384


Tree=4
num_leaves=13
num_cat=0
split_feature=0 11 0 6 6 12 0 0 4 9 4 4
split_gain=969.701 295.73 171.45 99.4106 94.8305 90.8674 80.1028 65.5637 80.903 58.1813 37.048 9.80331
threshold=82.600000000000009 -0.085714285714286381 40.650000000000013 11.450000000000001 13.15 1.8851648351648356 63.150000000000013 88.750000000000014 -0.6391983530350368 1.2500000000000002 -0.34234976856068172 -0.93543596745397617
decision_type=2 2 2 2 2 2 2 2 2 2 2 2
left_child=1 4 -3 5 10 9 -5 8 -2 -4 -1 -9
right_child=7 2 3 6 -6 -7 -8 11 -10 -11 -12 -13
leaf_value=-0.016440999351136864 -0.033009041791735659 0.19395058196030313 0.010050460515747092 0.14567394198716607 0.053729374145945211 -0.053968421263011573 0.034297818707118621 -0.15295082974915714 -0.16066502857668971 0.11821181540679082 -0.092345436659235003 -0.20075949495814488
leaf_weight=56 48 57 48 85 51 47 47 45 45 45 65 45
leaf_count=56 48 57 48 85 51 47 47 45 45 45 65 45
internal_value=-0.000917716 0.0482948 0.0862669 0.0635845 -0.0243525 0.0233918 0.106121 -0.13556 -0.0949743 0.0625173 -0.0572948 -0.177218
internal_weight=684 501 329 272 172 140 132 183 93 93 121 90
internal_count=684 501 329 272 172 140 132 183 93 93 121 90
is_linear=0
shrinkage=0.068384


Tree=5
num_leaves=11
num_cat=0
split_feature=11 2 2 7 1 3 2 5 7 11
split_gain=771.775 290.25 215.203 105.527 88.4009 62.7952 60.5244 45.3304 36.1349 30.2085
threshold=-0.085714285714286381 20.050000000000004 15.000000000000007 3086.5000000000005 43.050000000000004 0.81428061195174062 24.250000000000007 0.043500000000000004 3579.0000000000005 -1.9500000000000002
decision_type=2 2 2 2 2 2 2 2 2 2
left_child=2 3 -1 7 8 6 9 -2 -3 -4
right_child=1 4 5 -5 -6 -7 -8 -9 -10 -11
leaf_value=0.026017074115962241 0.1224629007514924 -0.0088812944285520581 -0.12365508842626582 0.18448854705912546 -0.081689498724304394 -0.032385094969515214 -0.16816270353603086 0.036959328828050267 0.073682248146069676 -0.059627888187660842
leaf_weight=78 63 48 70 82 45 48 76 54 51 69
leaf_count=78 63 48 70 82 45 48 76 54 51 69
internal_value=-0.000857808 0.0715502 -0.0736898 0.125023 -0.00241119 -0.103258 -0.11904 0.0831203 0.0337095 -0.0919932
internal_weight=684 343 341 199 144 263 215 117 99 139
internal_count=684 343 341 199 144 263 215 117 99 139
is_linear=0
shrinkage=0.068384


Tree=6
num_leaves=11
num_cat=0
split_feature=0 0 7 9 6 1 11 1 7 6
split_gain=741.006 194.148 193.003 98.3045 94.2625 54.9875 44.4904 37.1623 53.6314 33.9205
threshold=64.90000000000002 87.850000000000009 2603.0000000000005 -0.20000000000000101 10.950000000000001 32.400000000000006 -2.2714285714285727 51.350000000000001 4879.5000000000009 10.850000000000003
decision_type=2 2 2 2 2 2 2 2 2 2
left_child=2 6 3 -1 -4 -6 -2 -8 -9 -3
right_child=1 9 4 -5 5 -7 7 8 -10 -11
leaf_value=-0.058252493733683533 -0.090617050154917 -0.099478096603920874 0.057776613977548422 0.066726162798447841 0.11983699794178347 0.2126787161995852 -0.052539856872489611 0.055568885747109401 -0.031379061320953583 -0.17580375921647298
leaf_weight=50 45 57 63 71 69 54 81 58 77 54
leaf_count=50 45 57 63 71 69 54 81 58 77 54
internal_value=0.00372322 -0.0611611 0.0823348 0.015072 0.126033 0.160855 -0.0289017 -0.0159778 0.00600126 -0.13684
internal_weight=679 372 307 121 186 123 261 216 135 111
internal_count=679 372 307 121 186 123 261 216 135 111
is_linear=0
shrinkage=0.068384


Tree=7
num_leaves=12
num_cat=0
split_feature=1 4 9 7 8 4 13 8 7 9 1
split_gain=538.162 115.324 121.425 85.942 72.4238 40.6511 30.1513 30.1089 48.5681 17.8901 5.16331
threshold=44.95000000000001 0.14888728888808322 1.4500000000000031 2603.0000000000005 0.035500000000000011 0.67007489853957602 2.8711617085012562 0.20049999999999998 4410.0000000000009 -1.5499999999999969 61.050000000000004
decision_type=2 2 2 2 2 2 2 2 2 2 2
left_child=3 2 7 4 -1 6 -5 8 -2 -9 -10
right_child=1 -3 -4 5 -6 -7 -8 9 10 -11 -12
leaf_value=0.078582734074275545 -0.11314280156660486 0.045914162894116088 0.032400411581552525 0.027180855483610988 -0.034601249721033719 0.12843495055665374 0.095805623174207682 -0.13531256145153261 -0.050796014563343948 -0.07920994579113752 -0.017956452294559173
leaf_weight=49 62 47 47 51 57 89 73 69 45 45 45
leaf_count=49 62 47 47 51 57 89 73 69 45 45 45
internal_value=0.0034687 -0.0538272 -0.0688226 0.0681224 0.0177654 0.0931456 0.0676634 -0.086718 -0.0666449 -0.113331 -0.0344467
internal_weight=679 360 313 319 106 213 124 266 152 114 90
internal_count=679 360 313 319 106 213 124 266 152 114 90
is_linear=0
shrinkage=0.068384


Tree=8
num_leaves=11
num_cat=0
split_feature=0 5 0 4 0 8 10 8 3 3
split_gain=572.769 161.89 114.343 111.967 102.004 70.2636 54.9091 44.1032 38.1708 43.197
threshold=72.250000000000014 0.15750000000000003 90.450000000000017 0.93469109537144635 64.90000000000002 0.044500000000000005 -0.40000000000000208 0.076500000000000012 0.42179998225932674 -0.84315017450793706
decision_type=2 2 2 2 2 2 2 2 2 2
left_child=1 3 8 4 5 -1 -7 -8 9 -2
right_child=2 -3 -4 -5 -6 6 7 -9 -10 -11
leaf_value=0.19823888961220315 -0.059765001126249384 -0.039384047868927921 -0.14118464869029998 -0.002345094540685115 0.017011706776882619 0.16388318933648766 0.022059341333936364 0.11135464641432968 -0.080008107975005724 0.014313621044931904
leaf_weight=45 72 64 73 62 54 45 45 61 83 75
leaf_count=45 72 64 73 62 54 45 45 61 83 75
internal_value=0.00323107 0.0595997 -0.0667118 0.0799154 0.100303 0.123212 0.100638 0.0735507 -0.0429804 -0.0219993
internal_weight=679 376 303 312 250 196 151 106 230 147
internal_count=679 376 303 312 250 196 151 106 230 147
is_linear=0
shrinkage=0.068384


Tree=9
num_leaves=13
num_cat=0
split_feature=12 9 9 3 7 7 13 8 12 10 7 9
split_gain=520.486 104.545 54.8913 49.3816 98.0325 56.8054 34.9451 29.5691 24.5284 21.9886 15.1737 12.8362
threshold=-0.12499999999999843 3.4000000000000026 -0.90000000000000202 0.24372619187392147 3557.5000000000005 5501.5000000000009 2.2605827342872193 0.23349999999999999 -1.353571428571428 2.4000000000000026 4410.0000000000009 -2.850000000000001
decision_type=2 2 2 2 2 2 2 2 2 2 2 2
left_child=2 3 7 6 -5 -6 -2 8 11 -3 -4 -1
right_child=1 9 10 4 5 -7 -8 -9 -10 -11 -12 -13
leaf_value=-0.062075355943120067 0.11775263408805535 0.1556005065661179 -0.05516025174647271 -0.061245645061359266 0.10536293564453166 -0.001477617389941042 0.038226411768367698 -0.12923374398793389 -0.025640556353893024 0.08866073037909715 -0.0086691017775873368 -0.10991137780597041
leaf_weight=55 45 45 53 55 48 45 61 48 46 49 86 52
leaf_count=55 45 45 53 55 48 45 61 48 46 49 86 52
internal_value=0.000621762 0.0593977 -0.0595367 0.0365475 0.0110018 0.0537655 0.0721338 -0.0823753 -0.0675363 0.120949 -0.0264457 -0.0854723
internal_weight=688 348 340 254 148 93 106 201 153 94 139 107
internal_count=688 348 340 254 148 93 106 201 153 94 139 107
is_linear=0
shrinkage=0.068384


Tree=10
num_leaves=12
num_cat=0
split_feature=0 12 6 0 5 8 4 6 3 8 1
split_gain=476.692 150.228 111.398 89.7527 82.8672 71.2189 59.0266 24.3706 22.9872 19.6331 18.5447
threshold=74.250000000000014 -0.50000000000000144 12.15 87.850000000000009 1.0000000180025095e-35 0.045500000000000006 -0.6905596507703472 10.850000000000003 0.45273815774107123 0.17650000000000002 39.050000000000004
decision_type=2 2 2 2 2 2 2 2 2 2 2
left_child=1 -1 5 6 8 -3 -2 -5 -4 -8 -7
right_child=3 2 4 7 -6 10 9 -9 -10 -11 -12
leaf_value=-0.036958127427061289 0.022250204635620188 0.081353666835945457 0.12006485969970487 -0.079714036889427867 0.048854644279929041 -0.038083297368294883 -0.083708710140228945 -0.1437714934265327 0.19046217868487758 -0.029645489045752274 0.023540139570178371
leaf_weight=74 58 78 45 56 55 46 74 57 45 55 45
leaf_count=74 58 78 45 56 55 46 74 57 45 55 45
internal_value=0.000580203 0.0506224 0.071272 -0.0641323 0.115213 0.0334865 -0.034999 -0.112208 0.155582 -0.0607339 -0.00762423
internal_weight=688 388 314 300 145 169 187 113 90 129 91
internal_count=688 388 314 300 145 169 187 113 90 129 91
is_linear=0
shrinkage=0.068384


Tree=11
num_leaves=11
num_cat=0
split_feature=0 7 0 6 0 13 1 6 6 0
split_gain=414.292 155.669 115.711 112.829 80.4573 75.9757 50.5304 31.0333 30.7277 25.1354
threshold=66.90000000000002 2392.5000000000005 84.350000000000009 9.6500000000000004 54.150000000000013 3.4859395658423171 32.750000000000007 12.550000000000002 10.050000000000002 90.450000000000017
decision_type=2 2 2 2 2 2 2 2 2 2
left_child=1 4 5 -3 -1 8 -5 9 -2 -4
right_child=2 3 7 6 -6 -7 -8 -9 -10 -11
leaf_value=0.042217576346401449 -0.0071455653082846274 0.014278290904655351 -0.047259118287038229 0.087215203788542556 -0.07867038056880607 0.056181260162178753 0.16699573082260746 -0.14080152314734359 -0.067912706514725224 -0.11268138410159066
leaf_weight=58 74 64 69 85 46 52 67 45 82 46
leaf_count=58 74 64 69 85 46 52 67 45 82 46
internal_value=0.000541897 0.0574309 -0.0489308 0.0905034 -0.0112968 -0.0152733 0.122542 -0.0926173 -0.0391299 -0.0735669
internal_weight=688 320 368 216 104 208 152 160 156 115
internal_count=688 320 368 216 104 208 152 160 156 115
is_linear=0
shrinkage=0.068384


Tree=12
num_leaves=12
num_cat=0
split_feature=2 0 6 9 8 0 6 5 2 2 6
split_gain=393.701 150.135 108.475 70.813 74.2538 60.113 58.2856 55.6873 31.6237 17.8797 9.96362
threshold=17.250000000000004 86.500000000000014 11.65 3.8500000000000001 0.065500000000000017 66.90000000000002 8.8500000000000032 0.037500000000000006 22.650000000000002 24.950000000000006 10.050000000000002
decision_type=2 2 2 2 2 2 2 2 2 2 2
left_child=2 3 6 4 -2 -6 -1 -4 -7 -3 -10
right_child=1 9 7 -5 5 8 -8 -9 10 -11 -12
leaf_value=0.067443879552803926 -0.10608058457430311 -0.087996240221939429 0.15450162429627551 0.06059146219912101 0.035553775069125972 0.0016888412158022545 -0.015033521327042523 0.058771101328612248 -0.041668045249355919 -0.14491698533253089 -0.086710002106393805
leaf_weight=79 51 64 65 45 74 54 81 51 47 45 46
leaf_count=79 51 64 65 45 74 54 81 51 47 45 46
internal_value=-0.00132489 -0.0425396 0.062275 -0.0187072 -0.0318587 -0.0146562 0.0257205 0.112574 -0.0399449 -0.111701 -0.0640747
internal_weight=702 426 276 317 272 221 160 116 147 109 93
internal_count=702 426 276 317 272 221 160 116 147 109 93
is_linear=0
shrinkage=0.068384


Tree=13
num_leaves=11
num_cat=0
split_feature=2 12 12 6 3 3 2 2 9 3
split_gain=347.005 137.281 93.496 64.8902 165.108 43.6373 41.8077 37.2652 25.2053 8.16606
threshold=20.050000000000004 -0.70714285714285741 1.2357142857142855 11.65 0.65233619298682533 0.19337368024598431 16.250000000000004 22.650000000000002 -0.90000000000000202 0.49812943072827087
decision_type=2 2 2 2 2 2 2 2 2 2
left_child=1 5 7 4 -3 -1 -5 -2 -9 -10
right_child=2 3 -4 6 -6 -7 -8 8 9 -11
leaf_value=-0.038165751650504579 -0.030228848785094149 0.10886145897135682 0.01004677461849908 0.14665993760912863 -0.055055561767158895 0.04260371138301796 0.06157580353189443 -0.11712877777865632 -0.046382012685243793 -0.086682153911301227
leaf_weight=89 69 69 85 69 49 48 45 83 51 45
leaf_count=89 69 69 85 69 49 48 45 83 51 45
internal_value=-0.00123616 0.0444267 -0.0518321 0.076459 0.0408146 -0.00984768 0.113228 -0.0730323 -0.0894837 -0.065403
internal_weight=702 369 333 232 118 137 114 248 179 96
internal_count=702 369 333 232 118 137 114 248 179 96
is_linear=0
shrinkage=0.068384


Tree=14
num_leaves=11
num_cat=0
split_feature=0 9 6 0 4 8 5 6 9 0
split_gain=276.512 110.056 98.3284 49.4332 88.5025 50.3264 31.3119 29.7893 19.1945 17.1307
threshold=83.350000000000009 4.2500000000000009 12.450000000000001 49.20000000000001 0.55478649335567887 0.12050000000000001 0.018000000000000006 12.550000000000002 0.95000000000000295 90.750000000000014
decision_type=2 2 2 2 2 2 2 2 2 2
left_child=1 2 3 -1 5 -5 8 9 -4 -2
right_child=7 -3 6 4 -6 -7 -8 -9 -10 -11
leaf_value=0.039301874674717095 -0.039537996605464268 0.10252154472182223 0.048055614365424978 0.032225142047962979 -0.11372978584281321 -0.043476861196518057 0.015566501881161801 -0.12075295393879167 0.10651880959689086 -0.091142306672221271
leaf_weight=62 88 72 59 80 46 84 70 47 48 46
leaf_count=62 88 72 59 80 46 84 70 47 48 46
internal_value=-0.0011517 0.024147 0.0115421 -0.0142724 -0.0301103 -0.00655435 0.0511855 -0.0739232 0.0744206 -0.0573541
internal_weight=702 521 449 272 210 164 177 181 107 134
internal_count=702 521 449 272 210 164 177 181 107 134
is_linear=0
shrinkage=0.068384


Tree=15
num_leaves=12
num_cat=0
split_feature=0 2 5 8 0 2 3 13 12 9 9
split_gain=308.563 109.738 101.943 89.3385 70.4132 50.234 43.1706 33.8813 37.7761 36.3195 19.4948
threshold=64.90000000000002 17.950000000000006 0.037500000000000006 0.076500000000000012 84.350000000000009 25.250000000000004 0.52766072109828632 3.4859395658423171 0.87857142857143022 -0.29999999999999888 -1.4500000000000026
decision_type=2 2 2 2 2 2 2 2 2 2 2
left_child=1 2 6 -3 7 10 -1 8 9 -2 -6
right_child=4 3 -4 -5 5 -7 -8 -9 -10 -11 -12
leaf_value=0.088799998109576853 -0.020158872071625616 -0.04380414344466551 0.01782089862389959 0.071703492282150894 -0.068931473513091299 -0.12561179401233183 0.1724865484059652 0.032539951442391697 0.023719916051115945 -0.095876199364856127 -0.01036369488630438
leaf_weight=68 83 74 64 54 65 54 51 57 48 46 45
leaf_count=68 83 74 64 54 65 54 51 57 48 46 45
internal_value=0.0025296 0.0535469 0.0874928 0.00495878 -0.0373421 -0.0716743 0.124878 -0.0132426 -0.0280047 -0.0472574 -0.0450295
internal_weight=709 311 183 128 398 164 119 234 177 129 110
internal_count=709 311 183 128 398 164 119 234 177 129 110
is_linear=0
shrinkage=0.068384


Tree=16
num_leaves=12
num_cat=0
split_feature=12 2 2 1 1 6 10 10 4 9 13
split_gain=266.349 184.812 68.7281 44.478 92.2739 28.8258 27.8231 29.9995 23.8404 19.9474 7.34891
threshold=-0.12499999999999843 20.050000000000004 18.550000000000001 38.100000000000009 30.750000000000004 11.350000000000003 0.099999999999997854 2.6500000000000026 -0.6905596507703472 -2.0499999999999967 2.6576483776058657
decision_type=2 2 2 2 2 2 2 2 2 2 2
left_child=2 3 8 4 -2 -5 -3 -8 -1 -4 -11
right_child=1 6 9 5 -6 -7 7 -9 -10 10 -12
leaf_value=0.028442307647323965 0.061505744876934394 -0.059546364036465051 -0.093301554378924886 0.015558649387172734 0.18623579068990906 0.089531311989880402 0.044620171126924325 -0.027521765911185516 -0.028081709508376029 -0.034222260476758519 -0.069659347929309154
leaf_weight=58 68 45 82 53 47 46 48 61 87 67 47
leaf_count=58 68 45 82 53 47 46 48 61 87 67 47
internal_value=0.00235737 0.0426939 -0.0411726 0.083777 0.112699 0.0500326 -0.0144274 0.00426892 -0.00546467 -0.0675591 -0.0489214
internal_weight=709 368 341 214 115 99 154 109 145 196 114
internal_count=709 368 341 214 115 99 154 109 145 196 114
is_linear=0
shrinkage=0.068384


Tree=17
num_leaves=11
num_cat=0
split_feature=12 2 2 7 7 4 6 9 13 7
split_gain=231.273 161.862 59.676 63.9192 46.4492 31.7571 22.8432 17.3149 6.38292 5.65768
threshold=-0.12499999999999843 17.250000000000004 18.550000000000001 4528.0000000000009 2805.0000000000005 0.29958852271690523 11.750000000000002 -2.0499999999999967 2.6576483776058657 2769.0000000000005
decision_type=2 2 2 2 2 2 2 2 2 2
left_child=2 6 3 9 -3 -6 -2 -4 -9 -1
right_child=1 4 7 -5 5 -7 -8 8 -10 -11
leaf_value=-0.057681362341020649 0.066429531089034641 -0.057856529492164917 -0.086935575074925053 0.052884218833180507 -0.014128674725069483 0.047748751326646209 0.11805028626891316 -0.031888446062626787 -0.064914429202962573 -0.023264683379900803
leaf_weight=45 87 50 82 55 75 80 76 67 47 45
leaf_count=45 87 50 82 55 75 80 76 67 47 45
internal_value=0.00219819 0.039785 -0.0383643 -0.00509095 -0.000667974 0.0178269 0.0906046 -0.0629518 -0.0455875 -0.040556
internal_weight=709 368 341 145 205 155 163 196 114 90
internal_count=709 368 341 145 205 155 163 196 114 90
is_linear=0
shrinkage=0.068384


Tree=18
num_leaves=13
num_cat=0
split_feature=2 9 13 8 2 10 0 13 13 0 12 3
split_gain=192.728 94.4354 73.3507 58.2761 68.2607 55.5201 46.9155 42.7433 38.7644 29.739 11.8604 11.3647
threshold=20.050000000000004 3.3499999999999983 1.7051043688025367 0.054500000000000007 11.450000000000001 -2.7000000000000006 83.350000000000009 2.2396311373442899 2.8018699382078256 74.550000000000011 1.1857142857142862 -0.11692013674435768
decision_type=2 2 2 2 2 2 2 2 2 2 2 2
left_child=1 2 -1 4 -4 -5 7 -2 -9 -7 -10 -8
right_child=6 -3 3 5 -6 9 11 8 10 -11 -12 -13
leaf_value=-0.064824834029401895 0.026307691182936736 0.10206055263950756 0.040641894759967247 -0.0050678724626287046 -0.076368198536618123 0.11072701461994884 -0.053643806081059828 -0.094456591404381784 -0.039805150351560389 0.041861289454607348 0.0068148353579414473 -0.097768639142534114
leaf_weight=47 59 69 48 56 45 61 51 46 57 57 46 61
leaf_count=47 59 69 48 56 45 61 51 46 57 57 46 61
internal_value=-0.00298759 0.0297346 0.0137906 0.0276646 -0.0160151 0.0510028 -0.0421465 -0.0228977 -0.0423902 0.0775789 -0.0190097 -0.0777976
internal_weight=703 383 314 267 93 174 320 208 149 118 103 112
internal_count=703 383 314 267 93 174 320 208 149 118 103 112
is_linear=0
shrinkage=0.068384


Tree=19
num_leaves=13
num_cat=0
split_feature=2 5 6 9 8 1 10 9 2 1 2 12
split_gain=170.698 87.3217 73.1658 64.3652 71.8108 86.0566 28.9719 31.7894 27.5377 20.3351 18.4823 9.31691
threshold=17.100000000000009 0.29950000000000004 11.950000000000001 3.8500000000000001 0.065500000000000017 44.95000000000001 1.2500000000000002 -0.40000000000000208 22.650000000000002 63.250000000000007 23.550000000000001 -0.88928571428571546
decision_type=2 2 2 2 2 2 2 2 2 2 2 2
left_child=1 2 6 4 -2 10 7 -1 9 -7 -6 -10
right_child=3 -3 -4 -5 5 8 -8 -9 11 -11 -12 -13
leaf_value=0.046438288555360245 -0.12062578733239275 -0.041723471059932488 0.10774426250741881 0.042014815981854851 0.057259136685381858 0.0084828236839653171 0.072461841193993862 -0.031747942309217118 -0.058181165929096855 -0.051515667276091685 -0.003023191630328919 -0.096989658633031398
leaf_weight=47 45 51 84 51 46 47 45 50 82 60 49 46
leaf_count=47 45 51 84 51 46 47 45 50 82 60 49 46
internal_value=-0.00278515 0.0389882 0.0572211 -0.0299527 -0.0397562 -0.0286672 0.0272328 0.00615238 -0.050859 -0.025192 0.0262207 -0.0722477
internal_weight=703 277 226 426 375 330 142 97 235 107 95 128
internal_count=703 277 226 426 375 330 142 97 235 107 95 128
is_linear=0
shrinkage=0.068384


Tree=20
num_leaves=11
num_cat=0
split_feature=2 9 9 10 7 6 3 2 9 13
split_gain=148.213 57.6826 46.8447 48.1526 77.7502 37.7538 36.0505 32.2319 20.1004 8.32224
threshold=17.100000000000009 0.84999999999999798 3.3499999999999983 1.1500000000000006 4174.0000000000009 13.550000000000002 -0.52766804058324157 23.050000000000001 -1.9500000000000026 2.6576483776058657
decision_type=2 2 2 2 2 2 2 2 2 2
left_child=2 5 3 4 9 6 -2 -3 -8 -1
right_child=1 7 -4 -5 -6 -7 8 -9 -10 -11
leaf_value=-0.016005396264856801 -0.026636255761844814 0.034621126687563376 0.095414283460838037 0.065918747334919869 0.068892970092350223 -0.006647832477139212 -0.11783392917069897 -0.027337776219864645 -0.060432691904389386 -0.056114242523192984
leaf_weight=49 76 82 51 79 50 77 54 75 62 48
leaf_count=49 76 82 51 79 50 77 54 75 62 48
internal_value=-0.00259594 -0.027911 0.036329 0.0229285 -0.000228937 -0.0471245 -0.0633354 0.00502558 -0.087299 -0.0359221
internal_weight=703 426 277 226 147 269 192 157 116 97
internal_count=703 426 277 226 147 269 192 157 116 97
is_linear=0
shrinkage=0.068384


Tree=21
num_leaves=11
num_cat=0
split_feature=2 12 10 2 11 8 12 6 11 0
split_gain=170.414 167.179 50.767 52.1118 49.2092 39.6297 39.3987 33.483 25.5283 23.8385
threshold=16.600000000000009 0.44285714285714406 -1.0499999999999969 26.750000000000004 1.921428571428571 0.16150000000000003 1.6892857142857138 10.050000000000002 0.55714285714285705 88.750000000000014
decision_type=2 2 2 2 2 2 2 2 2 2
left_child=1 7 5 4 8 -2 -3 -1 -4 -7
right_child=2 6 3 -5 -6 9 -8 -9 -10 -11
leaf_value=0.035968543113805339 -0.094944501923225594 0.15725419163662757 0.014731033925416987 -0.047847037149995691 0.066748254651144992 0.012282446140038514 0.076230196029938455 -0.033533999364548289 -0.048029297060623435 -0.054208879333719331
leaf_weight=58 60 48 88 84 62 45 69 73 46 57
leaf_count=58 60 48 88 84 62 45 69 73 46 57
internal_value=0.00497589 0.050325 -0.0204792 -0.00284254 0.016472 -0.0509244 0.109666 -0.00275456 -0.00685005 -0.0249053
internal_weight=690 248 442 280 196 162 117 131 134 102
internal_count=690 248 442 280 196 162 117 131 134 102
is_linear=0
shrinkage=0.068384


Tree=22
num_leaves=14
num_cat=0
split_feature=9 8 5 6 9 13 12 8 11 11 12 13 10
split_gain=125.193 58.6976 56.8123 55.2843 43.3868 42.2964 65.0241 49.7131 30.7826 32.2734 34.4134 15.7643 8.85989
threshold=1.4500000000000031 0.039500000000000007 0.29950000000000004 15.350000000000003 4.2500000000000009 2.8182650242364926 -1.1571428571428555 0.084499999999999909 0.5928571428571433 -0.71428571428571319 -2.3285714285714278 2.6901457183195969 -1.5499999999999969
decision_type=2 2 2 2 2 2 2 2 2 2 2 2 2
left_child=2 -2 5 4 11 8 -7 -8 9 10 -1 -3 -12
right_child=1 3 -4 -5 -6 6 7 -9 -10 -11 12 -13 -14
leaf_value=0.018781938644897456 0.11335955879242159 0.0090617811675491062 -0.082020145939386002 0.093940586970295947 0.061719084694958487 -0.042348805302796388 0.10467107762503795 0.0091804718959933428 -0.075971594554417154 0.03602882099165361 -0.067410703127150196 -0.045996779568028785 -0.027258755019869369
leaf_weight=49 47 48 54 45 46 51 46 57 45 47 61 49 45
leaf_count=49 47 48 54 45 46 51 46 57 45 47 61 49 45
internal_value=0.00463717 0.0451489 -0.0162963 0.0280016 0.00715706 -0.00741199 0.0206997 0.0519379 -0.0249415 -0.0135143 -0.0285621 -0.0187859 -0.0504422
internal_weight=690 235 455 188 143 401 154 103 247 202 155 97 106
internal_count=690 235 455 188 143 401 154 103 247 202 155 97 106
is_linear=0
shrinkage=0.068384


Tree=23
num_leaves=12
num_cat=0
split_feature=2 12 7 7 1 12 10 2 2 1 6
split_gain=143.725 132.61 50.1109 50.0747 61.7205 36.0779 33.8478 49.413 26.9682 31.9291 10.8396
threshold=16.600000000000009 0.44285714285714406 2534.0000000000005 2603.0000000000005 44.95000000000001 1.6892857142857138 2.7999999999999994 22.750000000000004 24.250000000000007 64.300000000000026 10.050000000000002
decision_type=2 2 2 2 2 2 2 2 2 2 2
left_child=1 2 -1 -2 6 -3 7 -5 9 -6 -10
right_child=3 5 -4 4 8 -7 -8 -9 10 -11 -12
leaf_value=-0.05679815283581495 -0.080637436919029623 0.14433694397311006 0.030839565621706005 0.05198491894230519 0.022338460123314367 0.066855083840697466 0.071080773179987691 -0.046510203180054298 -0.034282187530386553 -0.043171817143970427 -0.078461831485849481
leaf_weight=48 54 48 83 46 67 69 49 49 50 72 55
leaf_count=48 54 48 83 46 67 69 49 49 50 72 55
internal_value=0.004322 0.0459689 -0.00130676 -0.019055 -0.0104499 0.0988201 0.0250333 0.00119051 -0.0313938 -0.0116072 -0.0575211
internal_weight=690 248 131 442 388 117 144 95 244 139 105
internal_count=690 248 131 442 388 117 144 95 244 139 105
is_linear=0
shrinkage=0.068384


Tree=24
num_leaves=13
num_cat=0
split_feature=2 5 12 7 5 2 6 2 10 6 10 13
split_gain=101.39 79.5087 80.3034 44.0978 42.4959 45.9637 35.3207 44.3314 33.5237 26.741 19.2125 16.021
threshold=20.050000000000004 0.37300000000000005 -0.70714285714285741 4410.0000000000009 1.0000000180025095e-35 24.550000000000001 12.050000000000002 13.950000000000001 1.3499999999999981 9.3500000000000032 1.5999999999999981 2.2866590256126131
decision_type=2 2 2 2 2 2 2 2 2 2 2 2
left_child=1 2 3 -1 5 9 7 -4 11 -2 -8 -7
right_child=4 -3 6 -5 -6 8 10 -9 -10 -11 -12 -13
leaf_value=-0.051955962084736428 -0.023085616244340631 -0.06420095273295448 0.081891594761046987 0.030841815367844225 -0.084257314922338344 -0.041721566417669859 0.12074418248883419 -0.0091311078184899384 -0.0022997466037488466 0.045693729693530159 0.058850008661588869 -0.099662408634420288
leaf_weight=61 49 45 45 59 60 45 47 56 53 57 48 45
leaf_count=61 49 45 45 59 60 45 47 56 53 57 48 45
internal_value=-0.00393693 0.0206702 0.0327867 -0.0112622 -0.0326802 -0.0201987 0.0597407 0.0314991 -0.0454708 0.0139147 0.0896464 -0.0708369
internal_weight=670 361 316 120 309 249 196 101 143 106 95 90
internal_count=670 361 316 120 309 249 196 101 143 106 95 90
is_linear=0
shrinkage=0.068384


Tree=25
num_leaves=12
num_cat=0
split_feature=10 12 4 11 9 13 3 12 13 6 12
split_gain=69.0509 76.3824 49.1475 39.7217 37.735 40.0921 33.637 28.2719 27.532 21.682 14.3401
threshold=-2.2499999999999996 -0.10714285714285653 0.75438814418115718 0.55714285714285705 0.4500000000000029 2.8590291243865207 -0.67803021058859214 -1.6535714285714278 3.1495273755594231 10.250000000000002 -1.117857142857144
decision_type=2 2 2 2 2 2 2 2 2 2 2
left_child=4 7 3 -3 5 -1 -5 -2 -8 -4 -9
right_child=1 2 9 6 -6 -7 8 10 -10 -11 -12
leaf_value=-0.031497459194383119 0.012558387527226603 0.061578880802825559 0.037328871923148384 0.039741458834285287 0.012397843648111438 -0.11069575953783026 -0.067307925775547867 -0.071260901353828621 0.0037193157220166994 0.10325198473493541 -0.023800337159430224
leaf_weight=89 62 56 45 51 48 45 46 52 57 49 70
leaf_count=89 62 56 45 51 48 45 46 52 57 49 70
internal_value=-0.00366843 0.00974008 0.0307812 0.0123608 -0.0395943 -0.0582098 -0.00558912 -0.0250196 -0.0280654 0.0718283 -0.0441067
internal_weight=670 488 304 210 182 134 154 184 103 94 122
internal_count=670 488 304 210 182 134 154 184 103 94 122
is_linear=0
shrinkage=0.068384


Tree=26
num_leaves=11
num_cat=0
split_feature=0 5 4 4 4 3 0 1 8 3
split_gain=91.7612 59.381 50.7947 120.566 35.8858 34.0993 55.7623 44.3958 36.3762 10.4558
threshold=83.350000000000009 0.37300000000000005 0.92191100909954782 0.75438814418115718 -0.94137724084408114 0.85226249403558707 64.90000000000002 42.350000000000001 0.12050000000000001 -0.52766804058324157
decision_type=2 2 2 2 2 2 2 2 2 2
left_child=1 2 3 5 -2 7 -7 -1 -9 -6
right_child=4 -3 -4 -5 9 6 -8 8 -10 -11
leaf_value=-0.049176314320000948 -0.0037388230703334813 -0.063764169931579504 -0.035180833160672532 0.11791736187002864 -0.047590789936860459 0.0810730951450159 -0.012105426212191635 0.058178772094314476 -0.012512902778165047 -0.090590624304190889
leaf_weight=70 57 45 70 59 50 69 53 59 80 58
leaf_count=70 57 45 70 59 50 69 53 59 80 58
internal_value=-0.00341821 0.01105 0.0183915 0.0280192 -0.0476626 0.0119381 0.0406368 -0.00483532 0.0175303 -0.0707987
internal_weight=670 505 460 390 165 331 122 209 139 108
internal_count=670 505 460 390 165 331 122 209 139 108
is_linear=0
shrinkage=0.068384


Tree=27
num_leaves=12
num_cat=0
split_feature=2 5 7 0 1 7 8 5 0 4 2
split_gain=99.6164 51.5533 50.1826 63.9495 31.3694 27.2183 37.9362 24.365 29.6488 15.3357 8.17775
threshold=17.100000000000009 0.29950000000000004 2603.0000000000005 66.90000000000002 32.400000000000006 3567.5000000000005 0.038500000000000006 1.0000000180025095e-35 80.750000000000014 -0.5129677127369543 23.900000000000009
decision_type=2 2 2 2 2 2 2 2 2 2 2
left_child=1 5 -2 4 -4 6 -1 8 -5 10 -10
right_child=2 -3 3 7 -6 -7 -8 -9 9 -11 -12
leaf_value=0.069326757665009939 -0.090164002426361356 -0.034699880139117782 -0.0088117206411962544 0.016586229286435876 0.060752497033055637 0.075296201502732238 -0.0030865206931826464 -0.0729333477441126 -0.0034568182101118949 -0.073018434775186852 -0.044656867464832918
leaf_weight=56 46 47 60 62 61 82 85 58 45 45 45
leaf_count=56 46 47 60 62 61 82 85 58 45 45 45
internal_value=-0.00213797 0.030287 -0.022888 -0.0146171 0.026297 0.0440012 0.0257265 -0.0340363 -0.0225267 -0.0404878 -0.0241062
internal_weight=692 270 422 376 121 223 141 255 197 135 90
internal_count=692 270 422 376 121 223 141 255 197 135 90
is_linear=0
shrinkage=0.068384


Tree=28
num_leaves=12
num_cat=0
split_feature=2 6 3 12 5 6 11 3 3 1 6
split_gain=86.4979 69.1397 39.1509 39.675 36.7035 49.4067 30.6751 31.5356 24.9462 11.1935 8.22883
threshold=17.100000000000009 11.65 0.69056404122701587 -0.17142857142857151 0.12650000000000003 14.950000000000001 -2.1000000000000001 -0.35041564478062465 0.79383249484937135 35.20000000000001 8.8500000000000032
decision_type=2 2 2 2 2 2 2 2 2 2 2
left_child=1 2 3 -1 5 6 -2 10 -9 -3 -8
right_child=4 9 -4 -5 -6 -7 7 8 -10 -11 -12
leaf_value=-0.020584789812093898 -0.067972550785952268 0.044191750632700311 -0.052794310202571554 0.062576282710957221 -0.0781776293288588 0.040469483660514213 -0.0026989977700401955 -0.062092507874207004 -0.0053148983970484611 0.087417745993048121 0.036217383847777375
leaf_weight=53 63 51 48 54 47 64 58 76 69 64 45
leaf_count=53 63 51 48 54 47 64 58 76 69 64 45
internal_value=-0.00199375 0.0282209 -0.00159809 0.0214199 -0.0213293 -0.0141693 -0.0254306 -0.014581 -0.0351154 0.0683497 0.0143377
internal_weight=692 270 155 107 422 375 311 248 145 115 103
internal_count=692 270 155 107 422 375 311 248 145 115 103
is_linear=0
shrinkage=0.068384


Tree=29
num_leaves=11
num_cat=0
split_feature=2 6 7 5 7 9 11 2 2 7
split_gain=75.1042 60.6685 42.2076 33.5883 33.1758 31.3577 24.6444 22.8939 20.3179 21.1626
threshold=17.100000000000009 11.450000000000001 2603.0000000000005 0.037500000000000006 3039.5000000000005 0.099999999999997854 -2.2500000000000004 24.550000000000001 21.250000000000004 4086.5000000000005
decision_type=2 2 2 2 2 2 2 2 2 2
left_child=1 3 -2 -1 -3 6 -4 -8 -7 -10
right_child=2 4 5 -5 -6 8 7 -9 9 -11
leaf_value=0.023366954106490544 -0.081573155300145889 0.026757889351022971 -0.068025514313641317 -0.043079669728247491 0.098142720257758762 0.047483355744196043 0.007463328758084903 -0.045534088220938775 -0.041934502094215967 0.017903864612224679
leaf_weight=89 46 62 57 59 60 48 88 67 45 71
leaf_count=89 46 62 57 59 60 48 88 67 45 71
internal_value=-0.00185776 0.0262967 -0.0198749 -0.0031426 0.0619606 -0.0122903 -0.0296491 -0.0154722 0.0101572 -0.00533909
internal_weight=692 270 422 148 122 376 212 155 164 116
internal_count=692 270 422 148 122 376 212 155 164 116
is_linear=0
shrinkage=0.068384


Tree=30
num_leaves=12
num_cat=0
split_feature=0 0 1 6 9 3 3 3 6 3 2
split_gain=77.9063 49.281 60.5344 41.462 41.8008 40.6165 55.7168 23.26 22.2626 16.5181 11.8831
threshold=36.250000000000007 83.350000000000009 30.950000000000003 12.550000000000002 3.4000000000000026 0.074116354202380164 0.77244481603295057 0.62587949062545845 12.550000000000002 -0.31799228562170639 18.750000000000007
decision_type=2 2 2 2 2 2 2 2 2 2 2
left_child=-1 2 -2 4 5 10 -7 -5 9 -3 -4
right_child=1 8 3 7 -6 6 -8 -9 -10 -11 -12
leaf_value=0.08415738700737864 -0.047261025626460645 -0.046752583480688899 0.043743675016643273 0.077513898087063896 0.059976747179339492 -0.099015994941379415 0.00049191924191197998 0.022902118044440332 -0.074829956713060766 0.0024816354655577003 -0.0029623869834725803
leaf_weight=50 80 59 48 64 46 45 63 85 48 69 54
leaf_count=50 80 59 48 64 46 45 63 85 48 69 54
internal_value=0.00201531 -0.00421996 0.00703002 0.0177708 0.00107088 -0.0118737 -0.0410681 0.0464265 -0.0351961 -0.020247 0.0190563
internal_weight=711 661 485 405 256 210 108 149 176 128 102
internal_count=711 661 485 405 256 210 108 149 176 128 102
is_linear=0
shrinkage=0.068384


Tree=31
num_leaves=12
num_cat=0
split_feature=13 11 7 3 6 8 12 3 3 13 1
split_gain=48.0711 40.2146 55.8674 24.8819 36.9879 50.4382 50.5648 42.0626 41.515 20.881 13.2634
threshold=4.5671965644175474 -2.1000000000000001 5072.5000000000009 -0.38242426011641079 17.050000000000004 0.040500000000000008 0.31071428571428605 0.80417553764032002 0.49812943072827087 1.8029076850229748 39.850000000000001
decision_type=2 2 2 2 2 2 2 2 2 2 2
left_child=1 2 -1 9 5 -5 8 -8 -7 -3 -11
right_child=-2 3 -4 4 -6 6 7 -9 -10 10 -12
leaf_value=-0.091572637994737749 0.059826356989691465 -0.012219483909526076 0.0011170147559512694 0.041996299629363916 0.050701258873054787 -0.039759200813095169 -0.11249692754864901 -0.027306572161059826 0.038670952446886044 0.010407208619519423 0.055402357209514856
leaf_weight=53 61 51 71 58 46 61 46 66 65 48 85
leaf_count=53 61 51 71 58 46 61 46 66 65 48 85
internal_value=0.00187786 -0.00357585 -0.0385777 0.00468619 -0.00622371 -0.0150963 -0.0290314 -0.0624232 0.000698176 0.0249503 0.0392005
internal_weight=711 650 124 526 342 296 238 112 126 184 133
internal_count=711 650 124 526 342 296 238 112 126 184 133
is_linear=0
shrinkage=0.068384


Tree=32
num_leaves=12
num_cat=0
split_feature=0 0 7 11 4 4 4 6 11 8 4
split_gain=65.4171 41.0892 60.8662 40.6722 37.1347 36.6814 35.502 22.7599 19.4399 37.8345 16.0331
threshold=36.250000000000007 83.350000000000009 2283.5000000000005 2.6428571428571446 0.61067742788105683 0.70747208174348741 -0.94137724084408114 14.750000000000002 0.55714285714285705 0.12250000000000001 -0.77243990499604276
decision_type=2 2 2 2 2 2 2 2 2 2 2
left_child=-1 2 4 5 -2 7 -3 8 9 -4 -8
right_child=1 6 3 -5 -6 -7 10 -9 -10 -11 -12
leaf_value=0.077019540079611704 0.0036070302104060131 0.009383360891036651 0.072597274077228352 -0.040069725774317028 -0.073447870128020301 0.083595968729747602 -0.084900114124735096 0.056425776585558418 -0.016156276725137916 -0.0039805858596707643 -0.032854138392497623
leaf_weight=50 56 62 49 46 61 48 48 59 88 78 66
leaf_count=50 56 62 49 46 61 48 48 59 88 78 66
internal_value=0.00174899 -0.00396464 0.00630788 0.0199675 -0.0366194 0.0285623 -0.0322493 0.0188715 0.00852628 0.0256278 -0.0548702
internal_weight=711 661 485 368 117 322 176 274 215 127 114
internal_count=711 661 485 368 117 322 176 274 215 127 114
is_linear=0
shrinkage=0.068384


Tree=33
num_leaves=13
num_cat=0
split_feature=9 13 7 10 12 13 3 2 7 7 13 3
split_gain=64.0309 51.1206 57.5669 42.1415 42.7472 34.5943 31.7497 56.5136 35.1472 17.7121 15.5925 5.18755
threshold=3.4000000000000026 4.5366637956894644 2118.5000000000005 1.2500000000000002 0.56428571428571439 3.4656124608508549 0.10837544681456417 20.600000000000009 4437.0000000000009 3474.0000000000005 2.1700883669563749 0.75014288946266361
decision_type=2 2 2 2 2 2 2 2 2 2 2 2
left_child=1 2 -1 4 6 -2 8 -8 -4 -5 -10 -11
right_child=5 -3 3 9 -6 -7 7 -9 10 11 -12 -13
leaf_value=-0.069736753114574376 0.085026665813734872 0.059113181985437337 -0.077919754027766616 0.06025672217212364 -0.072013714285614414 0.008360624060077558 0.069640383516022433 -0.033331527255954063 0.010073460606736886 0.024148836361368151 -0.039939748157744911 -0.0082705690413543073
leaf_weight=79 55 46 45 45 60 55 54 46 82 46 45 46
leaf_count=79 55 46 45 45 60 55 54 46 82 46 45 46
internal_value=-0.00110772 -0.00998613 -0.0158044 -0.00669597 -0.0198615 0.046772 -0.00831618 0.0222992 -0.0261207 0.0251925 -0.00768005 0.00795506
internal_weight=704 594 548 469 332 110 272 100 172 137 127 92
internal_count=704 594 548 469 332 110 272 100 172 137 127 92
is_linear=0
shrinkage=0.068384


Tree=34
num_leaves=13
num_cat=0
split_feature=9 13 4 11 13 0 11 4 7 4 4 11
split_gain=55.599 44.3926 61.3195 35.7238 30.0395 21.5584 30.5387 43.1449 34.4158 70.0444 19.7929 10.9312
threshold=3.4000000000000026 4.5366637956894644 0.92191100909954782 -2.2714285714285727 3.4656124608508549 87.550000000000011 0.13571428571428712 -0.19337245081799001 3691.5000000000005 0.70747208174348741 -0.67801649466304881 -1.2214285714285718
decision_type=2 2 2 2 2 2 2 2 2 2 2 2
left_child=1 2 3 10 -2 6 7 11 9 -8 -1 -5
right_child=4 -3 -4 5 -6 -7 8 -9 -10 -11 -12 -13
leaf_value=-0.015597324514510116 0.079231684193786636 0.055086970733384248 -0.082408281807768435 0.027868177512006286 0.0077908081427980821 -0.033133743706822878 -0.098031147983005135 0.083157068018683694 0.022357446832777815 0.021775419107684376 -0.076136094518570355 -0.017066695509531375
leaf_weight=56 55 46 56 52 55 66 46 51 81 45 46 49
leaf_count=56 55 46 56 52 55 66 46 51 81 45 46 49
internal_value=-0.00103169 -0.0093049 -0.0147268 -0.00699517 0.0435843 0.00243412 0.00969419 0.0320088 -0.0100389 -0.0388621 -0.0429875 0.00607674
internal_weight=704 594 548 492 110 390 324 152 172 91 102 101
internal_count=704 594 548 492 110 390 324 152 172 91 102 101
is_linear=0
shrinkage=0.068384


Tree=35
num_leaves=13
num_cat=0
split_feature=9 2 5 9 4 4 11 11 0 2 9 3
split_gain=48.2791 26.3265 29.1603 42.4739 19.9644 26.9385 20.245 23.8477 16.098 16.0011 8.93092 7.57874
threshold=3.4000000000000026 16.95000000000001 0.21550000000000002 -1.6500000000000019 0.61067742788105683 1.0000000180025095e-35 -0.71428571428571319 -2.2714285714285727 86.500000000000014 20.600000000000009 0.54999999999999727 0.056951373111866661
decision_type=2 2 2 2 2 2 2 2 2 2 2 2
left_child=1 2 3 -1 5 6 7 -3 -9 -2 -7 -5
right_child=9 4 -4 11 -6 10 -8 8 -10 -11 -12 -13
leaf_value=0.064174459596555544 0.062677719370148863 -0.048890572834837567 -0.038408885198907824 -0.023627953642214795 -0.053027124730224015 -0.002264356372162807 -0.066518968769284176 0.03181957840098236 -0.021397357420103874 0.0097880935582347912 0.038816742902993639 0.013964310282868465
leaf_weight=70 64 61 45 51 68 52 45 52 54 46 47 49
leaf_count=70 64 61 45 51 68 52 45 52 54 46 47 49
internal_value=-0.000961593 -0.00867098 0.0104376 0.0233952 -0.0195107 -0.0121553 -0.0259016 -0.0148953 0.00471901 0.0406138 0.0172748 -0.00521597
internal_weight=704 594 215 170 379 311 212 167 106 110 99 100
internal_count=704 594 215 170 379 311 212 167 106 110 99 100
is_linear=0
shrinkage=0.068384


Tree=36
num_leaves=12
num_cat=0
split_feature=9 7 0 3 2 9 3 9 3 0 11
split_gain=32.3703 35.5651 98.7162 29.5698 70.5609 20.3266 16.8022 15.9304 11.5368 21.2187 10.2239
threshold=3.7500000000000004 3567.5000000000005 71.950000000000017 -0.37447345805034538 15.000000000000007 0.59999999999999798 0.58481550752069722 -0.54999999999999705 0.30983042691905766 88.750000000000014 -0.99285714285714211
decision_type=2 2 2 2 2 2 2 2 2 2 2
left_child=1 3 5 -1 -5 -3 -2 8 9 -4 -9
right_child=6 2 7 4 -6 -7 -8 10 -10 -11 -12
leaf_value=0.0022107453268925483 0.063675658455878123 0.09581912448606951 0.012850046157847012 -0.0025061720969080849 -0.097310781966795143 0.034352641186550494 0.0061847544971907328 0.027459813040209703 -0.057994116783413277 -0.044995501845183104 -0.017089901914541013
leaf_weight=89 47 46 55 77 70 56 48 48 48 64 48
leaf_count=89 47 46 55 77 70 56 48 48 48 64 48
internal_value=-0.00235807 -0.00822408 0.00515307 -0.0289012 -0.0477168 0.062196 0.0346961 -0.0169982 -0.0297476 -0.0182817 0.00519492
internal_weight=696 601 365 236 147 102 95 263 167 119 96
internal_count=696 601 365 236 147 102 95 263 167 119 96
is_linear=0
shrinkage=0.068384


Tree=37
num_leaves=11
num_cat=0
split_feature=7 7 1 1 13 10 7 13 5 11
split_gain=26.3278 41.3151 39.0351 21.9181 51.5715 20.5106 11.594 10.5578 16.8141 7.1308
threshold=2283.5000000000005 1714.5000000000002 44.95000000000001 33.050000000000004 2.9884293245870404 -3.0499999999999967 3474.0000000000005 1.7863236607797404 0.030000000000000002 -0.55000000000000104
decision_type=2 2 2 2 2 2 2 2 2 2
left_child=1 -1 3 6 -5 -4 -2 -7 9 -9
right_child=2 -3 5 4 -6 7 -8 8 -10 -11
leaf_value=-0.0023702601515161971 -0.012250043646741485 -0.082666780235544746 -0.041572608430352632 -0.0059794366258269218 0.086851508741246156 -0.025539062114113022 0.030547474738139655 -0.01923755342827339 0.041099523167043558 0.012315985517528242
leaf_weight=89 72 45 78 49 65 63 50 77 49 59
leaf_count=89 72 45 78 49 65 63 50 77 49 59
internal_value=-0.00219641 -0.0294123 0.00430032 0.0254718 0.0470054 -0.011032 0.0053096 -0.00140273 0.00683397 -0.00555075
internal_weight=696 134 562 236 114 326 122 248 185 136
internal_count=696 134 562 236 114 326 122 248 185 136
is_linear=0
shrinkage=0.068384


end of trees

feature_importances:
forecast_high=52
forecast_diurnal_range=47
forecast_wind=36
lag_high_1d=35
forecast_radiation=34
day_sin=31
day_cos=28
forecast_low=25
roll_high_7d_mean=24
roll_high_14d_mean=24
roll_high_7d_std=24
forecast_precip=20
forecast_evap=19
lag_high_2d=15

parameters:
[boosting: gbdt]
[objective: regression]
[metric: l2]
[tree_learner: serial]
[device_type: cpu]
[data_sample_strategy: bagging]
[data: ]
[valid: ]
[num_iterations: 38]
[learning_rate: 0.068384]
[num_leaves: 57]
[num_threads: 2]
[seed: 42]
[deterministic: 0]
[force_col_wise: 0]
[force_row_wise: 0]
[histogram_pool_size: -1]
[max_depth: -1]
[min_data_in_leaf: 45]
[min_sum_hessian_in_leaf: 0.001]
[bagging_fraction: 0.873845]
[pos_bagging_fraction: 1]
[neg_bagging_fraction: 1]
[bagging_freq: 3]
[bagging_seed: 400]
[bagging_by_query: 0]
[feature_fraction: 0.640887]
[feature_fraction_bynode: 1]
[feature_fraction_seed: 30056]
[extra_trees: 0]
[extra_seed: 12879]
[early_stopping_round: 0]
[early_stopping_min_delta: 0]
[first_metric_only: 0]
[max_delta_step: 0]
[lambda_l1: 2.32259e-06]
[lambda_l2: 0.184892]
[linear_lambda: 0]
[min_gain_to_split: 0]
[drop_rate: 0.1]
[max_drop: 50]
[skip_drop: 0.5]
[xgboost_dart_mode: 0]
[uniform_drop: 0]
[drop_seed: 17869]
[top_rate: 0.2]
[other_rate: 0.1]
[min_data_per_group: 100]
[max_cat_threshold: 32]
[cat_l2: 10]
[cat_smooth: 10]
[max_cat_to_onehot: 4]
[top_k: 20]
[monotone_constraints: ]
[monotone_constraints_method: basic]
[monotone_penalty: 0]
[feature_contri: ]
[forcedsplits_filename: ]
[refit_decay_rate: 0.9]
[cegb_tradeoff: 1]
[cegb_penalty_split: 0]
[cegb_penalty_feature_lazy: ]
[cegb_penalty_feature_coupled: ]
[path_smooth: 0]
[interaction_constraints: ]
[verbosity: -1]
[saved_feature_importance_type: 0]
[use_quantized_grad: 0]
[num_grad_quant_bins: 4]
[quant_train_renew_leaf: 0]
[stochastic_rounding: 1]
[linear_tree: 0]
[max_bin: 255]
[max_bin_by_feature: ]
[min_data_in_bin: 3]
[bin_construct_sample_cnt: 200000]
[data_random_seed: 175]
[is_enable_sparse: 1]
[enable_bundle: 1]
[use_missing: 1]
[zero_as_missing: 0]
[feature_pre_filter: 1]
[pre_partition: 0]
[two_round: 0]
[header: 0]
[label_column: ]
[weight_column: ]
[group_column: ]
[ignore_column: ]
[categorical_feature: ]
[forcedbins_filename: ]
[precise_float_parser: 0]
[parser_config_file: ]
[objective_seed: 16083]
[num_class: 1]
[is_unbalance: 0]
[scale_pos_weight: 1]
[sigmoid: 1]
[boost_from_average: 1]
[reg_sqrt: 0]
[alpha: 0.9]
[fair_c: 1]
[poisson_max_delta_step: 0.7]
[tweedie_variance_power: 1.5]
[lambdarank_truncation_level: 30]
[lambdarank_norm: 1]
[label_gain: ]
[lambdarank_position_bias_regularization: 0]
[eval_at: ]
[multi_error_top_k: 1]
[auc_mu_weights: ]
[num_machines: 1]
[local_listen_port: 12400]
[time_out: 120]
[machine_list_filename: ]
[machines: ]
[gpu_platform_id: -1]
[gpu_device_id: -1]
[gpu_use_dp: 0]
[num_gpu: 1]

end of parameters

pandas_categorical:[]
