tree
version=v4
num_class=1
num_tree_per_iteration=1
label_index=0
max_feature_idx=13
objective=regression
feature_names=forecast_low forecast_high forecast_diurnal_range day_sin day_cos forecast_precip forecast_wind forecast_radiation forecast_evap lag_low_1d lag_low_2d roll_low_7d_mean roll_low_14d_mean roll_low_7d_std
feature_infos=[4.7999999999999998:80.5] [10.300000000000001:106.90000000000001] [3.0999999999999943:41.600000000000001] [-0.99999942202469239:0.99998555065071859] [-0.99997919295908244:0.9999907524084426] [0:7.0869999999999997] [5.5:38.399999999999999] [285:8674] [0.0080000000000000002:0.45900000000000002] [-15.1:8] [-15.1:8] [-5.9857142857142858:1.085714285714287] [-5.0642857142857149:0.40714285714285681] [0.56987885095157975:5.3887007003632377]
tree_sizes=1024 1149 1068 1138 1065 1065 1067 1154 1072 1232 1071 1146 1154 1080 1073 1157 1073 1073 1153 1066 1152 1151 1067 1155 1068 1069 989 1072 1078 1073 991 1070 1066 1071 1155 1160 1069 1148 1079 1156 1073 1162 1075 1162 1079 1082 1084 993 986 1156 1070 1167 1158 1240 1168 998 1167 1082 1074 1078 1153 1238 986 1160 1068 1167 1168 998 1247 1250

Tree=0
num_leaves=11
num_cat=0
split_feature=2 1 4 4 7 13 2 13 2 12
split_gain=97.8938 96.0022 122.433 65.8649 54.981 50.4077 39.7247 28.8806 22.5436 9.3939
threshold=30.100000000000001 84.250000000000014 0.6174544326165855 -0.91595872546125101 3547.5000000000005 1.9473419117698612 23.650000000000009 2.5112603547185759 22.250000000000004 -1.3750000000000002
decision_type=2 2 2 2 2 2 2 2 2 2
left_child=1 2 5 -3 7 -1 9 -4 -5 -7
right_child=-2 3 4 8 -6 6 -8 -9 -10 -11
leaf_value=-1.713253560172924 -1.8883567605612839 -1.7938881482203124 -1.8294933967009095 -1.8312467725567765 -1.8678471192809865 -1.7433489243362432 -1.8148668618850743 -1.7671943617068686 -1.8801354826449053 -1.7784253813506377
leaf_weight=39 39 54 39 39 50 49 47 34 63 37
leaf_count=39 39 54 39 39 50 49 47 34 63 37
internal_value=-1.8133 -1.80668 -1.78992 -1.8383 -1.82794 -1.76278 -1.77791 -1.8003 -1.86179 -1.75789
internal_weight=490 451 295 156 123 172 133 73 102 86
internal_count=490 451 295 156 123 172 133 73 102 86
is_linear=0
shrinkage=1


Tree=1
num_leaves=12
num_cat=0
split_feature=9 8 4 7 13 2 3 2 12 7 6
split_gain=146.416 82.7467 101.435 84.3845 73.0393 69.9551 47.5195 43.9271 38.418 36.6406 13.538
threshold=-4.0499999999999963 0.18050000000000002 0.60383265664488517 6836.0000000000009 2.0929584664358125 25.950000000000014 -0.031173458710879145 24.650000000000009 -1.3750000000000002 3547.5000000000005 17.450000000000003
decision_type=2 2 2 2 2 2 2 2 2 2 2
left_child=7 2 8 5 -4 10 -5 -1 -2 -6 -3
right_child=1 3 4 6 9 -7 -8 -9 -10 -11 -12
leaf_value=-0.029943471627479581 0.095165783226210998 -0.035020034909245039 -0.056433055163232618 -0.024060663905629383 0.063980813537633879 -0.10140957591330037 0.05034910976393666 -0.10315357081084008 0.033689414174858823 -0.0082661918168420116 0.0097123631472253395
leaf_weight=55 59 33 37 33 36 33 58 33 47 33 33
leaf_count=55 59 33 37 33 36 33 58 33 47 33 33
internal_value=-0.000132883 0.012679 0.0340923 -0.0112516 -0.000543955 -0.0430201 0.023371 -0.0582082 0.0684544 0.029744 -0.0127959
internal_weight=490 402 212 190 106 99 91 88 106 69 66
internal_count=490 402 212 190 106 99 91 88 106 69 66
is_linear=0
shrinkage=0.050001


Tree=2
num_leaves=11
num_cat=0
split_feature=8 4 4 3 11 7 8 3 7 1
split_gain=91.9042 136.613 83.9222 82.6068 51.211 28.3418 25.466 20.7009 17.0542 4.48892
threshold=0.18550000000000003 0.51113019672828186 0.13185577213185917 -0.031173458710879145 -1.2499999999999998 3547.5000000000005 0.25850000000000006 0.89404822654372251 7380.0000000000009 76.950000000000017
decision_type=2 2 2 2 2 2 2 2 2 2
left_child=1 7 3 6 5 -3 -2 9 -5 -1
right_child=2 4 -4 8 -6 -7 -8 -9 -10 -11
leaf_value=0.089999438343273341 -0.01177080580493341 0.030981771108510792 -0.081445347750650487 0.001782386702771011 -0.062331426211020689 -0.018315115137975683 -0.062876509435841346 0.030993053789402723 0.048418350647624904 0.05972367015506868
leaf_weight=40 48 55 48 33 36 60 50 39 48 33
leaf_count=40 48 55 48 33 36 60 50 39 48 33
internal_value=-0.000136377 0.0199451 -0.0233987 -0.00748277 -0.0110893 0.00530186 -0.0382109 0.0615539 0.0296795 0.07726
internal_weight=490 263 227 179 151 115 98 112 81 73
internal_count=490 263 227 179 151 115 98 112 81 73
is_linear=0
shrinkage=0.050001


Tree=3
num_leaves=12
num_cat=0
split_feature=9 8 1 7 2 13 1 3 2 1 12
split_gain=129.735 68.1733 83.6028 71.1887 61.773 49.597 48.6655 42.374 38.8594 22.6374 7.44068
threshold=-4.0499999999999963 0.18050000000000002 67.65000000000002 6836.0000000000009 25.950000000000014 2.0929584664358125 92.450000000000017 -0.074117382312902935 24.650000000000009 58.95000000000001 -2.0749999999999997
decision_type=2 2 2 2 2 2 2 2 2 2 2
left_child=8 2 5 4 10 -2 -5 -4 -1 -7 -3
right_child=1 3 7 6 -6 9 -8 -9 -10 -11 -12
leaf_value=-0.0282052720297267 -0.041621897299876455 0.0061055858478003353 0.10317749139062532 0.052610872089706891 -0.093833288458636158 0.046994181767238803 -0.020856981654461419 0.033766286978519494 -0.097069496805154865 -0.0059652161795934189 -0.02706151608617809
leaf_weight=55 39 33 43 53 33 50 38 47 33 33 33
leaf_count=55 39 33 43 53 33 50 38 47 33 33 33
internal_value=-0.000126747 0.011933 0.031369 -0.00978894 -0.0389706 0.00426845 0.022007 0.0676648 -0.054794 0.0260782 -0.01059
internal_weight=490 402 212 190 99 122 91 90 88 83 66
internal_count=490 402 212 190 99 122 91 90 88 83 66
is_linear=0
shrinkage=0.050001


Tree=4
num_leaves=11
num_cat=0
split_feature=9 8 4 7 2 1 12 2 7 1
split_gain=117.352 61.9966 86.6261 56.5273 55.0731 43.7472 37.5933 35.1838 27.8002 24.8173
threshold=-4.0499999999999963 0.16250000000000003 0.63755505330306683 6928.0000000000009 25.950000000000014 92.450000000000017 -1.3750000000000002 24.650000000000009 3437.0000000000005 85.050000000000011
decision_type=2 2 2 2 2 2 2 2 2 2
left_child=7 2 6 4 9 -5 -2 -1 -4 -3
right_child=1 3 8 5 -6 -7 -8 -9 -10 -11
leaf_value=-0.026818275060316487 0.099353655822174258 0.024255881182568877 0.024975455605753559 0.051059685636517423 -0.074315630265908927 -0.018632071988556192 0.032626294612778051 -0.09234809303211583 -0.028428719483152298 -0.02937596421358863
leaf_weight=55 46 39 51 55 42 37 41 33 45 46
leaf_count=55 46 39 51 55 42 37 41 33 45 46
internal_value=-0.000127402 0.0113422 0.032749 -0.0065982 -0.0281414 0.0231014 0.0686054 -0.0521206 -6.76163e-05 -0.00474681
internal_weight=490 402 183 219 127 92 87 88 96 85
internal_count=490 402 183 219 127 92 87 88 96 85
is_linear=0
shrinkage=0.050001


Tree=5
num_leaves=11
num_cat=0
split_feature=9 8 9 13 1 1 1 1 2 12
split_gain=154.316 123.584 51.3922 56.9773 30.9775 42.2667 28.355 27.7613 24.5813 6.71927
threshold=-1.0499999999999969 0.21150000000000002 -3.6500000000000017 2.7200729689232959 81.15000000000002 67.100000000000009 88.40000000000002 94.65000000000002 19.550000000000004 -1.7107142857142847
decision_type=2 2 2 2 2 2 2 2 2 2
left_child=1 2 -1 8 5 -2 -3 -8 -4 -6
right_child=4 6 3 -5 9 -7 7 -9 -10 -11
leaf_value=-0.029317403290271087 0.026303418978638474 -0.097791830171976651 0.028578609713747444 0.080787259414802748 0.027482753850474852 0.086505083371536007 -0.0078560020653249147 -0.067507321365532474 -0.024796486256712602 -0.0036137998495262653
leaf_weight=64 65 34 46 33 33 54 34 46 39 35
leaf_count=64 65 34 46 33 33 54 34 46 39 35
internal_value=0.00333582 -0.0191073 0.00648401 0.025997 0.0387917 0.0540959 -0.0597064 -0.0425615 0.00406018 0.0116116
internal_weight=483 296 182 118 187 119 114 80 85 68
internal_count=483 296 182 118 187 119 114 80 85 68
is_linear=0
shrinkage=0.050001


Tree=6
num_leaves=11
num_cat=0
split_feature=9 1 4 3 11 1 1 1 1 12
split_gain=139.54 55.0845 51.3009 37.8254 29.6663 27.9953 38.2139 14.6991 25.5437 6.08234
threshold=-1.0499999999999969 82.65000000000002 0.054805126479326859 0.12545942051955486 -2.199999999999998 81.15000000000002 67.100000000000009 94.15000000000002 89.350000000000009 -1.7107142857142847
decision_type=2 2 2 2 2 2 2 2 2 2
left_child=1 2 -1 -4 -5 6 -2 8 -3 -7
right_child=5 7 3 4 -6 9 -8 -9 -10 -11
leaf_value=0.049101907012980228 0.025006650718313594 -0.059711973941023809 0.017841479790467421 -0.0095341648420504063 -0.067763234460883101 0.026146008252055743 0.082252488829952328 -0.066304658573993897 0.0019607936550609288 -0.0034377542112732254
leaf_weight=39 65 33 54 51 38 33 54 48 33 35
leaf_count=39 65 33 54 51 38 33 54 48 33 35
internal_value=0.00317037 -0.018171 -0.00103986 -0.0149574 -0.034861 0.0368863 0.0514354 -0.0452736 -0.0292416 0.0110454
internal_weight=483 296 182 143 89 187 119 114 66 68
internal_count=483 296 182 143 89 187 119 114 66 68
is_linear=0
shrinkage=0.050001


Tree=7
num_leaves=12
num_cat=0
split_feature=9 8 4 3 11 1 1 1 8 13 11
split_gain=126.192 105.061 69.5161 39.2236 27.3893 39.5486 25.8299 22.6856 15.9725 15.2052 5.87846
threshold=-1.0499999999999969 0.21150000000000002 0.52583933546504591 0.12545942051955486 -0.58571428571428508 88.050000000000011 88.40000000000002 94.65000000000002 0.14950000000000002 3.0823228695723741 -1.5500000000000009
decision_type=2 2 2 2 2 2 2 2 2 2 2
left_child=1 2 8 -4 5 9 -3 -8 -1 10 -2
right_child=4 6 3 -5 -6 -7 7 -9 -10 -11 -12
leaf_value=0.067553234680438501 0.053690851625130709 -0.091021488643780055 0.014863026826063943 -0.047032861106918789 -0.0033432190668175087 -0.0028023047217075382 -0.007020368021635295 -0.060948304469033286 0.021547660288293101 0.03117115021025333 0.085071406747755665
leaf_weight=33 37 34 44 59 37 34 34 46 46 38 41
leaf_count=33 37 34 44 59 37 34 34 46 46 38 41
internal_value=0.00301142 -0.0172834 0.00631004 -0.0206738 0.0350744 0.0445277 -0.054717 -0.0383977 0.0413512 0.0583315 0.0710161
internal_weight=483 296 182 103 187 150 114 80 79 116 78
internal_count=483 296 182 103 187 150 114 80 79 116 78
is_linear=0
shrinkage=0.050001


Tree=8
num_leaves=11
num_cat=0
split_feature=9 8 4 9 11 0 7 7 8 10
split_gain=114.146 95.0832 62.8795 38.8919 24.7825 33.7308 21.7489 16.7806 14.4589 13.7326
threshold=-1.0499999999999969 0.21150000000000002 0.52583933546504591 -3.6500000000000017 -0.58571428571428508 63.45000000000001 6582.0000000000009 3563.5000000000005 0.14950000000000002 -2.2499999999999996
decision_type=2 2 2 2 2 2 2 2 2 2
left_child=1 2 8 -4 5 7 -3 -2 -1 -8
right_child=4 6 3 -5 -6 -7 9 -9 -10 -11
leaf_value=0.064267484972207523 0.031668780951100942 -0.080545932963869221 -0.05918744733330087 0.0039313086379355253 -0.0031801275673498165 0.0095141980358848278 -0.057291256777781373 0.075628581642758708 0.020491465868933755 -0.013331061986864642
leaf_weight=33 37 42 38 65 37 52 34 61 46 38
leaf_count=33 37 42 38 65 37 52 34 61 46 38
internal_value=0.00286651 -0.0164351 0.00600951 -0.0196534 0.0333609 0.0423532 -0.0520469 0.0595043 0.0393364 -0.0345827
internal_weight=483 296 182 103 187 150 114 98 79 72
internal_count=483 296 182 103 187 150 114 98 79 72
is_linear=0
shrinkage=0.050001


Tree=9
num_leaves=13
num_cat=0
split_feature=9 8 4 0 11 3 4 7 8 8 7 13
split_gain=103.223 86.0339 56.8988 36.7881 23.6828 30.8366 30.3371 19.6599 14.4063 13.0886 12.6544 12.1468
threshold=-1.0499999999999969 0.21150000000000002 0.52583933546504591 42.850000000000001 -1.1642857142857144 0.54219432480460406 -0.3744658827978154 6582.0000000000009 0.17650000000000002 0.14950000000000002 7730.0000000000009 2.249867300361803
decision_type=2 2 2 2 2 2 2 2 2 2 2 2
left_child=1 2 9 11 5 8 -6 -3 -2 -1 -9 -4
right_child=4 7 3 -5 6 -7 -8 10 -10 -11 -12 -13
leaf_value=0.061141549492970841 0.049725888175853078 -0.076605228394583669 -0.05960839397225326 0.024330352280750998 0.044530088655521077 0.08639098353307946 -0.018249297372574139 -0.011394491047899413 0.006739130409223892 0.019487041991682611 -0.053522913097849033 -0.017447747495795807
leaf_weight=33 39 42 35 33 34 33 42 36 39 46 36 35
leaf_count=33 39 42 35 33 34 33 42 36 39 46 36 35
internal_value=0.00272242 -0.0156322 0.00571707 -0.0186942 0.0317214 0.0463652 0.0100054 -0.0495071 0.0285906 0.0374199 -0.0328998 -0.0390607
internal_weight=483 296 182 103 187 111 76 114 78 79 72 70
internal_count=483 296 182 103 187 111 76 114 78 79 72 70
is_linear=0
shrinkage=0.050001


Tree=10
num_leaves=11
num_cat=0
split_feature=4 8 8 6 1 9 12 7 6 12
split_gain=117.605 102.638 76.295 40.64 33.4328 39.389 36.6957 64.0975 21.1598 14.7159
threshold=0.48877522411129343 0.14450000000000002 0.16750000000000004 15.450000000000001 93.550000000000011 -4.2499999999999991 -1.7892857142857144 7169.5000000000009 19.350000000000005 -1.5071428571428571
decision_type=2 2 2 2 2 2 2 2 2 2
left_child=2 3 9 -2 5 -4 -7 -8 -5 -1
right_child=1 -3 4 8 -6 6 7 -9 -10 -11
leaf_value=0.073266302632881308 0.014157711876077438 -0.11410043898576971 -0.040716877292743453 -0.063251925239130313 -0.035622222702742158 0.053111672486171921 -0.037661548287266929 0.048567325929827002 -0.011226656366755886 0.030809436932828692
leaf_weight=40 53 36 33 47 60 50 49 37 34 46
leaf_count=40 53 36 33 47 60 50 49 37 34 46
internal_value=-0.00682024 -0.0402233 0.0112648 -0.0197142 -0.00385003 0.00754954 0.0194729 -0.000416104 -0.0418136 0.0511507
internal_weight=485 170 315 134 229 169 136 86 81 86
internal_count=485 170 315 134 229 169 136 86 81 86
is_linear=0
shrinkage=0.050001


Tree=11
num_leaves=12
num_cat=0
split_feature=4 6 1 0 2 9 11 13 1 1 10
split_gain=106.405 68.9983 59.8772 55.1824 51.8816 43.9535 41.7853 30.2889 44.0625 20.7765 15.6654
threshold=0.48877522411129343 15.550000000000002 93.550000000000011 36.45000000000001 25.950000000000014 -1.5999999999999976 -1.0571428571428563 3.0705873048747292 57.150000000000013 84.250000000000014 -1.5499999999999969
decision_type=2 2 2 2 2 2 2 2 2 2 2
left_child=2 3 4 -2 5 9 10 8 -3 -1 -7
right_child=1 7 -4 -5 -6 6 -8 -9 -10 -11 -12
leaf_value=0.024402208675239682 0.046536823507936573 -0.039330197936845668 -0.033868082098011086 -0.04238480079700601 -0.026361186162759134 0.09533419354653111 0.011161120020614741 -0.023702493013763752 -0.1205978473480042 -0.024330767251424558 0.047841311351208532
leaf_weight=55 33 33 60 35 46 40 42 33 36 35 37
leaf_count=55 33 33 60 35 46 40 42 33 36 35 37
internal_value=-0.00648708 -0.0382598 0.010715 0.000782054 0.021298 0.0318678 0.0516928 -0.0640824 -0.082795 0.00537186 0.0733786
internal_weight=485 170 315 68 255 209 119 102 69 90 77
internal_count=485 170 315 68 255 209 119 102 69 90 77
is_linear=0
shrinkage=0.050001


Tree=12
num_leaves=12
num_cat=0
split_feature=4 8 8 9 6 1 2 10 10 11 0
split_gain=96.2933 87.0483 64.5303 41.2406 34.3642 33.3876 38.5604 32.8733 18.3495 14.8127 11.3581
threshold=0.48877522411129343 0.14450000000000002 0.19350000000000003 -4.2499999999999991 13.550000000000002 93.550000000000011 25.350000000000001 -1.9000000000000019 -2.2499999999999996 -1.0571428571428563 59.350000000000001
decision_type=2 2 2 2 2 2 2 2 2 2 2
left_child=2 4 9 -4 -2 6 7 -5 -6 10 -1
right_child=1 -3 3 5 8 -7 -8 -9 -10 -11 -12
leaf_value=0.03286219974665662 0.025391642504672105 -0.10442939668370917 -0.051772414894815412 0.07580115924718063 -0.05865150756635866 -0.030579406346816624 -0.02397114864422201 0.010298620392744706 -0.014665027247650455 0.012785876726530291 0.072151853600620597
leaf_weight=42 34 36 40 33 39 47 35 45 61 36 37
leaf_count=42 34 36 40 33 39 47 35 45 61 36 37
internal_value=-0.00617105 -0.0363966 0.010193 -0.00697242 -0.0175131 0.00444694 0.0191644 0.0386017 -0.0322212 0.0398823 0.0519122
internal_weight=485 170 315 200 134 160 113 78 100 115 79
internal_count=485 170 315 200 134 160 113 78 100 115 79
is_linear=0
shrinkage=0.050001


Tree=13
num_leaves=11
num_cat=0
split_feature=4 8 8 6 9 1 2 10 10 12
split_gain=87.1267 78.7757 59.5433 31.0924 25.8553 29.3116 34.8699 43.4099 16.6031 12.8425
threshold=0.48877522411129343 0.14450000000000002 0.16750000000000004 13.550000000000002 -4.2499999999999991 93.550000000000011 25.950000000000014 -1.9000000000000019 -2.2499999999999996 -1.5071428571428571
decision_type=2 2 2 2 2 2 2 2 2 2
left_child=2 3 9 -2 -4 6 7 -6 -5 -1
right_child=1 -3 4 8 5 -7 -8 -9 -10 -11
leaf_value=0.065548754586795932 0.02415561799036892 -0.099338455613151619 -0.037225923046918886 -0.055786728814821843 0.068756941021646964 -0.028540541750675226 -0.026762393911971997 0.0030130083221972795 -0.013942699329049828 0.026025081092667091
leaf_weight=40 34 36 45 39 43 48 34 59 61 46
leaf_count=40 34 36 45 39 43 48 34 59 61 46
internal_value=-0.00586748 -0.0346185 0.00969792 -0.0166538 -0.00365293 0.00469101 0.0165492 0.0311181 -0.0306447 0.0449345
internal_weight=485 170 315 134 229 184 136 102 100 86
internal_count=485 170 315 134 229 184 136 102 100 86
is_linear=0
shrinkage=0.050001


Tree=14
num_leaves=11
num_cat=0
split_feature=4 8 8 6 11 0 7 6 13 3
split_gain=78.8196 71.2891 53.8645 28.2837 24.5366 26.2699 28.0851 19.3698 16.8563 12.2912
threshold=0.48877522411129343 0.14450000000000002 0.16750000000000004 15.450000000000001 -1.1285714285714288 73.750000000000014 5385.5000000000009 19.350000000000005 2.5293041667219271 0.88621069759564464
decision_type=2 2 2 2 2 2 2 2 2 2
left_child=2 3 9 -2 5 6 -4 -5 -8 -1
right_child=1 -3 4 7 -6 -7 8 -9 -10 -11
leaf_value=0.058282607733084961 0.012408344170262903 -0.094495701221602682 -0.018958386575645646 -0.054765132894655323 -0.031963214705858868 -0.026637618480573572 0.051068293451264048 -0.005191354484209364 0.0076049650637029795 0.019109508491047613
leaf_weight=51 53 36 37 47 56 45 51 34 40 35
leaf_count=51 53 36 37 47 56 45 51 34 40 35
internal_value=-0.00558114 -0.0329274 0.00922337 -0.0158367 -0.00347445 0.0058556 0.0174049 -0.0342762 0.0322557 0.0427377
internal_weight=485 170 315 134 229 173 128 81 91 86
internal_count=485 170 315 134 229 173 128 81 91 86
is_linear=0
shrinkage=0.050001


Tree=15
num_leaves=12
num_cat=0
split_feature=5 2 0 1 3 1 11 1 11 3 10
split_gain=63.0356 60.2508 54.2586 51.6227 55.4344 39.837 38.914 36.4189 20.4746 16.091 14.1664
threshold=0.067500000000000018 29.450000000000006 65.950000000000017 64.750000000000014 -0.92274349529687905 56.100000000000009 -1.635714285714285 75.750000000000014 -2.5499999999999998 0.17646842360078757 -0.79999999999999838
decision_type=2 2 2 2 2 2 2 2 2 2 2
left_child=1 2 3 5 -5 9 -6 -8 -4 -1 -10
right_child=-2 -3 8 4 6 -7 7 -9 10 -11 -12
leaf_value=0.03321304069158406 0.053921289579219413 -0.060856976250529562 0.0070556298099657428 -0.015162054290829684 0.096142450299736074 -0.050429503654964285 -0.0058757190609856486 0.06518981716665076 -0.055451244617804755 -0.012303924605010589 -0.013572496025504813
leaf_weight=39 52 41 34 40 35 39 34 37 50 37 35
leaf_count=39 52 41 34 40 35 39 34 37 50 37 35
internal_value=0.00248408 -0.00396819 0.00229679 0.0150503 0.0346995 -0.00995446 0.0535039 0.0314898 -0.0255575 0.0111435 -0.0385638
internal_weight=473 421 380 261 146 115 106 71 119 76 85
internal_count=473 421 380 261 146 115 106 71 119 76 85
is_linear=0
shrinkage=0.050001


Tree=16
num_leaves=11
num_cat=0
split_feature=5 2 1 1 1 11 6 12 0 9
split_gain=56.9909 54.5074 50.8829 70.8168 36.0391 34.3337 29.2736 23.1153 28.3789 19.4646
threshold=0.067500000000000018 29.450000000000006 82.65000000000002 64.750000000000014 56.100000000000009 -1.635714285714285 16.350000000000005 -1.360714285714286 75.050000000000011 -2.5999999999999974
decision_type=2 2 2 2 2 2 2 2 2 2
left_child=1 2 3 4 6 -5 -1 8 9 -4
right_child=-2 -3 7 5 -6 -7 -8 -9 -10 -11
leaf_value=-0.019395641296517219 0.051272230364838925 -0.057881115879422532 -0.024087404298697403 0.081705158306361964 -0.047966322525577233 0.023326950713724551 0.041971607087919555 -0.055988083071381027 -0.046997134588947873 0.023174674625668613
leaf_weight=39 52 41 34 42 39 64 37 33 35 57
leaf_count=39 52 41 34 42 39 64 37 33 35 57
internal_value=0.00236327 -0.00377161 0.00218701 0.0176815 -0.00946849 0.0469844 0.0105974 -0.0193135 -0.00935344 0.00542798
internal_weight=473 421 380 221 115 106 76 159 126 91
internal_count=473 421 380 221 115 106 76 159 126 91
is_linear=0
shrinkage=0.050001


Tree=17
num_leaves=11
num_cat=0
split_feature=8 9 11 10 4 3 4 6 9 9
split_gain=53.5913 51.9252 62.8513 36.8173 31.2564 35.7256 25.9326 23.3893 14.4612 11.4098
threshold=0.17750000000000002 -3.0999999999999974 -2.3642857142857143 -1.7499999999999998 0.10623888086365081 0.77244481603295057 0.86004965528756494 14.550000000000002 -1.5999999999999976 0.29999999999999899
decision_type=2 2 2 2 2 2 2 2 2 2
left_child=1 3 -3 -1 5 7 9 -2 -9 -4
right_child=4 2 6 -5 -6 -7 -8 8 -10 -11
leaf_value=0.0156328332306973 -0.039822502305773597 0.094594926790818684 0.044228816542246203 -0.053937778876644915 -0.050671161325721199 0.039136325063226222 -0.016442721417406322 -0.016920147379123781 0.024856385012093311 0.008777570099999325
leaf_weight=41 61 33 64 34 48 35 38 48 35 36
leaf_count=41 61 33 64 34 48 35 38 48 35 36
internal_value=0.00224163 0.01838 0.0335427 -0.0161497 -0.0152416 -0.00551743 0.0183956 -0.0165661 0.000750172 0.0316851
internal_weight=473 246 171 75 227 179 138 144 83 100
internal_count=473 246 171 75 227 179 138 144 83 100
is_linear=0
shrinkage=0.050001


Tree=18
num_leaves=12
num_cat=0
split_feature=8 0 8 11 4 1 0 2 9 2 1
split_gain=48.4468 75.769 77.2308 40.5101 28.2739 52.6719 18.6806 18.3757 10.5295 35.8166 4.67946
threshold=0.17750000000000002 41.650000000000013 0.095500000000000015 -2.3214285714285707 0.10623888086365081 83.250000000000014 53.400000000000006 20.100000000000005 -1.5999999999999976 23.250000000000004 89.750000000000014
decision_type=2 2 2 2 2 2 2 2 2 2 2
left_child=1 2 7 -3 5 -2 -5 -1 9 -7 -10
right_child=4 3 -4 6 -6 8 -8 -9 10 -11 -12
leaf_value=-0.0064236168094638519 0.04897508817806704 0.089702929470351855 -0.07557757553210806 0.0011116317775236402 -0.048185392733327781 -0.063454936486351032 0.045317008154186968 0.040939334639938429 0.0093235283482995535 0.0038197519936578562 -0.01693559848179077
leaf_weight=47 35 34 33 42 48 40 55 35 33 38 33
leaf_count=47 35 34 33 42 48 40 55 35 33 38 33
internal_value=0.00213437 0.0174788 -0.0120858 0.0433519 -0.0144883 -0.00523908 0.0263899 0.0139968 -0.0186594 -0.0309914 -0.00382599
internal_weight=473 246 115 131 227 179 97 82 144 78 66
internal_count=473 246 115 131 227 179 97 82 144 78 66
is_linear=0
shrinkage=0.050001


Tree=19
num_leaves=11
num_cat=0
split_feature=5 2 0 1 7 2 1 6 6 0
split_gain=45.7836 44.121 40.072 41.9659 46.5389 38.1214 31.8469 27.6733 13.4015 29.4888
threshold=0.067500000000000018 29.450000000000006 65.950000000000017 64.750000000000014 4314.5000000000009 23.450000000000006 56.100000000000009 16.350000000000005 18.650000000000002 73.950000000000017
decision_type=2 2 2 2 2 2 2 2 2 2
left_child=1 2 3 6 -5 -6 7 -1 9 -4
right_child=-2 -3 8 4 5 -7 -8 -9 -10 -11
leaf_value=-0.019960702634329131 0.045868102104108015 -0.052149428351130546 0.013436443372531479 0.078329860421295763 0.04228001175634797 -0.016421801281141995 -0.045871435224950859 0.039698527423068362 -0.047161426480936693 -0.046762302871057343
leaf_weight=39 52 41 50 37 56 53 39 37 36 33
leaf_count=39 52 41 50 37 56 53 39 37 36 33
internal_value=0.00203066 -0.00346734 0.00189321 0.0128543 0.0305722 0.013819 -0.00968524 0.00918352 -0.0220432 -0.0107233
internal_weight=473 421 380 261 146 109 115 76 119 83
internal_count=473 421 380 261 146 109 115 76 119 83
is_linear=0
shrinkage=0.050001


Tree=20
num_leaves=12
num_cat=0
split_feature=9 1 6 6 1 8 4 12 10 6 1
split_gain=54.3538 42.1493 32.7537 52.6094 30.56 61.9273 26.417 26.2916 24.2495 24.0089 8.12423
threshold=-4.450000000000002 85.15000000000002 15.050000000000002 25.500000000000004 55.650000000000013 0.16250000000000003 -0.91595872546125101 -1.7892857142857144 -1.4000000000000028 16.350000000000005 91.500000000000014
decision_type=2 2 2 2 2 2 2 2 2 2 2
left_child=9 2 7 4 -4 8 -3 -2 -6 -1 -8
right_child=1 6 3 -5 5 -7 10 -9 -10 -11 -12
leaf_value=-0.070263013052450793 0.064108310838522892 0.0092985843322330713 -0.050643326095724729 0.057803130438200775 0.0041844543811480218 -0.03632152683535609 -0.053768962291281787 0.01368649233081262 0.063286468755674355 -0.016524497820438862 -0.021106831359834044
leaf_weight=37 45 45 36 33 36 59 41 61 33 48 39
leaf_count=37 45 45 36 33 36 59 41 61 33 48 39
internal_value=-0.00415094 0.00312367 0.0132001 0.00109061 -0.0105677 0.000968787 -0.021202 0.0354813 0.0329445 -0.0404459 -0.0382958
internal_weight=513 428 303 197 164 128 125 106 69 85 80
internal_count=513 428 303 197 164 128 125 106 69 85 80
is_linear=0
shrinkage=0.050001


Tree=21
num_leaves=12
num_cat=0
split_feature=9 1 11 2 0 3 6 7 6 11 0
split_gain=49.1817 38.1387 44.369 42.9299 40.1505 28.0188 21.7243 21.1075 20.7501 14.6101 5.09031
threshold=-4.450000000000002 85.15000000000002 -1.9142857142857144 16.250000000000004 49.050000000000004 0.39036257410962039 16.350000000000005 7466.0000000000009 16.850000000000005 -0.82857142857142951 69.750000000000014
decision_type=2 2 2 2 2 2 2 2 2 2 2
left_child=6 2 3 -2 5 -4 -1 10 -5 -6 -3
right_child=1 7 4 8 9 -7 -8 -9 -10 -11 -12
leaf_value=-0.066835368125224726 -0.010507080317256589 -0.050410000727732399 -0.050222637378843964 0.082118483064337236 -0.0013362255219776058 0.0029279160878484564 -0.01571385699974541 0.0049359284229562412 0.030238409922462992 0.038624509715619315 -0.023279339245580632
leaf_weight=37 33 36 50 40 40 48 48 50 40 52 39
leaf_count=37 33 36 50 40 40 48 48 50 40 52 39
internal_value=-0.00394643 0.00297318 0.0125585 0.0372322 -0.0022136 -0.0243834 -0.0384715 -0.0201659 0.0568467 0.0213863 -0.0367857
internal_weight=513 428 303 113 190 98 85 125 80 92 75
internal_count=513 428 303 113 190 98 85 125 80 92 75
is_linear=0
shrinkage=0.050001


Tree=22
num_leaves=11
num_cat=0
split_feature=9 8 13 1 2 13 1 2 12 7
split_gain=44.4947 37.2006 41.5464 27.8232 26.7831 21.973 22.1667 19.794 18.937 15.8809
threshold=-4.450000000000002 0.16250000000000003 2.7398731008906783 69.050000000000011 26.750000000000004 2.4433579637134142 84.250000000000014 24.650000000000009 -1.8357142857142861 6928.0000000000009
decision_type=2 2 2 2 2 2 2 2 2 2
left_child=7 2 3 8 5 6 -3 -1 -2 -8
right_child=1 4 -4 -5 -6 -7 9 -9 -10 -11
leaf_value=-0.016330802049581938 0.012589424916568974 0.041150761164445784 0.050998296889129185 0.03448671982983309 -0.043431269249713439 -0.02572682185823694 -0.027349161607582849 -0.065689111381698598 -0.032751633024468742 0.017818237145693007
leaf_weight=51 40 39 65 45 49 62 38 34 52 38
leaf_count=51 40 39 65 45 49 62 38 34 52 38
internal_value=-0.00375466 0.00282675 0.0183803 0.00265094 -0.0110838 -0.00193754 0.010972 -0.0365935 -0.0130855 -0.00479434
internal_weight=513 428 202 137 226 177 115 85 92 76
internal_count=513 428 202 137 226 177 115 85 92 76
is_linear=0
shrinkage=0.050001


Tree=23
num_leaves=12
num_cat=0
split_feature=9 8 13 0 1 1 6 3 13 12 7
split_gain=40.3278 38.6062 47.6128 30.9974 33.8834 28.9538 28.4891 27.7095 15.5599 26.2058 12.2231
threshold=-3.9000000000000017 0.16250000000000003 2.7398731008906783 49.95000000000001 83.600000000000009 69.050000000000011 14.700000000000001 0.35846314187849704 2.3215346850996128 -2.0321428571428561 7466.0000000000009
decision_type=2 2 2 2 2 2 2 2 2 2 2
left_child=8 2 5 -3 -5 7 -6 -2 -1 -10 -8
right_child=1 3 -4 4 6 -7 10 -9 9 -11 -12
leaf_value=-0.059014737639242289 -0.038012917574279471 -0.050862834153649936 0.055447602296675016 0.031447910560732033 -0.045493032890016626 0.035951071661757941 -0.015173406141695413 0.017286118762932609 0.012633083695568233 -0.046637639498190886 0.025643725550111535
leaf_weight=33 50 39 62 52 49 43 39 40 36 37 33
leaf_count=33 50 39 62 52 49 43 39 40 36 37 33
internal_value=-0.0035718 0.0035948 0.0196092 -0.0111464 -0.00195781 0.0026191 -0.0164614 -0.0134857 -0.0309026 -0.0175861 0.00359241
internal_weight=513 407 195 212 173 133 121 90 106 73 72
internal_count=513 407 195 212 173 133 121 90 106 73 72
is_linear=0
shrinkage=0.050001


Tree=24
num_leaves=11
num_cat=0
split_feature=9 8 2 13 4 2 13 6 6 7
split_gain=37.1664 30.1061 39.2823 51.2373 39.7955 23.5149 19.4315 20.7336 19.1956 11.9286
threshold=-4.450000000000002 0.16250000000000003 16.550000000000008 2.7640115108829879 0.6174544326165855 26.750000000000004 2.4433579637134142 14.700000000000001 16.350000000000005 6736.5000000000009
decision_type=2 2 2 2 2 2 2 2 2 2
left_child=8 2 4 -4 -2 6 7 -3 -1 -9
right_child=1 5 3 -5 -6 -7 -8 9 -10 -11
leaf_value=-0.060054116288032387 0.025033864666889817 -0.016415399871199162 0.0088679210453284814 0.080871383175481953 -0.037489872511092877 -0.040207787652154617 -0.023705272107886716 0.006367599660702666 -0.01208643720140145 0.047085681431704961
leaf_weight=37 51 43 61 41 49 49 62 36 48 36
leaf_count=37 51 43 61 41 49 49 62 36 48 36
internal_value=-0.0033999 0.0026147 0.0166071 0.0382978 -0.00564389 -0.00989883 -0.00133076 0.010806 -0.033413 0.0270951
internal_weight=513 428 202 102 100 226 177 115 85 72
internal_count=513 428 202 102 100 226 177 115 85 72
is_linear=0
shrinkage=0.050001


Tree=25
num_leaves=11
num_cat=0
split_feature=11 2 12 11 0 4 9 3 13 0
split_gain=61.6042 23.4859 29.1081 25.586 23.1846 35.1995 18.8749 26.1373 16.5246 10.7391
threshold=-2.3785714285714294 23.450000000000006 -1.224999999999999 -1.5999999999999996 66.550000000000011 0.5475998096715059 -4.349999999999997 0.24372619187392147 2.5101223427350079 54.500000000000007
decision_type=2 2 2 2 2 2 2 2 2 2
left_child=6 4 3 -3 5 9 -1 -8 -7 -2
right_child=1 2 -4 -5 -6 8 7 -9 -10 -11
leaf_value=0.0041983981224403269 0.05908934455465354 -0.0060369792365181293 0.011490647123326604 -0.064855294482608211 -0.020641366283921606 0.015711031098397412 0.067774530592924431 0.014732217297333155 -0.030521456556252408 0.023212770814823605
leaf_weight=33 33 33 44 42 57 35 62 38 41 61
leaf_count=33 33 33 44 42 57 35 62 38 41 61
internal_value=0.00842546 -0.00270691 -0.0206167 -0.0393923 0.00671784 0.015966 0.0372216 0.0479594 -0.00926885 0.0362832
internal_weight=479 346 119 75 227 170 133 100 76 94
internal_count=479 346 119 75 227 170 133 100 76 94
is_linear=0
shrinkage=0.050001


Tree=26
num_leaves=10
num_cat=0
split_feature=11 1 11 0 12 1 2 9 3
split_gain=55.6948 28.1797 36.2658 25.4844 25.0371 29.2498 19.2388 17.0586 23.6149
threshold=-2.3785714285714294 85.050000000000011 -1.6071428571428579 52.750000000000007 -1.3571428571428572 60.850000000000001 18.550000000000001 -4.349999999999997 0.24372619187392147
decision_type=2 2 2 2 2 2 2 2 2
left_child=7 3 -3 4 5 -2 -5 -1 -9
right_child=1 2 -4 6 -6 -7 -8 8 -10
leaf_value=0.003994190960621832 0.0038318360047377427 0.0073216969645920806 -0.055146481012553129 0.0073965943669796605 0.02144163420416885 -0.048782458601038269 0.052855952229377293 0.064435484740236332 0.014013074207961175
leaf_weight=33 57 43 49 57 53 48 39 62 38
leaf_count=33 57 43 49 57 53 48 39 62 38
internal_value=0.00801177 -0.00257292 -0.0261434 0.00601967 -0.00631808 -0.0204155 0.0262147 0.035392 0.0456002
internal_weight=479 346 92 254 158 105 96 133 100
internal_count=479 346 92 254 158 105 96 133 100
is_linear=0
shrinkage=0.050001


Tree=27
num_leaves=11
num_cat=0
split_feature=12 13 6 13 2 7 3 12 13 0
split_gain=30.3952 26.6866 28.5164 25.4971 21.1453 23.5504 26.4739 16.7543 32.939 21.8015
threshold=-2.1964285714285707 2.2943510718667475 17.350000000000005 2.2698856694514271 16.250000000000004 7042.0000000000009 -0.082689790342551792 -1.3571428571428572 2.7563342807497118 49.750000000000007
decision_type=2 2 2 2 2 2 2 2 2 2
left_child=1 -1 -3 4 -2 6 -6 9 -9 -5
right_child=3 2 -4 7 5 -7 -8 8 -10 -11
leaf_value=-0.0012550890679694296 0.04222365003139459 0.075227439913587588 0.017770488545611706 -0.050949666303924626 0.014917924608138662 0.030626599551703153 -0.04585661913128139 -0.028294981630156056 0.039417702289128602 -0.0058972592192969757
leaf_weight=52 46 39 49 47 35 44 35 35 35 62
leaf_count=52 46 39 49 47 35 44 35 35 35 62
internal_value=0.00761918 0.027136 0.0437759 -0.000486305 0.0139687 0.0023009 -0.0156401 -0.0134245 0.00560305 -0.0256083
internal_weight=479 140 88 339 160 114 70 179 70 109
internal_count=479 140 88 339 160 114 70 179 70 109
is_linear=0
shrinkage=0.050001


Tree=28
num_leaves=11
num_cat=0
split_feature=11 1 7 11 3 8 4 8 0 2
split_gain=48.9561 25.8619 31.0262 26.1307 25.9439 35.1137 23.4532 16.3373 37.1889 4.81355
threshold=-2.3785714285714294 84.250000000000014 6546.0000000000009 -1.6071428571428579 -0.54220184589352438 0.14050000000000004 0.63755505330306683 0.21250000000000002 41.400000000000006 18.350000000000005
decision_type=2 2 2 2 2 2 2 2 2 2
left_child=7 2 4 -3 -2 6 -6 8 -1 -8
right_child=1 3 -4 -5 5 -7 9 -9 -10 -11
leaf_value=0.0085846989177886506 0.026050456378532205 0.0041961702443123671 0.046491391082843447 -0.046360072709297484 0.033999133522075849 -0.051672996654260027 -0.027999120683644903 0.0072895559891102716 0.073296917374136503 -0.0014559659977428975
leaf_weight=40 59 46 39 56 37 41 34 43 50 34
leaf_count=40 59 46 39 56 37 41 34 43 50 34
internal_value=0.00724667 -0.00267607 0.00616248 -0.023706 -0.0016734 -0.0129851 0.00241996 0.0329174 0.0449394 -0.0149566
internal_weight=479 346 244 102 205 146 105 133 90 68
internal_count=479 346 244 102 205 146 105 133 90 68
is_linear=0
shrinkage=0.050001


Tree=29
num_leaves=11
num_cat=0
split_feature=11 1 7 3 11 9 9 3 1 6
split_gain=44.273 23.377 28.0732 23.6829 23.6259 15.9691 15.3004 20.2315 6.38388 4.08376
threshold=-2.3785714285714294 84.250000000000014 6546.0000000000009 -0.35846811432664222 -1.6071428571428579 -0.59999999999999776 -4.349999999999997 0.24372619187392147 68.050000000000011 18.650000000000002
decision_type=2 2 2 2 2 2 2 2 2 2
left_child=6 2 3 8 -3 9 -1 -8 -2 -5
right_child=1 4 -4 5 -6 -7 7 -9 -10 -11
leaf_value=0.001632534758593549 0.0061677414274031598 0.0039904881257265372 0.044220562587069877 -0.037779436339424891 -0.044079640340053509 0.0079404583684497265 0.058398040941796701 0.011765650026402211 0.035826563330266216 -0.014735821473925411
leaf_weight=33 37 46 39 45 56 50 62 38 36 37
leaf_count=33 37 46 39 45 56 50 62 38 36 37
internal_value=0.00689176 -0.00254418 0.0058587 -0.00159446 -0.0225385 -0.0142146 0.0313039 0.0409692 0.0210884 -0.027688
internal_weight=479 346 244 205 102 132 133 100 73 82
internal_count=479 346 244 205 102 132 133 100 73 82
is_linear=0
shrinkage=0.050001


Tree=30
num_leaves=10
num_cat=0
split_feature=0 7 8 2 11 10 9 10 0
split_gain=36.0889 24.7664 30.1086 34.3977 34.017 27.9024 24.9732 19.2896 19.1453
threshold=75.050000000000011 6493.5000000000009 0.18150000000000002 12.399999999999999 -2.6857142857142864 -2.0499999999999967 -0.54999999999999705 -1.7499999999999998 65.050000000000011
decision_type=2 2 2 2 2 2 2 2 2
left_child=1 2 3 -1 -5 -4 7 -6 -3
right_child=-2 8 5 4 6 -7 -8 -9 -10
leaf_value=-0.020335921464463644 -0.044366166310083964 0.050048415708069706 0.0047834308174449737 0.059029387936071272 0.017335917274543772 -0.047687780027762895 0.036565091209270456 -0.029829129409163057 0.0072925900240628384
leaf_weight=63 34 54 51 46 41 49 52 44 51
leaf_count=63 34 54 51 46 41 49 52 44 51
internal_value=0.0046092 0.00838932 0.0019009 0.0113065 0.0222591 -0.021107 0.00958437 -0.00711176 0.0295466
internal_weight=485 451 346 246 183 100 137 85 105
internal_count=485 451 346 246 183 100 137 85 105
is_linear=0
shrinkage=0.050001


Tree=31
num_leaves=11
num_cat=0
split_feature=13 0 7 8 10 12 13 2 2 12
split_gain=40.088 23.3639 34.5243 29.6335 26.7664 25.6005 13.4891 13.2906 12.6913 7.04426
threshold=2.9929280448845264 75.050000000000011 5935.5000000000009 0.10150000000000002 -2.0499999999999967 -1.8071428571428572 3.4983982411642391 22.750000000000007 21.850000000000012 -1.235714285714286
decision_type=2 2 2 2 2 2 2 2 2 2
left_child=1 2 3 5 7 -1 -2 -5 -4 -10
right_child=6 -3 8 4 -6 -7 -8 -9 9 -11
leaf_value=0.038505683717802087 0.049424646492194968 -0.042206491786653907 0.040893236732267933 0.018582088122371054 -0.048699939157387385 -0.013613755718680383 0.013510456811869149 -0.02567559827038296 0.023674866552817878 -0.0076597989289965626
leaf_weight=43 52 34 51 33 65 50 54 33 35 35
leaf_count=43 52 34 51 33 65 50 54 33 35 35
internal_value=0.00438208 -0.00323336 0.000703628 -0.0109062 -0.02616 0.010603 0.0314239 -0.00356313 0.0221339 0.00808109
internal_weight=485 379 345 224 131 93 106 66 121 70
internal_count=485 379 345 224 131 93 106 66 121 70
is_linear=0
shrinkage=0.050001


Tree=32
num_leaves=11
num_cat=0
split_feature=0 2 11 7 7 4 3 1 2 3
split_gain=29.5545 21.2113 28.9821 36.0782 27.2751 31.0399 30.0067 24.2968 17.039 7.50922
threshold=75.050000000000011 12.399999999999999 -1.6499999999999992 4939.5000000000009 4426.5000000000009 -0.26037106507032776 -0.19337636264337832 83.250000000000014 23.150000000000002 0.90162119223771342
decision_type=2 2 2 2 2 2 2 2 2 2
left_child=1 -1 4 -4 6 -6 -3 9 -7 -5
right_child=-2 2 3 7 5 8 -8 -9 -10 -11
leaf_value=-0.018643713104081243 -0.040151945574155107 0.011017648563642651 -0.035376492706545942 0.048176288170599199 0.039424780460286142 0.013492722009797656 0.071314517142327435 -0.01431968671909154 -0.033339299945669164 0.014718110243757356
leaf_weight=65 34 36 57 34 51 37 49 48 39 35
leaf_count=65 34 36 57 34 51 37 49 48 39 35
internal_value=0.00416741 0.00758864 0.0120456 -0.00306593 0.0244182 0.0095975 0.0461954 0.0128104 -0.0106229 0.0316546
internal_weight=485 451 386 174 212 127 85 117 76 69
internal_count=485 451 386 174 212 127 85 117 76 69
is_linear=0
shrinkage=0.050001


Tree=33
num_leaves=11
num_cat=0
split_feature=13 9 4 1 1 6 11 1 13 2
split_gain=34.6673 41.5526 35.8002 42.6462 22.7732 20.2025 15.6313 17.1605 12.1413 11.2865
threshold=2.9929280448845264 1.3499999999999981 0.51849435583340198 85.050000000000011 52.150000000000013 14.450000000000001 -1.9500000000000004 77.600000000000009 3.4983982411642391 22.050000000000004
decision_type=2 2 2 2 2 2 2 2 2 2
left_child=1 2 3 6 -4 -5 -1 -8 -2 -7
right_child=8 -3 4 5 -6 9 7 -9 -10 -11
leaf_value=0.05118528663935587 0.046185105295848738 0.045834625953728843 -0.0039546262060135094 -0.044366477298531548 -0.052517036788585929 -0.0228505304123096 -0.0079906359840965727 0.035339854001559902 0.012130933334765993 0.017361083156697502
leaf_weight=33 52 38 40 48 61 33 51 40 54 35
leaf_count=33 52 38 40 48 61 33 51 40 54 35
internal_value=0.00396439 -0.00311688 -0.00868736 0.00184074 -0.033516 -0.0198598 0.0221554 0.0111958 0.0291118 -0.00216645
internal_weight=485 379 341 240 101 116 124 91 106 68
internal_count=485 379 341 240 101 116 124 91 106 68
is_linear=0
shrinkage=0.050001


Tree=34
num_leaves=12
num_cat=0
split_feature=13 9 4 0 1 6 11 1 8 8 2
split_gain=31.3366 37.5861 32.3714 41.5419 38.5823 18.2673 14.148 15.5236 13.0132 11.5709 10.2147
threshold=2.9929280448845264 1.3499999999999981 0.51849435583340198 33.300000000000004 85.050000000000011 14.450000000000001 -1.9500000000000004 77.600000000000009 0.18450000000000003 0.10450000000000001 22.050000000000004
decision_type=2 2 2 2 2 2 2 2 2 2 2
left_child=1 2 4 -4 6 -6 -1 -8 9 -2 -7
right_child=8 -3 3 -5 5 10 7 -9 -10 -11 -12
leaf_value=0.048695664487732521 0.019539228916763893 0.043597238276258173 0.0053444704774567161 -0.05914272075427756 -0.042189994727220008 -0.021739093649593699 -0.0075982044804015891 0.033612712514635143 0.0044860313221929899 0.061728522913841871 0.016515332857428108
leaf_weight=33 34 38 43 58 48 33 51 40 39 33 35
leaf_count=33 34 38 43 58 48 33 51 40 39 33 35
internal_value=0.00377343 -0.00295884 -0.00825705 -0.0318668 0.00175375 -0.0188864 0.0210766 0.0106485 0.0276824 0.0409081 -0.00206022
internal_weight=485 379 341 101 240 116 124 91 106 67 68
internal_count=485 379 341 101 240 116 124 91 106 67 68
is_linear=0
shrinkage=0.050001


Tree=35
num_leaves=12
num_cat=0
split_feature=9 12 12 2 2 10 0 12 9 9 10
split_gain=58.9446 34.5952 39.0121 33.6815 46.9234 24.1812 23.4179 22.8099 20.7873 43.5077 20.3948
threshold=-1.2000000000000008 -1.360714285714286 -1.0749999999999997 18.400000000000009 25.950000000000014 -5.0499999999999963 63.45000000000001 -1.6785714285714286 -4.0499999999999963 -2.9500000000000024 -1.9500000000000026
decision_type=2 2 2 2 2 2 2 2 2 2 2
left_child=1 5 -3 7 6 -1 -5 -2 -7 -10 -11
right_child=3 2 -4 4 -6 8 -8 -9 9 10 -12
leaf_value=0.0073934458594596426 -0.040456454288229991 0.042244098404471311 -0.028653306319502723 0.074024159469841547 -0.017329817766494067 -0.062687383425947818 0.019631298606098736 0.013379494360394577 0.020152815774475547 -0.074969472963947931 -0.021522509155711845
leaf_weight=34 33 40 36 50 33 58 34 46 35 34 39
leaf_count=34 33 40 36 50 33 58 34 46 35 34 39
internal_value=-0.00506091 -0.0199271 0.00869197 0.0158573 0.0327949 -0.0308031 0.0524867 -0.00928934 -0.0386372 -0.0252793 -0.0470709
internal_weight=472 276 76 196 117 200 84 79 166 108 73
internal_count=472 276 76 196 117 200 84 79 166 108 73
is_linear=0
shrinkage=0.050001


Tree=36
num_leaves=11
num_cat=0
split_feature=9 3 0 8 3 11 4 2 11 0
split_gain=53.2956 31.5597 32.0958 57.0447 31.4156 39.5129 31.1183 16.9081 10.3816 8.72492
threshold=-1.2000000000000008 0.8697513045430848 43.150000000000013 0.19550000000000003 0.84313847884979054 -1.7214285714285709 -0.70289845916694649 20.600000000000009 -0.77142857142857058 31.950000000000003
decision_type=2 2 2 2 2 2 2 2 2 2
left_child=1 2 9 -4 5 7 -5 -2 -7 -1
right_child=4 -3 3 6 -6 8 -8 -9 -10 -11
leaf_value=-0.036688944509516465 -0.021521754538731352 0.012952933721376892 0.02594197921908354 -0.012845924389828543 -0.017984412188746787 0.071958814752795489 -0.070365317026359064 0.025707780868327021 0.03184037818841317 -0.075068476982654828
leaf_weight=33 38 60 54 55 52 37 41 36 33 33
leaf_count=33 38 60 54 55 52 37 41 36 33 33
internal_value=-0.00481435 -0.0189504 -0.0278399 -0.0148654 0.015076 0.027068 -0.0378705 0.00145935 0.0537377 -0.0566826
internal_weight=472 276 216 150 196 144 96 74 70 66
internal_count=472 276 216 150 196 144 96 74 70 66
is_linear=0
shrinkage=0.050001


Tree=37
num_leaves=12
num_cat=0
split_feature=9 12 12 2 2 12 13 1 12 1 12
split_gain=48.2411 30.0264 34.0745 29.68 38.8426 27.8797 23.0256 21.9082 19.2952 41.5603 14.0445
threshold=-1.2000000000000008 -1.360714285714286 -1.0749999999999997 17.349999999999998 25.950000000000014 -1.6249999999999998 3.2362835058017434 86.15000000000002 -1.8178571428571431 70.65000000000002 -2.5285714285714271
decision_type=2 2 2 2 2 2 2 2 2 2 2
left_child=1 6 -3 5 7 -2 8 -5 9 -1 -11
right_child=3 2 -4 4 -6 -7 -8 -9 -10 10 -12
leaf_value=0.016839460212868848 -0.043495042154748149 0.039980513775044427 -0.0262797986116949 0.0639948997280676 -0.017202205368768698 0.018453026795949623 0.009070447938865335 0.013070561151234906 -0.060924480974728822 -0.069987035274650861 -0.02542402898469261
leaf_weight=40 34 40 36 58 33 37 34 34 52 33 41
leaf_count=40 34 40 36 58 33 37 34 34 52 33 41
internal_value=-0.00458008 -0.0180293 0.00862703 0.0143433 0.028936 -0.0113596 -0.0281626 0.0455155 -0.0358097 -0.0239373 -0.0459437
internal_weight=472 276 76 196 125 71 200 92 166 114 74
internal_count=472 276 76 196 125 71 200 92 166 114 74
is_linear=0
shrinkage=0.050001


Tree=38
num_leaves=11
num_cat=0
split_feature=9 3 11 3 10 12 3 8 6 1
split_gain=43.6298 28.7861 34.1121 27.3753 20.8356 28.1911 21.9192 14.1809 12.0734 10.2782
threshold=-1.0499999999999969 0.84313847884979054 -1.7214285714285709 0.8697513045430848 -4.8499999999999988 -1.5142857142857145 -0.099819732675876779 0.22700000000000004 14.700000000000001 75.750000000000014
decision_type=2 2 2 2 2 2 2 2 2 2
left_child=3 2 8 4 -1 6 7 -6 -2 -4
right_child=1 -3 9 -5 5 -7 -8 -9 -10 -11
leaf_value=0.0082854617838861271 0.022839467091252532 -0.017678499617148687 0.029046577609674766 0.012766045014467721 -0.0032569617467085444 -0.0040404354222297253 -0.071237044592445009 -0.047985506042701437 -0.017965869585887532 0.068685330388688751
leaf_weight=38 33 52 34 60 33 60 50 38 38 36
leaf_count=38 33 52 34 60 33 60 50 38 38 36
internal_value=-0.00435884 0.0138736 0.0255646 -0.0169832 -0.025163 -0.0322038 -0.0460147 -0.0275354 0.00101943 0.0500921
internal_weight=472 193 141 279 219 181 121 71 71 70
internal_count=472 193 141 279 219 181 121 71 71 70
is_linear=0
shrinkage=0.050001


Tree=39
num_leaves=12
num_cat=0
split_feature=9 2 2 12 12 10 9 9 12 10 4
split_gain=39.4784 27.3615 39.107 24.827 30.703 20.343 18.7192 38.0282 16.9706 16.5953 16.3679
threshold=-1.0499999999999969 18.400000000000009 25.950000000000014 -1.360714285714286 -1.0749999999999997 -5.0499999999999963 -4.0499999999999963 -2.9500000000000024 -1.6249999999999998 -1.9500000000000026 0.020426410361618304
decision_type=2 2 2 2 2 2 2 2 2 2 2
left_child=3 8 10 5 -5 -1 -7 -8 -2 -9 -3
right_child=1 2 -4 4 -6 6 7 9 -10 -11 -12
leaf_value=0.0091817803963197848 -0.033042404346928796 0.0258023211975844 -0.016716622079088743 0.037895488826228937 -0.025000447002441473 -0.055300535660318638 0.022577024948135283 -0.064077652539321683 0.012827070591965804 -0.016666490320399237 0.071621424086901919
leaf_weight=35 38 44 33 40 36 58 35 36 41 39 37
leaf_count=35 38 44 33 40 36 58 35 36 41 39 37
internal_value=-0.0041429 0.0132002 0.0287861 -0.0161518 0.00813188 -0.0252496 -0.0324467 -0.0200167 -0.00933634 -0.0399553 0.0473303
internal_weight=472 193 114 279 76 203 168 110 79 75 81
internal_count=472 193 114 279 76 203 168 110 79 75 81
is_linear=0
shrinkage=0.050001


Tree=40
num_leaves=11
num_cat=0
split_feature=9 11 7 9 2 12 7 11 1 2
split_gain=28.6143 36.4568 46.2284 29.8187 24.8427 26.3999 26.427 23.9365 21.691 18.6394
threshold=-4.099999999999997 -2.4928571428571416 4828.5000000000009 -4.950000000000002 11.649999999999997 -0.746428571428571 5046.0000000000009 -1.635714285714285 90.65000000000002 23.150000000000002
decision_type=2 2 2 2 2 2 2 2 2 2
left_child=3 2 -2 -1 -3 6 7 -6 9 -8
right_child=1 4 -4 -5 5 -7 8 -9 -10 -11
leaf_value=-0.0095417904567428376 0.071759555191675442 0.025081686361882419 -0.0026404386268583965 -0.069039880261525702 -0.013154784020871385 0.022460027071685092 0.028236940754402824 -0.061509422200046189 -0.034508272080093522 -0.017813561733534565
leaf_weight=52 33 42 54 35 46 38 48 59 46 39
leaf_count=52 33 42 54 35 46 38 48 59 46 39
internal_value=-0.00811788 -0.00249301 0.0260129 -0.0339765 -0.0103514 -0.0158169 -0.0220007 -0.0406456 -0.00708601 0.00759854
internal_weight=492 405 87 87 318 276 238 105 133 87
internal_count=492 405 87 87 318 276 238 105 133 87
is_linear=0
shrinkage=0.050001


Tree=41
num_leaves=12
num_cat=0
split_feature=9 11 7 9 2 12 7 10 11 11 0
split_gain=25.9007 32.9834 41.8412 26.9854 22.4677 23.8798 23.8863 23.9851 44.1148 18.1943 7.53484
threshold=-4.099999999999997 -2.4928571428571416 4828.5000000000009 -4.950000000000002 11.649999999999997 -0.746428571428571 5046.0000000000009 -0.15000000000000205 -1.6642857142857133 -1.3214285714285701 69.65000000000002
decision_type=2 2 2 2 2 2 2 2 2 2 2
left_child=3 2 -2 -1 -3 6 7 8 -6 10 -8
right_child=1 4 -4 -5 5 -7 9 -9 -10 -11 -12
leaf_value=-0.0090730188500297553 0.068269209804415282 0.023854566286506451 -0.0025106343950507264 -0.065676584784355882 -0.015119951023953545 0.021363655557173764 -0.006758741744887645 -0.0072302306303368129 -0.096913444860303372 0.012353137925540937 -0.03995738588831587
leaf_weight=52 33 42 54 35 33 38 33 39 33 64 36
leaf_count=52 33 42 54 35 33 38 33 39 33 64 36
internal_value=-0.0077181 -0.00236632 0.0247473 -0.0323202 -0.00984123 -0.0150392 -0.0209207 -0.0386468 -0.0568225 -0.00674001 -0.02441
internal_weight=492 405 87 87 318 276 238 105 66 133 69
internal_count=492 405 87 87 318 276 238 105 66 133 69
is_linear=0
shrinkage=0.050001


Tree=42
num_leaves=11
num_cat=0
split_feature=9 11 7 2 2 9 1 1 13 3
split_gain=23.4329 29.8571 37.8704 26.0391 20.3311 24.0659 21.9143 28.8098 21.8868 12.651
threshold=-4.099999999999997 -2.4928571428571416 4828.5000000000009 23.750000000000007 11.649999999999997 1.7500000000000002 75.000000000000014 91.750000000000014 2.5743236323856968 0.46800856592688467
decision_type=2 2 2 2 2 2 2 2 2 2
left_child=3 2 -2 -1 -3 6 8 9 -6 -8
right_child=1 4 -4 -5 5 -7 7 -9 -10 -11
leaf_value=-0.0084501831969522549 0.064948633853339918 0.022687483338213195 -0.0023872112396747447 -0.064292499689106872 -0.043582185195496649 -0.05379629628730484 0.034775509594800628 -0.029538498152549188 0.0039237550872196873 -0.0014584763957012478
leaf_weight=53 33 42 54 34 65 33 55 43 38 42
leaf_count=53 33 42 54 34 65 33 55 43 38 42
internal_value=-0.00734386 -0.00225312 0.0235432 -0.0307446 -0.0093652 -0.0143101 -0.00875537 0.00411833 -0.0261557 0.0191985
internal_weight=492 405 87 87 318 276 243 140 103 97
internal_count=492 405 87 87 318 276 243 140 103 97
is_linear=0
shrinkage=0.050001


Tree=43
num_leaves=12
num_cat=0
split_feature=9 4 13 4 8 3 13 3 13 12 9
split_gain=21.2085 24.9789 24.2234 21.3916 39.1395 23.2717 20.4281 23.6288 19.2829 12.5206 19.8929
threshold=-4.099999999999997 0.49626980634301182 3.4296319115079235 -0.13398942717002901 0.16250000000000003 0.93237596376505805 2.5672850062941248 -0.24372957273992743 2.4956148448958082 -1.0607142857142853 -1.9500000000000026
decision_type=2 2 2 2 2 2 2 2 2 2 2
left_child=1 -1 3 8 6 -6 7 -5 9 10 -2
right_child=2 -3 -4 4 5 -7 -8 -9 -10 -11 -12
leaf_value=-0.0047950338684969581 -0.003825558900397727 -0.058479405508323021 0.032927250193629472 0.01360694062106786 -0.077763137502637122 -0.018458896329392967 0.031381371984102721 -0.037271094933363509 -0.027386393587635456 -0.00585361625570981 0.04409183600152531
leaf_weight=48 35 39 43 42 33 34 34 48 33 48 55
leaf_count=48 35 39 43 42 33 34 34 48 33 48 55
internal_value=-0.00698433 -0.0292468 -0.00214097 -0.00638575 -0.0178514 -0.0483609 -0.00111319 -0.013607 0.0064353 0.0146671 0.0255838
internal_weight=492 87 405 362 191 67 124 90 171 138 90
internal_count=492 87 405 362 191 67 124 90 171 138 90
is_linear=0
shrinkage=0.050001


Tree=44
num_leaves=11
num_cat=0
split_feature=9 11 7 9 12 13 6 0 8 6
split_gain=19.1827 26.7382 33.1029 24.6683 19.7672 22.2594 23.1027 22.2475 30.0336 28.4442
threshold=-4.099999999999997 -2.4928571428571416 4828.5000000000009 -4.950000000000002 -0.75357142857142878 1.5693489143554478 19.550000000000004 49.750000000000007 0.16949999999999998 15.050000000000002
decision_type=2 2 2 2 2 2 2 2 2 2
left_child=3 2 -2 -1 5 -3 7 9 -9 -7
right_child=1 4 -4 -5 -6 6 -8 8 -10 -11
leaf_value=-0.0056534044829485335 0.061082539787477408 -0.045163038351738821 -0.0018749820894686528 -0.059697642641795286 0.022008323894942693 -0.0050375393900635706 0.018008957169171929 0.037236603636814046 -0.022811746843524484 -0.065312954628607672
leaf_weight=52 33 46 54 35 44 38 64 33 53 40
leaf_count=52 33 46 54 35 44 38 64 33 53 40
internal_value=-0.00664625 -0.00203971 0.0223715 -0.0278189 -0.00877055 -0.0137784 -0.00728021 -0.017208 0.000355834 -0.0363783
internal_weight=492 405 87 87 318 274 228 164 86 78
internal_count=492 405 87 87 318 274 228 164 86 78
is_linear=0
shrinkage=0.050001


Tree=45
num_leaves=11
num_cat=0
split_feature=3 10 3 4 8 2 12 10 10 3
split_gain=27.0325 21.069 32.9174 57.8383 22.2393 20.5551 24.5125 14.1763 13.2298 12.86
threshold=-0.92923668111203817 -2.3499999999999992 -0.022576249993022598 0.46611290379786346 0.099499999999999963 18.900000000000002 -1.3750000000000002 -0.90000000000000291 -3.9000000000000017 0.056951373111866661
decision_type=2 2 2 2 2 2 2 2 2 2
left_child=-1 2 8 -4 9 -6 7 -7 -2 -3
right_child=1 4 3 -5 5 6 -8 -9 -10 -11
leaf_value=-0.034719715352209246 0.037107146797964348 0.014478205669694898 -0.00039337054897961956 -0.080169056910207731 -0.024816230778927195 0.018780245731119652 0.036444841331482007 -0.023650761175204725 -0.0068373815147115937 0.056251304866414553
leaf_weight=53 34 40 62 35 50 33 59 46 33 35
leaf_count=53 34 40 62 35 50 33 59 46 33 35
internal_value=-0.00135619 0.00284587 -0.0111745 -0.0296854 0.0116054 0.00235709 0.0123177 -0.00588693 0.0156321 0.0344483
internal_weight=480 427 164 97 263 188 138 79 67 75
internal_count=480 427 164 97 263 188 138 79 67 75
is_linear=0
shrinkage=0.050001


Tree=46
num_leaves=11
num_cat=0
split_feature=3 10 3 4 13 8 4 11 11 10
split_gain=24.4413 19.0654 29.7891 52.3383 20.6491 31.465 15.5887 20.8821 31.0985 11.9746
threshold=-0.92923668111203817 -2.3499999999999992 -0.022576249993022598 0.46611290379786346 2.7398731008906783 0.13300000000000003 0.76556758748011056 -0.82857142857142951 -1.5999999999999996 -3.9000000000000017
decision_type=2 2 2 2 2 2 2 2 2 2
left_child=-1 2 9 -4 6 -6 7 8 -3 -2
right_child=1 4 3 -5 5 -7 -8 -9 -10 -11
leaf_value=-0.03301343373589679 0.035300828774131439 0.021214566690677613 -0.00037399026562235868 -0.07626360234075108 0.062131429559242897 -0.00061905526392612268 -0.026330716506225815 0.033663767314213396 -0.036562761882116671 -0.0065048157240696772
leaf_weight=53 34 50 62 35 41 38 38 54 42 33
leaf_count=53 34 50 62 35 41 38 38 54 42 33
internal_value=-0.0012891 0.00270626 -0.0106305 -0.0282402 0.0110391 0.0322621 0.00179957 0.00925552 -0.00523984 0.0148695
internal_weight=480 427 164 97 263 79 184 146 92 67
internal_count=480 427 164 97 263 79 184 146 92 67
is_linear=0
shrinkage=0.050001


Tree=47
num_leaves=10
num_cat=0
split_feature=10 8 7 10 10 9 2 13 4
split_gain=15.0704 27.9103 27.1423 27.3866 25.4983 20.6903 29.0627 20.4621 16.7088
threshold=-2.3499999999999992 0.099499999999999963 6270.5000000000009 -1.0499999999999969 0.099999999999997854 -3.3499999999999992 22.400000000000009 2.5944494867235184 -0.6391983530350368
decision_type=2 2 2 2 2 2 2 2 2
left_child=5 7 3 -3 -5 -1 -7 -2 -4
right_child=1 2 8 4 -6 6 -8 -9 -10
leaf_value=0.010298713069027212 0.0077322089628981275 0.01351141631308226 -0.0044068887755762927 -0.063898241127436403 -0.008439309700609016 -0.04852990272088617 0.00026024151287422473 0.060088339779709281 0.03789963689385268
leaf_weight=65 41 44 45 39 44 61 60 34 47
leaf_count=65 41 44 45 39 44 61 60 34 47
internal_value=-0.00122772 0.0058096 -0.00322516 -0.0181608 -0.0349408 -0.0123366 -0.0244999 0.031938 0.0173447
internal_weight=480 294 219 127 83 186 121 75 92
internal_count=480 294 219 127 83 186 121 75 92
is_linear=0
shrinkage=0.050001


Tree=48
num_leaves=10
num_cat=0
split_feature=3 3 13 7 8 2 6 13 11
split_gain=21.1761 16.5258 21.0092 56.831 24.1685 40.6265 17.9152 13.5828 8.9347
threshold=-0.92274349529687905 -0.65234524191686594 2.16706955682533 6928.0000000000009 0.21250000000000002 15.750000000000002 19.650000000000002 3.317515524769584 -1.864285714285713
decision_type=2 2 2 2 2 2 2 2 2
left_child=-1 8 3 6 5 -4 -3 -7 -2
right_child=1 2 4 -5 -6 7 -8 -9 -10
leaf_value=-0.030094246140163674 0.0059242238483069188 -0.022872337876922281 -0.011580010270239032 0.025112191805067009 -0.017493956829113318 0.055237029163771552 -0.069975430207694603 0.014298838858850599 0.041721027638407952
leaf_weight=55 34 54 64 50 65 56 33 33 36
leaf_count=55 34 54 64 50 65 56 33 33 36
internal_value=-0.00116522 0.00263057 -0.00176154 -0.0170475 0.00786623 0.0186947 -0.0413113 0.0403848 0.0246684
internal_weight=480 425 355 137 218 153 87 89 70
internal_count=480 425 355 137 218 153 87 89 70
is_linear=0
shrinkage=0.050001


Tree=49
num_leaves=12
num_cat=0
split_feature=8 7 13 2 1 11 4 4 13 12 12
split_gain=14.2432 40.0562 22.8736 39.355 30.2119 28.2292 20.8779 19.3919 11.7801 11.7186 8.97448
threshold=0.19250000000000003 7083.0000000000009 2.1479777765544301 21.350000000000001 67.350000000000009 -2.157142857142857 0.76556758748011056 0.5475998096715059 2.3092463269372057 -1.7285714285714293 -2.3321428571428564
decision_type=2 2 2 2 2 2 2 2 2 2 2
left_child=2 9 6 5 -5 -4 -1 -7 -3 10 -2
right_child=1 8 3 4 -6 7 -8 -9 -10 -11 -12
leaf_value=0.0065033236430144369 -0.036085161254223716 0.02869661938769481 -0.037165041787367362 0.012640148575247621 0.077927242310391928 0.041514638235282009 -0.042356483020827444 -0.0098174219430659931 -0.0080774099989843681 -0.050184477106085715 -0.0022934704575702509
leaf_weight=51 35 55 37 36 35 36 37 36 35 43 44
leaf_count=51 35 55 37 36 35 36 37 36 35 43 44
internal_value=-0.00110767 -0.0107708 0.0065389 0.0167314 0.0454418 -0.00217476 -0.0142421 0.0160195 0.0144349 -0.0293515 -0.0175358
internal_weight=480 212 268 180 71 109 88 72 90 122 79
internal_count=480 212 268 180 71 109 88 72 90 122 79
is_linear=0
shrinkage=0.050001


Tree=50
num_leaves=11
num_cat=0
split_feature=2 11 11 4 13 8 1 1 7 13
split_gain=31.5458 30.1662 27.988 23.1979 21.8925 20.0309 18.0148 22.3906 14.9705 14.493
threshold=24.800000000000011 -1.0142857142857138 -2.52142857142857 0.91511078773075505 2.6115576778948628 0.20650000000000002 81.15000000000002 75.000000000000014 7561.0000000000009 2.3513900270032377
decision_type=2 2 2 2 2 2 2 2 2 2
left_child=2 4 5 6 -2 -1 7 9 -8 -4
right_child=1 -3 3 -5 -6 -7 8 -9 -10 -11
leaf_value=0.057104411984049433 -0.024573621391752294 -0.05507655790652969 -0.011874689843196305 -0.036867163314105431 0.021554730597877176 0.0080798680913250782 -0.024434466740984821 0.053059318475231265 0.016915673585455163 0.023205826094492493
leaf_weight=45 56 39 53 33 46 39 61 34 33 64
leaf_count=45 56 39 53 33 46 39 61 34 33 64
internal_value=0.00176253 -0.0182229 0.00957948 0.00189023 -0.0037427 0.0347042 0.00723836 0.0178992 -0.00987161 0.00732762
internal_weight=503 141 362 278 102 84 245 151 94 117
internal_count=503 141 362 278 102 84 245 151 94 117
is_linear=0
shrinkage=0.050001


Tree=51
num_leaves=12
num_cat=0
split_feature=11 4 10 10 1 5 10 4 4 8 11
split_gain=24.9298 22.6979 22.525 28.4842 21.3396 16.9131 11.7589 24.367 9.91188 12.5423 7.42385
threshold=-2.0071428571428567 0.83258597624099873 -3.3499999999999992 -4.950000000000002 59.750000000000007 0.030000000000000002 -2.5999999999999974 0.037621334799590608 -0.3744658827978154 0.23650000000000002 -0.94999999999999962
decision_type=2 2 2 2 2 2 2 2 2 2 2
left_child=2 4 3 -1 -2 8 -4 -8 9 -6 -10
right_child=1 -3 6 -5 5 -7 7 -9 10 -11 -12
leaf_value=0.022665044671965947 0.033874900735813791 -0.043018977455902586 0.050878787556562277 -0.034611360524935297 0.034289400703328442 -0.039062673377525413 0.046321081079703175 -0.0041873978977453943 -0.001914406176346985 -0.0054836837558560224 -0.030640259643790541
leaf_weight=43 34 39 37 42 33 36 41 55 61 47 35
leaf_count=43 34 39 37 42 33 36 41 55 61 47 35
internal_value=0.00167688 -0.00804403 0.0143757 -0.0056787 -0.00235019 -0.00829188 0.0271595 0.0175973 -0.00181442 0.0110999 -0.0126021
internal_weight=503 285 218 85 246 212 133 96 176 80 96
internal_count=503 285 218 85 246 212 133 96 176 80 96
is_linear=0
shrinkage=0.050001


Tree=52
num_leaves=12
num_cat=0
split_feature=2 11 11 12 1 1 1 11 2 7 2
split_gain=27.4023 25.9198 24.6213 20.5465 14.4319 22.8908 35.0509 19.9005 18.6677 10.719 5.01239
threshold=24.800000000000011 -1.0142857142857138 -3.0357142857142847 -2.3321428571428564 47.550000000000004 81.15000000000002 75.250000000000014 -1.9071428571428564 14.400000000000004 6582.0000000000009 28.400000000000002
decision_type=2 2 2 2 2 2 2 2 2 2 2
left_child=2 3 -1 -2 -4 6 7 -6 -9 -7 -5
right_child=1 -3 4 10 5 9 -8 8 -10 -11 -12
leaf_value=0.044449851850260264 -0.033536027091814039 -0.05119330420873551 -0.026759035281656969 -0.000861709480048275 0.032563938156252741 -0.023900480641126109 0.062503440312209155 0.01604881463189119 -0.030057338170610771 0.006299005374937312 0.026423738545788996
leaf_weight=42 36 39 33 33 49 60 36 43 43 56 33
leaf_count=42 36 39 33 33 49 60 36 43 43 56 33
internal_value=0.00159506 -0.0170312 0.00888092 -0.00360574 0.00409119 0.00772048 0.0193135 0.00743364 -0.00705361 -0.00936819 0.0129249
internal_weight=503 141 362 102 320 287 171 135 86 116 66
internal_count=503 141 362 102 320 287 171 135 86 116 66
is_linear=0
shrinkage=0.050001


Tree=53
num_leaves=13
num_cat=0
split_feature=2 11 11 12 1 1 1 2 2 3 6 3
split_gain=24.7922 23.4488 22.2693 18.5922 13.0625 20.7026 31.7188 18.6847 27.3145 14.2626 19.16 4.97019
threshold=24.800000000000011 -1.0142857142857138 -3.0357142857142847 -2.3321428571428564 47.550000000000004 81.15000000000002 75.250000000000014 20.750000000000004 14.400000000000004 0.22700754078277599 15.550000000000002 0.21022171450811272
decision_type=2 2 2 2 2 2 2 2 2 2 2 2
left_child=2 3 -1 -2 -4 6 7 8 -6 10 -7 -5
right_child=1 -3 4 11 5 9 -8 -9 -10 -11 -12 -13
leaf_value=0.042275146961047068 -0.031901143792145592 -0.048692815608359911 -0.025457490769856938 0.025738570256498509 0.016382059799712419 -0.022630657330026054 0.059456393635642209 0.034842035449445904 -0.038204980925886631 -0.035671181318137853 0.025224964449928718 -0.0014198635183769953
leaf_weight=42 36 39 33 33 57 39 36 41 37 34 43 33
leaf_count=42 36 39 33 33 57 39 36 41 37 34 43 33
internal_value=0.0015171 -0.0161996 0.00844749 -0.00342903 0.00389191 0.007345 0.0183702 0.00706825 -0.00524406 -0.00890579 0.00243951 0.0122946
internal_weight=503 141 362 102 320 287 171 135 94 116 82 66
internal_count=503 141 362 102 320 287 171 135 94 116 82 66
is_linear=0
shrinkage=0.050001


Tree=54
num_leaves=12
num_cat=0
split_feature=11 10 10 9 10 13 6 6 10 8 7
split_gain=19.5828 20.0522 25.1789 14.2117 20.5305 18.7616 16.4704 14.9223 12.477 11.0152 20.9926
threshold=-2.0071428571428567 -3.3499999999999992 -4.950000000000002 -0.74999999999999989 -2.0499999999999967 2.009678854746674 19.350000000000005 18.550000000000004 -0.90000000000000291 0.099499999999999963 5268.0000000000009
decision_type=2 2 2 2 2 2 2 2 2 2 2
left_child=1 2 -1 5 -5 -2 8 -6 -7 -3 -11
right_child=3 9 -4 4 7 6 -8 -9 -10 10 -12
leaf_value=0.020439931322498398 -0.050010058845342986 0.049520597923146142 -0.033412607967045219 0.03516381551530972 0.0078369941388664686 -0.044314197405669491 0.017548550006808983 -0.031377191783885795 -0.0029537217195796089 -0.013456942652374005 0.033576046434470576
leaf_weight=43 34 33 42 38 61 33 40 39 40 37 63
leaf_count=43 34 33 42 38 61 33 40 39 40 37 63
internal_value=0.00144081 0.0126962 -0.00621732 -0.00717416 0.00432834 -0.0179468 -0.00795295 -0.00758215 -0.0220005 0.0247596 0.0161883
internal_weight=503 218 85 285 138 147 113 100 73 133 100
internal_count=503 218 85 285 138 147 113 100 73 133 100
is_linear=0
shrinkage=0.050001


Tree=55
num_leaves=10
num_cat=0
split_feature=11 8 2 6 0 3 3 3 9
split_gain=44.0191 25.0856 23.345 17.6864 14.9784 24.4116 22.0035 14.0991 8.71076
threshold=-0.17857142857142813 0.12750000000000003 22.750000000000007 18.650000000000002 74.250000000000014 0.67802080537253961 0.95998215779580554 -0.92923668111203817 -1.0499999999999969
decision_type=2 2 2 2 2 2 2 2 2
left_child=1 2 3 -1 5 7 -7 -3 -9
right_child=-2 4 -4 -5 -6 6 -8 8 -10
leaf_value=-0.0072922095510863805 -0.05176938702986518 -0.0072326405923185746 0.055327167245463556 0.033802740739478511 -0.028416970072274287 -0.036764130768737954 0.0082512363966121167 0.011656041177178016 0.040973960396265517
leaf_weight=62 36 50 38 44 48 59 49 58 46
leaf_count=62 36 50 38 44 48 59 49 58 46
internal_value=0.000731913 0.00499648 0.0221719 0.00989035 -0.00301695 0.00171169 -0.0164237 0.0144662 0.0248909
internal_weight=490 454 144 106 310 262 108 154 104
internal_count=490 454 144 106 310 262 108 154 104
is_linear=0
shrinkage=0.050001


Tree=56
num_leaves=12
num_cat=0
split_feature=11 8 2 11 3 7 3 3 9 7 3
split_gain=39.8332 22.692 21.121 17.3594 14.3844 21.6195 20.2881 14.0666 14.4779 9.98594 7.98272
threshold=-0.17857142857142813 0.12750000000000003 22.750000000000007 -1.4714285714285709 -0.65234524191686594 5237.0000000000009 -0.92274349529687905 -0.21861968191509912 -2.2499999999999996 3141.5000000000005 0.66527693225344786
decision_type=2 2 2 2 2 2 2 2 2 2 2
left_child=1 2 3 9 6 -6 -3 -7 -9 -1 -10
right_child=-2 4 -4 -5 5 7 -8 8 10 -11 -12
leaf_value=0.012892094413060546 -0.049245624156454053 -0.0058136041363522108 0.052626407211872173 0.035011109169568656 -0.038008966341084388 -0.029362029918747604 0.041789301105267171 0.02602970984258076 0.010482232909194913 -0.025480176445617765 -0.020997246146540697
leaf_weight=33 36 54 38 40 51 34 37 54 35 33 45
leaf_count=33 36 54 38 40 51 34 37 54 35 33 45
internal_value=0.000696839 0.00475379 0.0210894 0.00940625 -0.00286746 -0.00980824 0.0137432 -0.00107335 0.00624011 -0.00634834 -0.00723559
internal_weight=490 454 144 106 310 219 91 168 134 66 80
internal_count=490 454 144 106 310 219 91 168 134 66 80
is_linear=0
shrinkage=0.050001


Tree=57
num_leaves=11
num_cat=0
split_feature=11 0 3 0 11 3 3 3 3 9
split_gain=36.0443 21.9293 17.3576 22.9437 17.6335 14.1455 24.1989 11.047 18.7984 17.0027
threshold=-0.17857142857142813 74.250000000000014 0.66527693225344786 42.400000000000006 -1.3142857142857138 -0.90163369914317004 -0.65234524191686594 -0.19337636264337832 0.091259403071267911 -1.0499999999999969
decision_type=2 2 2 2 2 2 2 2 2 2
left_child=1 2 5 -4 -5 -1 -7 -8 -9 -10
right_child=-2 -3 3 4 -6 6 7 8 9 -11
leaf_value=-0.0052234055958900547 -0.046844898185269754 -0.027110523273820797 0.024266489373316651 -0.037304316817938402 0.003680913352069784 0.057425622644025287 -0.0074515276240206393 0.053156006739330172 -0.01132673039687622 0.034046163885383944
leaf_weight=59 36 48 45 55 49 39 44 33 46 36
leaf_count=59 36 48 45 55 49 39 44 33 46 36
internal_value=0.000662707 0.0045221 0.00832033 -0.00522708 -0.0181108 0.0161737 0.0225552 0.0137062 0.021815 0.00872415
internal_weight=490 454 406 149 104 257 198 159 115 82
internal_count=490 454 406 149 104 257 198 159 115 82
is_linear=0
shrinkage=0.050001


Tree=58
num_leaves=11
num_cat=0
split_feature=11 0 13 7 1 1 13 13 10 1
split_gain=32.6192 19.8365 24.9846 16.1411 18.8915 16.1989 15.5987 10.6193 16.0607 9.29743
threshold=-0.17857142857142813 74.250000000000014 1.9358153110107279 3944.5000000000005 65.15000000000002 92.15000000000002 2.3631584196344075 2.8526803843836697 -1.5499999999999969 80.850000000000009
decision_type=2 2 2 2 2 2 2 2 2 2
left_child=1 2 9 4 -4 6 -5 -8 -9 -1
right_child=-2 -3 3 5 -6 -7 7 8 -10 -11
leaf_value=0.01625343577303353 -0.044561204644066189 -0.025780564584432671 0.00061150943033355524 -0.032467908767095682 0.043972607447116244 0.024992286105453863 0.013742946250123265 0.0087396684864526238 -0.03896078564268822 0.051050726445804849
leaf_weight=42 36 48 63 60 41 35 59 35 34 37
leaf_count=42 36 48 63 60 41 35 59 35 34 37
internal_value=0.000632638 0.0043043 0.00791694 0.00177948 0.0179632 -0.00580133 -0.0116399 -0.00169717 -0.0149379 0.0329799
internal_weight=490 454 406 327 104 223 188 128 69 79
internal_count=490 454 406 327 104 223 188 128 69 79
is_linear=0
shrinkage=0.050001


Tree=59
num_leaves=11
num_cat=0
split_feature=11 0 13 12 7 10 7 10 2 12
split_gain=29.5185 17.9424 22.6038 14.6926 17.2501 14.4337 31.6321 9.65022 9.61032 8.41202
threshold=-0.17857142857142813 74.250000000000014 1.9358153110107279 -2.5749999999999997 3901.0000000000005 -2.8499999999999992 5180.5000000000009 -0.90000000000000291 16.550000000000008 -1.8071428571428572
decision_type=2 2 2 2 2 2 2 2 2 2
left_child=1 2 9 -4 8 -6 -7 -8 -5 -1
right_child=-2 -3 3 4 5 6 7 -9 -10 -11
leaf_value=0.047302874396408921 -0.042388843594754588 -0.02451585040807774 -0.023284032244065524 0.0072161808202596206 0.017270050839410536 -0.049481771096482427 -0.01645704714616911 0.016818808681799875 0.040753285160920957 0.014259781530698673
leaf_weight=40 36 48 49 42 63 38 34 57 44 39
leaf_count=40 36 48 49 42 63 38 34 57 44 39
internal_value=0.000603105 0.00409611 0.00753214 0.00169407 0.00616704 -0.00217912 -0.0117496 0.00432191 0.0246505 0.0313711
internal_weight=490 454 406 327 278 192 129 91 86 79
internal_count=490 454 406 327 278 192 129 91 86 79
is_linear=0
shrinkage=0.050001


Tree=60
num_leaves=12
num_cat=0
split_feature=2 13 2 7 2 11 4 11 1 4 6
split_gain=25.5935 26.0933 33.6642 29.4534 20.3083 24.0813 17.503 15.0144 14.0413 24.9259 11.6561
threshold=23.650000000000009 2.2320179286120139 29.500000000000007 5935.5000000000009 18.350000000000005 -2.8071428571428565 0.59003219687534991 -1.9642857142857146 86.90000000000002 0.27487873330147777 18.650000000000002
decision_type=2 2 2 2 2 2 2 2 2 2 2
left_child=4 3 7 -2 6 -6 10 -3 9 -7 -1
right_child=1 2 -4 -5 5 8 -8 -9 -10 -11 -12
leaf_value=-0.00050959906489466192 -0.068073805469184068 0.0081666597794513972 0.045561206883369523 -0.0016101669994852416 0.062738511855024937 0.060511094812113149 -0.021620211828707374 -0.038972925530837969 -0.0031336686376961429 0.0028997554842951343 0.03504295047459248
leaf_weight=61 33 33 33 33 33 34 58 33 58 41 36
leaf_count=61 33 33 33 33 33 34 58 33 58 41 36
internal_value=0.00472633 -0.0112305 0.00500925 -0.0353555 0.0129439 0.0250456 -7.42825e-05 -0.0155832 0.0153087 0.0294641 0.012869
internal_weight=486 165 99 66 321 166 155 66 133 75 97
internal_count=486 165 99 66 321 166 155 66 133 75 97
is_linear=0
shrinkage=0.050001


Tree=61
num_leaves=13
num_cat=0
split_feature=2 13 2 7 2 3 12 0 1 4 10 10
split_gain=23.1685 23.6196 30.4677 26.6551 18.3766 21.861 33.2265 16.5611 21.7002 11.663 11.0826 7.76588
threshold=23.650000000000009 2.2320179286120139 29.500000000000007 5935.5000000000009 18.350000000000005 0.77244481603295057 -2.2607142857142843 62.45000000000001 55.350000000000001 0.30778899014954286 -1.7499999999999998 -2.2000000000000006
decision_type=2 2 2 2 2 2 2 2 2 2 2 2
left_child=4 3 11 -2 7 6 -6 8 -1 -10 -8 -3
right_child=1 2 -4 -5 5 -7 10 -9 9 -11 -12 -13
leaf_value=0.015932869654931198 -0.064762734580851425 0.0023217537432411711 0.043345135857339977 -0.0015318503680536489 0.048231645647350489 0.059088969241374696 -0.022588503451789223 0.025970803655551902 -0.0069839219327896499 -0.049052093467450028 0.012966070405675207 -0.031629619033434878
leaf_weight=46 33 33 33 33 46 34 41 43 33 33 45 33
leaf_count=46 33 33 33 33 46 34 41 43 33 33 45 33
internal_value=0.00449747 -0.0106842 0.00476561 -0.0336374 0.0123162 0.023828 0.0143817 -6.67429e-05 -0.0102133 -0.0284373 -0.0040192 -0.0148236
internal_weight=486 165 99 66 321 166 132 155 112 66 86 66
internal_count=486 165 99 66 321 166 132 155 112 66 86 66
is_linear=0
shrinkage=0.050001


Tree=62
num_leaves=10
num_cat=0
split_feature=2 13 11 8 13 13 0 11 0
split_gain=20.9613 21.4207 29.538 16.9795 16.8698 24.0829 22.1755 20.4469 10.7835
threshold=23.650000000000009 2.1647055633831083 -1.864285714285713 0.065500000000000017 2.2755428447065618 3.0876867554894516 72.750000000000014 -2.0071428571428567 62.45000000000001
decision_type=2 2 2 2 2 2 2 2 2
left_child=3 -2 -3 -1 6 8 7 -5 -6
right_child=1 2 -4 4 5 -7 -8 -9 -10
leaf_value=-0.013120238399684224 -0.035365204429869825 0.02923419012259303 -0.022187812093274775 0.066794245307725542 -0.025814285375272871 0.035554427755552336 -0.0062292471040827713 0.021749703271990221 0.010165505284677046
leaf_weight=56 55 53 57 42 51 39 34 65 34
leaf_count=56 55 53 57 42 51 39 34 65 34
internal_value=0.00427556 -0.0101645 0.00260571 0.0117127 0.016996 0.003475 0.0287713 0.0398713 -0.0114424
internal_weight=486 165 110 321 265 124 141 107 85
internal_count=486 165 110 321 265 124 141 107 85
is_linear=0
shrinkage=0.050001


Tree=63
num_leaves=12
num_cat=0
split_feature=4 8 13 12 13 6 11 1 12 7 1
split_gain=19.3857 28.8519 28.0701 20.4352 17.0594 16.6969 14.81 16.1809 17.1428 8.33197 4.65443
threshold=0.49626980634301182 0.14650000000000002 1.4321969075243037 -2.3035714285714275 3.1136396050125112 23.750000000000004 -0.94999999999999962 80.000000000000014 -2.2607142857142843 5356.5000000000009 89.15000000000002
decision_type=2 2 2 2 2 2 2 2 2 2 2
left_child=2 3 -1 -2 -5 6 7 9 -9 -4 -10
right_child=1 -3 5 4 -6 -7 -8 8 10 -11 -12
leaf_value=0.053020005698019151 0.031580607546454906 -0.050048278927011559 0.0088419836862890372 -0.026947939726024907 0.01589763560116671 0.033265519860991445 -0.022716907841978041 0.021202745686178855 -0.032170479433158712 0.044266542017922468 -0.0068458316203675032
leaf_weight=35 38 34 34 62 36 46 52 42 33 33 41
leaf_count=35 38 34 34 62 36 46 52 42 33 33 41
internal_value=0.00406732 -0.00950789 0.0113837 0.000880575 -0.0111852 0.00603326 0.000584059 0.0072978 -0.00400471 0.0266868 -0.0184258
internal_weight=486 170 316 136 98 281 235 183 116 67 74
internal_count=486 170 316 136 98 281 235 183 116 67 74
is_linear=0
shrinkage=0.050001


Tree=64
num_leaves=11
num_cat=0
split_feature=2 7 3 10 1 8 0 2 3 7
split_gain=18.0171 17.2377 20.178 16.988 18.1496 24.9729 16.0204 14.7253 8.6491 18.147
threshold=23.650000000000009 6582.0000000000009 -0.79384350655589164 -4.0499999999999963 84.450000000000017 0.15250000000000002 69.350000000000009 20.849999999999998 0.62587949062545845 3923.5000000000005
decision_type=2 2 2 2 2 2 2 2 2 2
left_child=1 2 -1 -2 5 -5 -3 8 9 -4
right_child=3 6 7 4 -6 -7 -8 -9 -10 -11
leaf_value=0.029281338127585762 0.022121002872064113 0.054502101447450414 -0.0027568593768404087 0.0023975116569273287 0.010869202995532297 -0.0502564611182253 0.0093447275326138095 0.022347087922077315 0.0034094702859337918 -0.049458091398371609
leaf_weight=59 33 37 52 37 39 56 42 40 57 34
leaf_count=59 33 37 52 37 39 56 42 40 57 34
internal_value=0.00387075 0.0107662 0.00408975 -0.00951615 -0.0175406 -0.0294673 0.0309072 -0.00412655 -0.0116428 -0.0215746
internal_weight=486 321 242 165 132 93 79 183 143 86
internal_count=486 321 242 165 132 93 79 183 143 86
is_linear=0
shrinkage=0.050001


Tree=65
num_leaves=12
num_cat=0
split_feature=4 13 13 1 6 12 6 3 10 8 10
split_gain=32.412 43.4182 28.7344 27.5632 25.8878 16.4291 25.5031 11.183 8.71334 7.37461 6.28617
threshold=0.48877522411129343 2.1178942754631849 1.4482281340720482 66.450000000000003 15.250000000000002 -0.91071428571428581 23.650000000000002 -0.63921128368950708 -2.5499999999999967 0.22950000000000004 -0.90000000000000291
decision_type=2 2 2 2 2 2 2 2 2 2 2
left_child=2 -2 -1 4 -3 6 7 9 -9 -4 -10
right_child=1 3 5 -5 -6 -7 -8 8 10 -11 -12
leaf_value=0.04720000588402145 -0.066124863142270909 0.012922575715370713 -0.0050233209324132529 0.030396021114061485 -0.041890247348861417 -0.030801598342981944 0.039494466542296006 0.020689551020384458 -0.019825064445357286 -0.036241783158703682 0.0074890509317336864
leaf_weight=33 43 33 44 33 59 40 40 53 38 33 45
leaf_count=33 43 33 44 33 59 40 40 53 38 33 45
internal_value=-0.00556293 -0.0233417 0.00363253 -0.00822982 -0.0222727 -0.0013999 0.00333516 -0.00358636 0.00502409 -0.0187017 -0.0050708
internal_weight=494 168 326 125 92 293 253 213 136 77 83
internal_count=494 168 326 125 92 293 253 213 136 77 83
is_linear=0
shrinkage=0.050001


Tree=66
num_leaves=12
num_cat=0
split_feature=4 13 13 1 6 12 6 3 10 8 10
split_gain=29.2978 39.2855 26.0095 24.9307 23.4103 14.8598 23.075 10.1187 7.8791 6.67394 5.68726
threshold=0.48877522411129343 2.1178942754631849 1.4482281340720482 66.450000000000003 15.250000000000002 -0.91071428571428581 23.650000000000002 -0.63921128368950708 -2.5499999999999967 0.22950000000000004 -0.90000000000000291
decision_type=2 2 2 2 2 2 2 2 2 2 2
left_child=2 -2 -1 4 -3 6 7 9 -9 -4 -10
right_child=1 3 5 -5 -6 -7 -8 8 10 -11 -12
leaf_value=0.044904223280767451 -0.062888089580256601 0.012294028093627649 -0.0047773142880313327 0.028917576022393886 -0.039827981724062191 -0.029296252131025827 0.037564279612496747 0.019672774164670448 -0.018857316625949468 -0.034479003342426776 0.0071221234662797251
leaf_weight=33 43 33 44 33 59 40 40 53 38 33 45
leaf_count=33 43 33 44 33 59 40 40 53 38 33 45
internal_value=-0.00528845 -0.0221916 0.00345381 -0.00781606 -0.0211722 -0.0013337 0.00316916 -0.00341414 0.0047757 -0.0177924 -0.00482274
internal_weight=494 168 326 125 92 293 253 213 136 77 83
internal_count=494 168 326 125 92 293 253 213 136 77 83
is_linear=0
shrinkage=0.050001


Tree=67
num_leaves=10
num_cat=0
split_feature=4 13 2 13 12 3 13 3 13
split_gain=26.4827 35.5463 24.6149 23.5431 13.4405 17.7576 15.862 13.8373 12.6686
threshold=0.48877522411129343 2.1178942754631849 21.750000000000007 1.4482281340720482 -0.91071428571428581 0.039769539193789956 2.3631584196344075 0.97314989601849466 2.3092463269372057
decision_type=2 2 2 2 2 2 2 2 2
left_child=3 -2 -3 -1 5 6 -5 8 -7
right_child=1 2 -4 4 -6 7 -8 -9 -10
leaf_value=0.042720107325854823 -0.059809753035372212 -0.028563605855480501 0.015529345985317997 -0.028508975465151694 -0.027864475578959137 0.050418462394526194 0.0073057252755500861 -0.005875246328867355 0.010976633352094974
leaf_weight=33 43 65 60 61 40 35 61 47 49
leaf_count=33 43 65 60 61 40 35 61 47 49
internal_value=-0.0050275 -0.0210982 -0.00742301 0.00328387 -0.00127064 0.00301141 -0.0106636 0.0157489 0.0278061
internal_weight=494 168 125 326 293 253 122 131 84
internal_count=494 168 125 326 293 253 122 131 84
is_linear=0
shrinkage=0.050001


Tree=68
num_leaves=13
num_cat=0
split_feature=4 6 8 13 10 8 8 12 10 6 1 1
split_gain=23.9565 37.3161 33.3955 21.3057 17.2114 12.7592 25.605 12.8795 11.4208 5.32892 3.5886 3.3629
threshold=0.48877522411129343 20.750000000000004 0.086500000000000007 1.4482281340720482 -2.2499999999999996 0.29750000000000004 0.23199999999999998 -1.653571428571428 -2.7499999999999996 19.150000000000002 75.250000000000014 66.15000000000002
decision_type=2 2 2 2 2 2 2 2 2 2 2 2
left_child=3 2 4 -1 -2 6 8 -8 -5 10 -10 -4
right_child=1 -3 11 5 -6 -7 7 -9 9 -11 -12 -13
leaf_value=0.040642224543661787 -0.057057267560984101 -0.066119949375493758 0.0055886744554305067 0.022458082499174775 -0.0067883623008908297 0.021027793939770653 -0.0088574570760929852 -0.05097476350400669 -0.022323166846163426 0.011105313887713068 -0.00043885374615369336 0.02830328547451267
leaf_weight=33 34 34 33 58 34 52 36 37 40 35 35 33
leaf_count=33 34 34 33 58 34 52 36 37 40 35 35 33
internal_value=-0.00477811 -0.0200632 -0.00798827 0.00312662 -0.0323823 -0.00120572 -0.00607399 -0.0306043 0.0046812 -0.00478138 -0.0122688 0.0172125
internal_weight=494 168 134 326 68 293 241 73 168 110 75 66
internal_count=494 168 134 326 68 293 241 73 168 110 75 66
is_linear=0
shrinkage=0.050001


Tree=69
num_leaves=13
num_cat=0
split_feature=4 6 8 13 10 8 8 12 10 0 4 0
split_gain=21.6755 33.7714 30.2288 19.2864 15.5739 11.5404 23.1658 11.6509 10.3256 5.13622 5.88234 4.96746
threshold=0.48877522411129343 20.750000000000004 0.086500000000000007 1.4482281340720482 -2.2499999999999996 0.29750000000000004 0.23199999999999998 -1.653571428571428 -2.7499999999999996 60.45000000000001 0.037621334799590608 41.650000000000013
decision_type=2 2 2 2 2 2 2 2 2 2 2 2
left_child=3 2 4 -1 -2 6 8 -8 -5 10 -10 -4
right_child=1 -3 11 5 -6 -7 7 -9 9 -11 -12 -13
leaf_value=0.038665410715165285 -0.054279808742369068 -0.062901334799985581 0.0024219313937174441 0.021352760012116726 -0.006457916728304691 0.019994735379159724 -0.0084256553564860687 -0.048488060011825845 0.01841461415201974 -0.018106300150218559 -0.010603245510908077 0.02982154209903741
leaf_weight=33 34 34 33 58 34 52 36 37 34 42 34 33
leaf_count=33 34 34 33 58 34 52 36 37 34 42 34 33
internal_value=-0.00454699 -0.0190863 -0.00759829 0.00297174 -0.0308075 -0.00114984 -0.00578009 -0.0291129 0.00444944 -0.00454716 0.00392639 0.0163769
internal_weight=494 168 134 326 68 293 241 73 168 110 68 66
internal_count=494 168 134 326 68 293 241 73 168 110 68 66
is_linear=0
shrinkage=0.050001


end of trees

feature_importances:
forecast_high=82
forecast_diurnal_range=71
roll_low_7d_mean=64
roll_low_7d_std=60
forecast_evap=59
day_sin=57
lag_low_1d=55
day_cos=50
roll_low_14d_mean=50
forecast_radiation=48
lag_low_2d=47
forecast_wind=41
forecast_low=40
forecast_precip=4

parameters:
[boosting: gbdt]
[objective: regression]
[metric: l2]
[tree_learner: serial]
[device_type: cpu]
[data_sample_strategy: bagging]
[data: ]
[valid: ]
[num_iterations: 70]
[learning_rate: 0.050001]
[num_leaves: 56]
[num_threads: 2]
[seed: 42]
[deterministic: 0]
[force_col_wise: 0]
[force_row_wise: 0]
[histogram_pool_size: -1]
[max_depth: -1]
[min_data_in_leaf: 33]
[min_sum_hessian_in_leaf: 0.001]
[bagging_fraction: 0.620327]
[pos_bagging_fraction: 1]
[neg_bagging_fraction: 1]
[bagging_freq: 5]
[bagging_seed: 400]
[bagging_by_query: 0]
[feature_fraction: 0.84078]
[feature_fraction_bynode: 1]
[feature_fraction_seed: 30056]
[extra_trees: 0]
[extra_seed: 12879]
[early_stopping_round: 0]
[early_stopping_min_delta: 0]
[first_metric_only: 0]
[max_delta_step: 0]
[lambda_l1: 0.043612]
[lambda_l2: 0.923803]
[linear_lambda: 0]
[min_gain_to_split: 0]
[drop_rate: 0.1]
[max_drop: 50]
[skip_drop: 0.5]
[xgboost_dart_mode: 0]
[uniform_drop: 0]
[drop_seed: 17869]
[top_rate: 0.2]
[other_rate: 0.1]
[min_data_per_group: 100]
[max_cat_threshold: 32]
[cat_l2: 10]
[cat_smooth: 10]
[max_cat_to_onehot: 4]
[top_k: 20]
[monotone_constraints: ]
[monotone_constraints_method: basic]
[monotone_penalty: 0]
[feature_contri: ]
[forcedsplits_filename: ]
[refit_decay_rate: 0.9]
[cegb_tradeoff: 1]
[cegb_penalty_split: 0]
[cegb_penalty_feature_lazy: ]
[cegb_penalty_feature_coupled: ]
[path_smooth: 0]
[interaction_constraints: ]
[verbosity: -1]
[saved_feature_importance_type: 0]
[use_quantized_grad: 0]
[num_grad_quant_bins: 4]
[quant_train_renew_leaf: 0]
[stochastic_rounding: 1]
[linear_tree: 0]
[max_bin: 255]
[max_bin_by_feature: ]
[min_data_in_bin: 3]
[bin_construct_sample_cnt: 200000]
[data_random_seed: 175]
[is_enable_sparse: 1]
[enable_bundle: 1]
[use_missing: 1]
[zero_as_missing: 0]
[feature_pre_filter: 1]
[pre_partition: 0]
[two_round: 0]
[header: 0]
[label_column: ]
[weight_column: ]
[group_column: ]
[ignore_column: ]
[categorical_feature: ]
[forcedbins_filename: ]
[precise_float_parser: 0]
[parser_config_file: ]
[objective_seed: 16083]
[num_class: 1]
[is_unbalance: 0]
[scale_pos_weight: 1]
[sigmoid: 1]
[boost_from_average: 1]
[reg_sqrt: 0]
[alpha: 0.9]
[fair_c: 1]
[poisson_max_delta_step: 0.7]
[tweedie_variance_power: 1.5]
[lambdarank_truncation_level: 30]
[lambdarank_norm: 1]
[label_gain: ]
[lambdarank_position_bias_regularization: 0]
[eval_at: ]
[multi_error_top_k: 1]
[auc_mu_weights: ]
[num_machines: 1]
[local_listen_port: 12400]
[time_out: 120]
[machine_list_filename: ]
[machines: ]
[gpu_platform_id: -1]
[gpu_device_id: -1]
[gpu_use_dp: 0]
[num_gpu: 1]

end of parameters

pandas_categorical:[]
