tree
version=v4
num_class=1
num_tree_per_iteration=1
label_index=0
max_feature_idx=13
objective=regression
feature_names=forecast_high forecast_low forecast_diurnal_range day_sin day_cos forecast_precip forecast_wind forecast_radiation forecast_evap lag_high_1d lag_high_2d roll_high_7d_mean roll_high_14d_mean roll_high_7d_std
feature_infos=[54.5:116.59999999999999] [30.5:90.900000000000006] [8.3999999999999986:42.700000000000003] [-0.99999942202469239:0.99998555065071859] [-0.99997919295908244:0.9999907524084426] [0:1.3779999999999999] [4.2999999999999998:37.100000000000001] [1057:9149] [0.032000000000000001:0.501] [-13.099999999999994:7.6000000000000014] [-13.099999999999994:7.6000000000000014] [-4.3571428571428594:3.6714285714285699] [-3.2071428571428577:2.8071428571428578] [0.34016802570831201:6.1694716915130527]
tree_sizes=1884 1890 1967 1896 2142 1740 1993 1901 2076 1980 1995 1992 1905 1814 1894 1892 1895

Tree=0
num_leaves=21
num_cat=0
split_feature=2 4 11 2 13 0 12 12 2 0 13 2 2 10 6 12 3 3 4 10
split_gain=456.167 219.69 107.951 98.3138 84.1235 66.1052 41.6324 37.1384 31.4885 37.013 32.4143 31.3171 28.8556 17.8782 14.776 14.6439 12.7977 12.3001 8.96398 3.41583
threshold=18.550000000000001 0.81304046271159414 0.34999999999999948 31.950000000000014 2.1701425071007452 78.250000000000014 -0.59999999999999976 1.2678571428571426 24.099999999999998 96.800000000000026 1.3161089557879158 24.199999999999999 29.950000000000006 -1.2499999999999998 9.0500000000000025 -0.21428571428571391 -0.94139628442229051 -0.58482361983252518 -0.72694848937061807 0.24999999999999997
decision_type=2 2 2 2 2 2 2 2 2 2 2 2 2 2 2 2 2 2 2 2
left_child=-1 2 5 6 7 -2 -3 11 -7 10 -10 -4 -6 -11 -13 -12 -9 -15 -16 -19
right_child=1 3 4 -5 12 8 -8 16 9 13 15 14 -14 17 18 -17 -18 19 -20 -21
leaf_value=0.2417877057666212 0.11034875578945377 -0.079814677862850958 0.13861253700323237 -0.16937564027511384 0.039302487794380177 -0.075870607985088268 0.027632017893206896 0.17185797210337952 0.016918516336968517 -0.024644919742173102 -0.027320256689068942 0.0091264186071415149 -0.068903252535208764 0.078516100343194367 0.045905336281760509 -0.10021717782077133 0.10089567166710403 0.040176006984057801 0.097228821688867012 0.0025696021614894753
leaf_weight=45 24 38 25 38 24 32 33 28 38 24 25 29 24 31 38 30 23 24 30 23
leaf_count=45 24 38 25 38 24 32 33 28 38 24 25 29 24 31 38 30 23 24 30 23
internal_value=0.027438 0.0108272 0.0314688 -0.0785995 0.0670966 0.000118521 -0.0299438 0.08982 -0.0115575 -0.000978058 -0.0328654 0.068822 -0.0147014 0.0281435 0.0507835 -0.0671725 0.139953 0.044325 0.06862 0.0218752
internal_weight=626 581 472 109 221 251 71 173 227 195 93 122 48 102 97 55 51 78 68 47
internal_count=626 581 472 109 221 251 71 173 227 195 93 122 48 102 97 55 51 78 68 47
is_linear=0
shrinkage=1


Tree=1
num_leaves=21
num_cat=0
split_feature=2 9 9 4 2 2 12 4 8 10 0 10 13 0 3 6 12 0 0 8
split_gain=394.64 203.107 103.69 59.4379 56.0488 44.8314 42.6455 35.4159 32.3194 29.2194 29.0662 20.929 20.7751 19.3538 18.4496 18.2025 15.2547 12.7732 19.9185 5.22095
threshold=18.550000000000001 -1.4500000000000026 2.3499999999999983 0.71952396275653763 31.950000000000014 28.750000000000007 0.7357142857142841 0.58307701883076835 0.27150000000000007 1.2500000000000002 75.15000000000002 1.0000000180025095e-35 1.6480869140280414 77.350000000000009 -0.70291267844185523 11.250000000000002 1.2535714285714281 92.950000000000017 107.25000000000001 0.32350000000000007
decision_type=2 2 2 2 2 2 2 2 2 2 2 2 2 2 2 2 2 2 2 2
left_child=-1 4 3 6 8 -5 9 -6 13 11 -4 14 16 -2 -3 -13 19 -16 -19 -8
right_child=1 2 10 5 7 -7 12 -9 -10 -11 -12 15 -14 -15 17 -17 -18 18 -20 -21
leaf_value=0.19761657916854616 -0.038012733844795366 -0.060244119072691935 0.020618142852944131 0.002952803434118083 -0.094246779599298433 -0.11418030574168661 0.014998911388139786 -0.20614706573086192 0.012858144744203331 -0.071171974109090902 0.11747308245398205 -0.0037753128838354231 -0.0041574775686693006 -0.12322251189210998 0.043425459398950518 0.076822881107296376 0.10781441482010844 -0.06079158080739578 0.025694256326524161 0.06053157326448344
leaf_weight=45 24 37 23 26 30 41 24 26 24 37 45 30 36 29 23 25 23 27 25 26
leaf_count=45 24 37 23 26 30 41 24 26 24 37 45 30 36 29 23 25 23 27 25 26
internal_value=-0.00175354 -0.0172041 0.00529982 -0.00891155 -0.0930422 -0.0686547 0.0038618 -0.146291 -0.0542508 -0.0149773 0.0847855 -0.00249754 0.0391643 -0.0847303 -0.0198615 0.0327737 0.0605941 0 -0.0191196 0.0387735
internal_weight=626 581 448 380 133 67 313 56 77 204 68 167 109 53 112 55 73 75 52 50
internal_count=626 581 448 380 133 67 313 56 77 204 68 167 109 53 112 55 73 75 52 50
is_linear=0
shrinkage=0.0698863


Tree=2
num_leaves=22
num_cat=0
split_feature=2 4 11 2 13 0 2 0 2 13 3 0 2 10 3 11 6 8 2 8 2
split_gain=341.408 167.182 82.8727 74.9571 65.8158 54.8096 27.628 29.6311 27.0824 27.0221 24.2288 22.9752 22.6428 14.4377 10.7411 9.10057 11.7954 7.07817 5.55332 5.1933 3.93353
threshold=18.550000000000001 0.81304046271159414 0.34999999999999948 31.950000000000014 2.1701425071007452 78.250000000000014 24.099999999999998 96.800000000000026 24.199999999999999 1.3161089557879158 -0.95754239937548935 75.950000000000017 29.950000000000006 -1.2499999999999998 -0.58482361983252518 1.2214285714285733 13.350000000000003 0.20149999999999998 27.750000000000007 0.35250000000000004 30.650000000000006
decision_type=2 2 2 2 2 2 2 2 2 2 2 2 2 2 2 2 2 2 2 2 2
left_child=-1 2 5 11 8 -2 -7 9 -4 -8 -10 18 -6 -9 -15 16 20 -11 -3 -16 -12
right_child=1 3 4 -5 12 6 7 13 10 17 15 -13 -14 14 19 -17 -18 -19 -20 -21 -22
leaf_value=0.18380639032380722 0.07490470373579497 0 0.11035726460026409 -0.17328218884105701 0.0086934873537276025 -0.096337139904203312 -0.0092511737400824967 -0.047570016906419162 0.096778430030668577 -0.11374276504691185 -0.030285959047396983 -0.10900352167235876 -0.087139073608893738 0.046363908324745143 -0.029374380424148736 0.05214153432722686 0.05142917910195334 -0.062784854210740412 -0.047635966134976677 0.017037818578575916 0.0092970337600196719
leaf_weight=45 24 24 33 38 24 32 38 24 29 25 23 23 24 31 24 39 23 30 24 23 26
leaf_count=45 24 24 33 38 24 32 38 24 29 25 23 23 24 31 24 39 23 30 24 23 26
internal_value=-0.00162993 -0.0160012 0.00200411 -0.0940125 0.0332215 -0.025463 -0.0360962 -0.0261851 0.0533222 -0.0547152 0.0398427 -0.0515156 -0.0391236 -0.00012464 0.0144128 0.024923 0.0101118 -0.0860379 -0.0238661 -0.00655961 -0.0091847
internal_weight=626 581 472 109 221 251 227 195 173 93 140 71 48 102 78 111 72 55 48 47 49
internal_count=626 581 472 109 221 251 227 195 173 93 140 71 48 102 78 111 72 55 48 47 49
is_linear=0
shrinkage=0.0698863


Tree=3
num_leaves=21
num_cat=0
split_feature=2 9 11 1 13 10 12 3 13 2 10 1 9 9 7 7 7 9 11 11
split_gain=295.361 157.957 85.5041 49.1308 39.7103 36.7472 33.7481 29.1241 25.5246 22.0872 21.0744 20.98 26.6792 23.3074 15.9757 15.7849 12.7013 23.7574 12.5303 9.05087
threshold=18.550000000000001 -1.4500000000000026 0.59285714285714219 70.15000000000002 2.1253000885751221 2.149999999999999 -0.49999999999999889 -0.95754239937548935 1.4792207301814961 24.199999999999999 -1.5499999999999969 69.050000000000011 0.4500000000000029 0.75000000000000011 7599.5000000000009 3594.0000000000005 4630.5000000000009 -0.14999999999999852 -0.43571428571428622 1.2214285714285733
decision_type=2 2 2 2 2 2 2 2 2 2 2 2 2 2 2 2 2 2 2 2
left_child=-1 3 5 8 7 6 16 -4 -2 -9 -8 13 -13 -12 -11 -10 -3 -18 -17 -16
right_child=1 2 4 -5 -6 -7 10 9 15 14 11 12 -14 -15 19 18 17 -19 -20 -21
leaf_value=0.17096130757480893 -0.045954614421213916 -0.081951612827828493 0.12291833116066583 0.01093762471242217 -0.01919890319986212 -0.10412931659948073 -0.054842238458120106 0.10152888348932619 -0.16956489644101724 -0.012133868881717807 0.011709711135168359 0.035292960517268997 -0.052958715227532496 0.093423271840569075 0.021631080954693387 -0.064102868145098024 0.016980994755390558 -0.074915389764763252 -0.13113734859729592 0.080850106753349096
leaf_weight=45 30 32 29 23 39 23 23 25 24 32 44 32 35 28 26 25 29 26 31 25
leaf_count=45 30 32 29 23 39 23 23 25 24 32 44 32 35 28 26 25 29 26 31 25
internal_value=-0.00151631 -0.0148839 0.0049606 -0.081764 0.0429244 -0.0195866 -0.0117575 0.0606444 -0.101191 0.0438765 0.00707141 0.0173513 -0.0107368 0.0435556 0.0264516 -0.121843 -0.046873 -0.0263742 -0.1013 0.0507562
internal_weight=626 581 448 133 176 272 249 137 110 108 162 139 67 72 83 80 87 55 56 51
internal_count=626 581 448 133 176 272 249 137 110 108 162 139 67 72 83 80 87 55 56 51
is_linear=0
shrinkage=0.0698863


Tree=4
num_leaves=24
num_cat=0
split_feature=2 9 11 6 2 9 7 4 4 2 0 12 0 7 9 2 2 11 3 4 2 7 7
split_gain=256.577 139.923 79.3695 53.4015 43.692 28.2969 26.6693 25.5223 24.9583 33.9604 30.2413 23.6705 15.5244 11.4396 21.6015 20.9496 12.6812 12.1191 10.6033 9.37301 14.013 7.5305 4.65226
threshold=16.650000000000002 -1.4500000000000026 0.59285714285714219 8.7500000000000018 31.950000000000014 2.9500000000000033 4984.0000000000009 0.58307701883076835 0.81304046271159414 28.750000000000007 78.250000000000014 1.2678571428571426 77.550000000000011 7599.5000000000009 0.24999999999999997 27.050000000000001 28.650000000000009 -0.30714285714285733 0.17646842360078757 -0.54219087765047058 28.550000000000001 8162.5000000000009 5844.5000000000009
decision_type=2 2 2 2 2 2 2 2 2 2 2 2 2 2 2 2 2 2 2 2 2 2 2
left_child=-1 4 8 11 6 19 12 -6 10 -10 -3 -4 -2 14 16 -16 -12 -15 -19 21 -21 -5 -18
right_child=1 2 3 5 7 -7 -8 -9 9 -11 13 -13 -14 17 15 -17 22 18 -20 20 -22 -23 -24
leaf_value=0.19134220572539778 -0.033935173061055 0.067254077855458338 -0.051730261221524652 0.0015026267840629337 -0.07756868081902514 0.13832090844400685 0.0081167453291103656 -0.172621123712874 -0.0012353971220026255 -0.11141902062675084 0.037837230145527055 0.035587558761396659 -0.11552125698474063 -0.033407339903159701 -0.10893851743567816 -0.020662817406417098 -0.0010373910727203245 -0.0055422081866100398 0.061388289133008714 0.11414441746268578 0.038159259839099728 0.054874682839183495 -0.044406050112172725
leaf_weight=32 23 24 33 23 30 23 32 26 26 29 24 28 23 24 25 28 23 23 23 23 25 30 26
leaf_count=32 23 24 33 23 30 23 32 26 26 29 24 28 23 24 25 28 23 23 23 23 25 30 26
internal_value=-0.00141036 -0.0118029 0.00649444 0.0418951 -0.0746502 0.0682357 -0.0407426 -0.12179 -0.0173031 -0.0594215 -0.00675125 -0.011571 -0.0748357 -0.0158382 -0.0284299 -0.0623953 -0.00370315 0.00675805 0.0278192 0.052226 0.0746719 0.031805 -0.0241485
internal_weight=626 594 460 185 134 124 78 56 275 55 220 61 46 196 126 53 73 70 46 101 48 53 49
internal_count=626 594 460 185 134 124 78 56 275 55 220 61 46 196 126 53 73 70 46 101 48 53 49
is_linear=0
shrinkage=0.0698863


Tree=5
num_leaves=19
num_cat=0
split_feature=2 11 2 8 13 6 3 11 2 1 8 2 1 7 12 7 13 3
split_gain=221.972 113.193 63.7018 83.2164 56.2021 30.0172 29.8757 25.9702 21.0845 18.5728 27.1108 20.9025 21.5651 14.4478 11.4624 10.6343 9.18423 5.5205
threshold=16.650000000000002 0.31428571428571367 31.550000000000001 0.16150000000000003 2.1701425071007452 8.8500000000000032 -0.95754239937548935 -1.7857142857142854 24.199999999999999 80.550000000000011 0.34050000000000002 27.950000000000006 59.20000000000001 7690.5000000000009 -0.76785714285714224 8536.5000000000018 1.6281744957134336 -0.27694604220087021
decision_type=2 2 2 2 2 2 2 2 2 2 2 2 2 2 2 2 2 2
left_child=-1 2 7 -4 6 -6 -3 -2 -8 11 -11 12 -9 17 -13 -15 -5 -10
right_child=1 4 3 16 5 -7 8 9 13 10 -12 14 -14 15 -16 -17 -18 -19
leaf_value=0.17797068483548553 -0.083316708284918356 0.0996550107096522 -0.16693471343988722 -0.017798410719296894 -0.073323849763136342 0.026916149408396674 0.080147633576124894 0.064260799411958988 0.016435480814081478 -0.098806080174333594 0.0051885697477780336 -0.055888896354910705 -0.010736566699422131 0.059700165391819701 0.0014626655117520777 0.001176721925598434 -0.063685064538731392 -0.02808733281148381
leaf_weight=32 24 37 36 44 37 24 32 43 23 23 26 28 33 42 43 24 42 33
leaf_count=32 24 37 36 44 37 24 32 43 23 23 26 28 33 42 43 24 42 33
internal_value=-0.00131234 -0.0109793 -0.0371724 -0.0776842 0.0245495 -0.0338064 0.0432121 -0.0146845 0.0296189 -0.00625532 -0.0435285 0.00613659 0.0316332 0.0163251 -0.0210877 0.0384925 -0.040265 -0.00971511
internal_weight=626 594 342 122 252 61 191 220 154 196 49 147 76 122 71 66 86 56
internal_count=626 594 342 122 252 61 191 220 154 196 49 147 76 122 71 66 86 56
is_linear=0
shrinkage=0.0698863


Tree=6
num_leaves=22
num_cat=0
split_feature=2 9 7 9 12 2 0 6 0 10 0 7 6 11 4 1 6 0 9 1 4
split_gain=197.719 150.569 50.683 48.7204 29.6786 33.2104 37.0065 26.4703 24.2621 26.7294 18.8565 42.7557 20.5321 14.7292 11.591 11.3992 10.9915 8.95253 9.59991 8.16127 6.72695
threshold=15.450000000000006 -1.4500000000000026 3594.0000000000005 1.0999999999999981 -0.13214285714285667 24.450000000000006 87.750000000000014 5.7500000000000009 103.05000000000001 -0.64999999999999847 78.250000000000014 6496.0000000000009 8.4500000000000011 -0.31428571428571561 -0.6523320455745395 45.850000000000001 9.9500000000000011 102.15000000000002 0.54999999999999727 52.250000000000007 -0.62587551141915865
decision_type=2 2 2 2 2 2 2 2 2 2 2 2 2 2 2 2 2 2 2 2 2
left_child=-1 2 -2 7 -5 -6 -7 -3 9 19 15 12 -12 20 -8 -9 -15 -18 -19 -4 -13
right_child=1 3 8 4 5 6 14 10 -10 -11 11 13 -14 16 -16 -17 17 18 -20 -21 -22
leaf_value=0.19656333947185781 -0.15503328183773535 -0.078058673980582693 -0.0067002684862309883 -0.011644219782346237 0.11105549446049937 -0.029501990157367521 0.026688447481832758 0.0078591898936703625 0.012717335442545715 -0.12101715675453714 -0.019102183155313871 -0.042640483282714185 -0.091586976832810071 -0.0060153093044670739 0.090558084336200051 0.075035996631310539 0.078178337460551445 0.052336771552787119 -0.0079618775644137267 -0.062288352580314961 0.0086474365794952223
leaf_weight=24 29 23 23 40 39 30 23 27 23 30 44 27 34 34 36 23 23 29 23 30 23
leaf_count=24 29 23 23 40 39 30 23 27 23 30 44 27 34 34 36 23 23 29 23 30 23
internal_value=-0.000197313 -0.00790919 -0.0730874 0.010489 0.0408006 0.0572272 0.0335837 -0.00592252 -0.0506207 -0.0682303 -0.000124369 -0.00836914 -0.0507612 0.0123969 0.0657429 0.0388584 0.0268215 0.0417717 0.025574 -0.0382572 -0.0189521
internal_weight=637 613 135 478 168 128 89 310 106 83 287 237 78 159 59 50 109 75 52 53 50
internal_count=637 613 135 478 168 128 89 310 106 83 287 237 78 159 59 50 109 75 52 53 50
is_linear=0
shrinkage=0.0698863


Tree=7
num_leaves=21
num_cat=0
split_feature=9 4 0 13 0 8 6 4 7 0 12 13 9 6 3 6 4 8 0 9
split_gain=132.32 68.8564 58.4307 67.7171 55.7049 36.7356 31.0805 36.0875 38.4574 28.563 27.2256 21.1529 17.135 14.4978 13.5648 10.4239 10.9922 9.59158 6.45847 4.09194
threshold=0.4500000000000029 0.45847758937963173 74.750000000000014 1.5113065748561152 67.450000000000017 0.13050000000000003 6.6500000000000012 -0.61236746317008228 7806.0000000000009 82.200000000000003 0.49285714285714349 2.7244046912730213 1.8500000000000016 9.9500000000000011 0.95242846126021108 14.050000000000002 -0.52765736634565841 0.11750000000000001 104.65000000000002 1.4500000000000031
decision_type=2 2 2 2 2 2 2 2 2 2 2 2 2 2 2 2 2 2 2 2
left_child=1 9 17 -4 -2 -5 -6 8 -8 -1 12 14 -9 -12 15 16 18 -3 -11 -10
right_child=4 2 3 5 6 -7 7 10 19 11 13 -13 -14 -15 -16 -17 -18 -19 -20 -21
leaf_value=0.066420854380494748 0.12444558852561634 0.03307505278489032 -0.025150354769729672 -0.21054977575804754 -0.03672994779735033 -0.097645323478597196 -0.074517086831034599 0.05711631183386974 0.050743594425164761 -0.025942265114433226 0.054479627858338028 -0.070237066140878629 -0.018999636195110633 0.12351153451676164 -0.03899998475518647 -0.028561805145953325 0.046400890632022171 -0.030073959299612211 0.018758818254484579 0.010647288179743152
leaf_weight=26 32 23 42 23 33 37 24 36 28 27 27 26 24 34 39 30 41 24 38 23
leaf_count=26 32 23 42 23 33 37 24 36 28 27 27 26 24 34 39 30 41 24 38 23
internal_value=-0.000184048 -0.0267291 -0.063644 -0.0933516 0.0380385 -0.14101 0.0259423 0.0365191 -0.00150766 -0.00247706 0.060129 -0.0114137 0.0265899 0.0930377 -0.00264608 0.00774381 0.0180648 0.000726213 0.000116298 0.0327564
internal_weight=637 376 149 102 261 60 229 196 75 227 121 201 60 61 175 136 106 47 65 51
internal_count=637 376 149 102 261 60 229 196 75 227 121 201 60 61 175 136 106 47 65 51
is_linear=0
shrinkage=0.0698863


Tree=8
num_leaves=23
num_cat=0
split_feature=2 9 7 9 6 2 0 7 3 6 2 11 2 3 8 11 2 6 0 4 10 7
split_gain=162.916 115.465 39.5586 37.2426 29.8694 24.0465 20.5855 51.1742 40.2754 27.8655 27.2065 14.5681 11.6181 23.3403 12.8281 11.1913 11.0907 10.3361 9.54456 8.79538 6.68122 2.49172
threshold=15.450000000000006 -1.4500000000000026 3560.5000000000005 2.5499999999999976 5.7500000000000009 31.550000000000001 78.250000000000014 6496.0000000000009 -0.90163369914317004 8.4500000000000011 29.650000000000009 -0.31428571428571561 34.550000000000011 0.84313847884979054 0.32250000000000006 0.37142857142856966 24.450000000000006 6.8500000000000005 110.45000000000002 -0.59867820553660911 -0.14999999999999852 8411.0000000000018
decision_type=2 2 2 2 2 2 2 2 2 2 2 2 2 2 2 2 2 2 2 2 2 2
left_child=-1 2 -2 4 -3 20 10 8 -8 -10 15 19 13 14 -13 -6 -5 -7 21 -9 -4 -16
right_child=1 3 5 16 6 17 7 11 9 -11 -12 12 -14 -15 18 -17 -18 -19 -20 -21 -22 -23
leaf_value=0.17843401637524642 -0.13999453699550427 -0.066869143638735015 0.0035862136357487184 0.092640031792610933 0.095036183318840506 -0.11509245612143543 0.020521647117567307 -0.034062728537806473 -0.027066842982121496 -0.11612814975885651 -0.024043627757161776 -0.021720668267768476 -0.015552004213525672 0.096030176934071176 0.068563951668409048 0.029857695335142691 0.032088286686313722 -0.049009447245333917 -0.00080289640775366741 0.020474299250308598 -0.043069885426247227 0.037893290014647391
leaf_weight=24 27 29 35 28 30 24 34 34 34 35 23 24 23 27 26 23 32 23 23 25 26 28
leaf_count=24 27 29 35 28 30 24 34 34 34 35 23 24 23 27 26 23 32 23 23 25 26 28
internal_value=-0.000171198 -0.00717221 -0.0642495 0.00893801 0.00153538 -0.0452668 0.0066476 -0.00125949 -0.0416228 -0.0723144 0.0392751 0.018515 0.0300293 0.0382575 0.0227642 0.0668439 0.0604279 -0.0828594 0.0366925 -0.0108721 -0.0162215 0.0527516
internal_weight=637 613 135 478 418 108 389 313 103 69 76 210 151 128 101 53 60 47 77 59 61 54
internal_count=637 613 135 478 418 108 389 313 103 69 76 210 151 128 101 53 60 47 77 59 61 54
is_linear=0
shrinkage=0.0698863


Tree=9
num_leaves=22
num_cat=0
split_feature=9 7 0 13 0 0 6 6 0 12 13 13 10 8 13 11 8 0 3 13 13
split_gain=102.054 45.9812 69.7383 47.7361 47.3574 43.1589 34.3459 25.7994 21.8814 16.3321 13.971 14.2247 13.8384 13.9524 12.6925 8.51326 8.75182 17.4675 5.15785 4.80746 1.67581
threshold=0.4500000000000029 5504.5000000000009 68.90000000000002 1.5113065748561152 77.550000000000011 67.450000000000017 7.7500000000000009 9.8500000000000032 109.45000000000002 -0.97857142857142887 1.6529913592333298 1.1579946910694836 0.24999999999999997 0.24250000000000002 2.7054515060957454 0.33571428571428391 0.27550000000000008 104.65000000000002 0.75014288946266361 1.351981406509104 1.5430333761782113
decision_type=2 2 2 2 2 2 2 2 2 2 2 2 2 2 2 2 2 2 2 2 2
left_child=1 2 -1 9 -5 -2 -6 12 10 -4 11 -9 -7 -14 15 16 -3 -18 -12 -19 -17
right_child=5 14 3 4 6 7 -8 8 -10 -11 18 -13 13 -15 -16 20 17 19 -20 -21 -22
leaf_value=0.062869185928559487 0.10946902426863464 0.025263894587168281 -0.057061522167954432 -0.035306472818152287 -0.093182397691005558 -0.042400042524283608 -0.20488386673049 0.037646752470505841 -0.020481302571316029 0.017778320996361615 0.0021308097458881976 0.10297762202658618 -0.013884434815362386 0.056518858881948207 -0.04579506919268931 0.015882014420683408 -0.05010348240551081 -0.009036295362356471 0.047708015160421779 0.033394003353845431 0.042004825971226095
leaf_weight=23 32 36 27 35 33 33 23 29 23 30 24 38 34 23 27 23 40 27 25 25 27
leaf_count=23 32 36 27 35 33 33 23 29 23 30 24 38 34 23 27 23 40 27 25 25 27
internal_value=-0.00015923 -0.0234725 -0.0502318 -0.0678414 -0.0992648 0.0334076 -0.13915 0.0227572 0.0416369 -0.0175881 0.0539951 0.0747736 -0.00634809 0.0144401 -0.00112758 0.00562109 -0.00389797 -0.0153618 0.0254837 0.0112705 0.0300857
internal_weight=637 376 171 148 91 261 56 229 139 57 116 67 90 57 205 178 128 92 49 52 50
internal_count=637 376 171 148 91 261 56 229 139 57 116 67 90 57 205 178 128 92 49 52 50
is_linear=0
shrinkage=0.0698863


Tree=10
num_leaves=22
num_cat=0
split_feature=0 4 1 12 6 12 0 7 3 13 3 1 0 12 4 4 1 4 7 13 13
split_gain=81.3205 106.826 63.5642 25.5636 30.9114 22.4761 42.8497 26.7382 27.9332 22.8182 20.7619 19.3983 32.8042 12.4996 12.1761 21.1983 9.49339 14.737 7.65334 11.3548 3.88053
threshold=67.450000000000017 0.81304046271159414 41.300000000000004 0.49285714285714349 8.0500000000000025 0.30000000000000077 78.65000000000002 6496.0000000000009 -0.90163369914317004 1.814229427723693 -0.36647417525074688 44.750000000000007 77.950000000000017 0.72499999999999953 -0.4831374111459158 -0.29342786347392819 81.550000000000011 -0.89404254237865755 7666.5000000000009 1.6529913592333298 1.8736874320804893
decision_type=2 2 2 2 2 2 2 2 2 2 2 2 2 2 2 2 2 2 2 2 2
left_child=2 3 -1 5 20 6 -2 8 -8 -10 -6 -3 -13 -12 16 -16 17 -9 -15 -20 -5
right_child=1 11 -4 4 10 -7 7 14 9 -11 13 12 -14 18 15 -17 -18 -19 19 -21 -22
leaf_value=-0.001200036657732479 0.083834093551884523 -0.12662494118907852 0.15235587444612506 -0.0025954981680576836 0.10045164840793565 -0.061726984322557091 0.023457120418213379 0.0094668534893539401 -0.032195353120195572 -0.11603217312531636 0.075748792841856788 0.0079586729218231855 -0.1005814103169969 -0.010076058650735504 0.081612466188848223 -0.0075470702385106213 0.021226928978260336 -0.060913034149355345 0.060544674677803542 -0.0021338439297920787 -0.038459240835763603
leaf_weight=24 26 29 29 39 25 34 25 30 44 25 23 23 33 31 25 27 36 28 32 25 24
leaf_count=24 26 29 29 39 25 34 25 30 44 25 23 23 33 31 25 27 36 28 32 25 24
internal_value=-0.000146518 -0.00767651 0.0827322 0.00465068 0.0240784 -0.00822037 -0.00136271 -0.010613 -0.0396926 -0.0626429 0.0428348 -0.0800998 -0.0559174 0.0298133 0.00807677 0.0352265 -0.00689129 -0.0244272 0.0177515 0.0329702 -0.0163351
internal_weight=637 584 53 499 199 300 266 240 94 69 136 85 56 111 146 52 94 58 88 57 63
internal_count=637 584 53 499 199 300 266 240 94 69 136 85 56 111 146 52 94 58 88 57 63
is_linear=0
shrinkage=0.0698863


Tree=11
num_leaves=22
num_cat=0
split_feature=9 4 0 13 0 0 6 4 7 12 9 13 4 1 6 6 7 13 7 9 9
split_gain=78.1391 42.1107 34.1621 44.7704 32.7843 23.2315 20.3281 28.5721 28.2861 18.2239 16.1724 14.4661 11.3496 10.8747 10.2702 9.23042 7.83033 7.57495 6.94471 6.25953 3.69819
threshold=0.4500000000000029 0.45082531555062549 74.750000000000014 2.1253000885751221 67.450000000000017 82.200000000000003 6.6500000000000012 -0.61236746317008228 7806.0000000000009 0.49285714285714349 1.8500000000000016 2.7244046912730213 0.90803977035715633 81.15000000000002 10.450000000000001 13.550000000000002 3628.5000000000005 0.91819814031064828 7978.0000000000009 -0.54999999999999705 1.4500000000000031
decision_type=2 2 2 2 2 2 2 2 2 2 2 2 2 2 2 2 2 2 2 2 2
left_child=1 5 16 12 -2 -1 -6 8 -8 10 -9 13 -4 15 -11 17 -3 -7 19 -19 -10
right_child=4 2 3 -5 6 11 7 9 20 14 -12 -13 -14 -15 -16 -17 -18 18 -20 -21 -22
leaf_value=0.0636047358633616 0.095531411220952947 0.028283324529295006 -0.017418882086625887 -0.13450438492859895 -0.030725593036709329 -0.038625803112394302 -0.067943728736863718 0.051719218531335612 0.041112978972861182 0.049755624609902842 -0.022241345964751854 -0.05778187947648792 -0.077965574772634383 0.029580358370320709 0.1077258891390766 -0.050822420780860848 -0.028776365813837967 0.012700371826976061 0.033021563876141968 -0.03423824936732893 0.0030511039264797947
leaf_weight=24 32 24 45 36 33 23 24 36 28 33 24 26 23 41 28 24 23 31 31 25 23
leaf_count=24 32 24 45 36 33 23 24 36 28 33 24 26 23 41 28 24 23 31 31 25 23
internal_value=-0.000136797 -0.0205374 -0.0490875 -0.0714338 0.029234 -0.00135543 0.0199481 0.0285046 -0.00532926 0.0495157 0.0220548 -0.00913631 -0.0379702 -0.00188094 0.0764461 -0.0115434 0.000257858 -0.00292896 0.00645324 -0.00816863 0.024043
internal_weight=637 376 151 104 261 225 229 196 75 121 60 201 68 175 61 134 47 110 87 56 51
internal_count=637 376 151 104 261 225 229 196 75 121 60 201 68 175 61 134 47 110 87 56 51
is_linear=0
shrinkage=0.0698863


Tree=12
num_leaves=21
num_cat=0
split_feature=2 4 9 10 9 2 8 2 12 0 6 1 0 1 9 12 11 6 11 11
split_gain=136.698 60.7799 49.9999 34.4803 22.5022 22.0154 20.0509 19.7237 22.7684 10.7527 12.6747 10.4028 14.7836 8.04973 7.04193 7.7745 9.90437 5.48046 2.76853 2.24186
threshold=16.25 0.70747208174348741 2.5499999999999976 2.9500000000000033 -1.5499999999999969 25.199999999999999 0.30950000000000005 31.950000000000014 -0.53928571428571448 82.200000000000003 16.250000000000004 59.900000000000006 97.950000000000003 46.350000000000001 1.0999999999999981 -0.22857142857142868 0.34999999999999948 7.9500000000000011 0.014285714285714452 -1.1714285714285706
decision_type=2 2 2 2 2 2 2 2 2 2 2 2 2 2 2 2 2 2 2 2
left_child=-1 2 3 4 6 -4 -2 8 13 -6 11 17 -13 -3 15 -14 -17 -11 -10 -9
right_child=1 7 5 -5 9 -7 -8 19 18 10 -12 12 14 -15 -16 16 -18 -19 -20 -21
leaf_value=0.13607685238559802 -0.064869478318900456 -0.035064553478987945 0.1182906171186562 -0.083400169173033958 0.041325114539716649 0.026011468817720467 0.014041147033563487 -0.069931878820428756 0.022023060343472834 0.003215500004869224 -0.043333566055408432 0.060512432230542895 0.022572475004838072 -0.093998927041094665 0.033943874947352147 -0.047505880100366368 0.006886309820833895 -0.038699206033065293 -0.012206375356934864 -0.10195089998924207
leaf_weight=34 42 23 24 25 44 27 25 23 23 33 25 32 42 23 38 28 39 28 23 23
leaf_count=34 42 23 24 25 44 27 25 23 23 33 25 32 42 23 38 28 39 28 23 23
internal_value=-0.000171299 -0.00803141 0.00435297 -0.00392509 0.00134666 0.0695339 -0.0353536 -0.0486293 -0.0298657 0.00932008 0.00398761 0.00893726 0.0174439 -0.0646388 0.00803502 -0.000953545 -0.0157734 -0.0159455 0.00480367 -0.0860492
internal_weight=624 590 452 401 376 51 67 138 92 309 265 240 179 46 147 109 67 61 46 46
internal_count=624 590 452 401 376 51 67 138 92 309 265 240 179 46 147 109 67 61 46 46
is_linear=0
shrinkage=0.0698863


Tree=13
num_leaves=20
num_cat=0
split_feature=2 7 9 0 7 2 2 0 3 3 10 7 12 12 7 6 7 6 4
split_gain=118.259 71.2796 43.5513 37.8203 25.7106 22.7321 19.3605 18.3237 34.7642 15.9602 15.8395 17.3508 13.248 8.21815 8.12959 7.90745 5.80098 3.38764 0.575119
threshold=16.25 3619.0000000000005 2.5499999999999976 77.950000000000017 7690.5000000000009 31.899999999999999 24.450000000000006 81.050000000000011 -0.31799228562170639 -0.57078386445773377 -1.1500000000000019 5504.5000000000009 0.057142857142857155 0.074999999999998762 8650.0000000000018 14.050000000000002 6895.5000000000009 13.050000000000002 -0.92921788351138401
decision_type=2 2 2 2 2 2 2 2 2 2 2 2 2 2 2 2 2 2 2
left_child=-1 3 4 -2 5 7 -4 12 15 -7 -11 -12 -3 18 17 16 -9 -15 -6
right_child=1 2 6 -5 13 9 -8 8 -10 10 11 -13 -14 14 -16 -17 -18 -19 -20
leaf_value=0.12656740059850652 -0.033611618857621234 0.054330385917276611 0.10756061613826295 -0.14107043861507507 -0.012669327283634589 -0.0054299386989170671 0.023086945185144609 0.034829661390446916 -0.075211235167893659 -0.016646138466137331 -0.12505337151582202 -0.043698787840551458 -0.0039159492441383876 0.058992194374734436 0.0032329615390043549 -0.027695244088535537 -0.0090758370412670816 0.025006147329641702 0.0026676331134153075
leaf_weight=34 42 38 24 26 23 43 30 40 37 29 24 28 38 38 34 25 23 24 24
leaf_count=34 42 38 24 26 23 43 30 40 37 29 24 28 38 38 34 25 23 24 24
internal_value=-0.000158266 -0.0074696 0.00128874 -0.0747721 -0.00555885 -0.0164324 0.0607222 -0.00188989 -0.0183654 -0.039966 -0.0582399 -0.0813425 0.0251443 0.0191199 0.030849 0.00548186 0.0187243 0.0459151 -0.00473525
internal_weight=624 590 522 68 468 325 54 201 125 124 81 52 76 143 96 88 63 62 47
internal_count=624 590 522 68 468 325 54 201 125 124 81 52 76 143 96 88 63 62 47
is_linear=0
shrinkage=0.0698863


Tree=14
num_leaves=21
num_cat=0
split_feature=2 7 0 9 7 2 2 3 4 8 6 6 11 2 6 8 6 8 11 3
split_gain=102.31 61.8301 43.7947 38.1868 22.8481 21.9916 16.7414 14.9427 14.9148 14.8858 13.4707 10.738 7.91235 7.68558 5.61027 11.3737 5.52685 4.8854 3.91333 3.76072
threshold=16.25 3594.0000000000005 77.950000000000017 2.5499999999999976 7690.5000000000009 31.899999999999999 24.450000000000006 -0.57078386445773377 -0.75013812021657655 0.17950000000000002 15.850000000000003 13.050000000000002 0.57142857142857262 35.050000000000011 7.6500000000000012 0.22350000000000003 6.1500000000000012 0.37850000000000006 0.93571428571428639 0.3261394409934788
decision_type=2 2 2 2 2 2 2 2 2 2 2 2 2 2 2 2 2 2 2 2
left_child=-1 2 -2 4 5 8 -5 -7 -3 -9 11 14 17 -11 16 -16 -10 19 -14 -6
right_child=1 3 -4 6 12 7 -8 9 10 13 -12 -13 18 -15 15 -17 -18 -19 -20 -21
leaf_value=0.11772249544908132 -0.027709843304397474 -0.048897492780258713 -0.14949958313594919 0.10004411088743143 -0.023456956515263312 -0.0050504746642026574 0.021473569859304101 -0.09154210189696145 0.0016683224084628149 -0.0026745535165952085 -0.040425220204756779 0.057999803713747897 0.059269936485803414 -0.058261734528310474 -0.036254218866640708 0.020869779740408462 0.044347684315937469 0.031428412583102749 0.022285322791614531 0.011193727403198264
leaf_weight=34 39 28 23 24 31 43 30 34 32 24 26 23 24 25 34 34 28 23 35 30
leaf_count=34 39 28 23 24 31 43 30 34 32 24 26 23 24 25 34 34 28 23 35 30
internal_value=-0.000147757 -0.00694876 -0.0729704 0.00079485 -0.0055396 -0.0156325 0.0564851 -0.0386111 -0.00148533 -0.0559393 0.00598803 0.014012 0.0177884 -0.0311348 0.00606963 -0.00762148 0.0216664 0.00394672 0.0374129 -0.00633673
internal_weight=624 590 62 528 474 331 54 126 205 83 177 151 143 49 128 68 60 84 59 61
internal_count=624 590 62 528 474 331 54 126 205 83 177 151 143 49 128 68 60 84 59 61
is_linear=0
shrinkage=0.0698863


Tree=15
num_leaves=21
num_cat=0
split_feature=2 7 0 9 7 2 2 0 3 3 12 9 8 12 12 7 8 7 9 2
split_gain=88.509 53.5009 37.8783 33.0426 19.7756 19.0358 14.4761 14.0798 26.5365 12.9267 13.7072 12.6724 10.5321 18.9633 6.41607 6.93425 4.71918 11.2492 3.07741 0.381972
threshold=16.25 3594.0000000000005 77.950000000000017 2.5499999999999976 7690.5000000000009 31.899999999999999 24.450000000000006 81.050000000000011 -0.31799228562170639 -0.57078386445773377 0.092857142857142611 -1.4500000000000026 0.13999999999999999 0.27500000000000119 0.074999999999998762 8650.0000000000018 0.23550000000000001 6812.5000000000009 0.64999999999999869 30.199999999999999
decision_type=2 2 2 2 2 2 2 2 2 2 2 2 2 2 2 2 2 2 2 2
left_child=-1 2 -2 4 5 7 -5 12 16 -7 11 -11 -3 -14 19 18 -9 -18 -16 -6
right_child=1 3 -4 6 14 9 -8 8 -10 10 -12 -13 13 -15 15 -17 17 -19 -20 -21
leaf_value=0.10949570089452089 -0.025773385473040724 -0.011283871192328088 -0.13905234436882041 0.0930528719488498 -0.010980259083388885 -0.00469752918319214 0.019972943803858955 -0.022106234477449346 -0.064651185046949 -0.070396076172337146 -0.090878865642608095 -0.001766317134860257 0.086115092491975423 -0.00066413916478055108 0.056521401702710382 0.0014040397038304904 0.051587234912108412 -0.0078137619581899447 0.024974574847464803 0.0014730174639390259
leaf_weight=34 39 29 23 24 23 43 30 23 38 23 29 31 24 25 31 34 25 41 31 24
leaf_count=34 39 29 23 24 23 43 30 23 38 23 29 31 24 25 31 34 25 41 31 24
internal_value=-0.000136349 -0.00646258 -0.0678765 0.000739952 -0.00515176 -0.0145421 0.052544 -0.00137824 -0.0157538 -0.0359208 -0.0520383 -0.031088 0.0219662 0.041743 0.01655 0.0269151 0.00507027 0.0146143 0.0408268 -0.0045187
internal_weight=624 590 62 528 474 331 54 205 127 126 83 54 78 49 143 96 89 66 62 47
internal_count=624 590 62 528 474 331 54 205 127 126 83 54 78 49 143 96 89 66 62 47
is_linear=0
shrinkage=0.0698863


Tree=16
num_leaves=21
num_cat=0
split_feature=2 7 9 7 7 7 2 13 13 10 1 4 1 11 4 6 4 2 12 1
split_gain=76.5731 46.2906 29.2891 20.9471 15.9046 19.6235 15.4054 13.1504 12.8329 15.7265 9.99874 19.17 13.5816 8.33544 8.33506 7.36221 7.1139 6.63001 6.18272 4.23205
threshold=16.25 3594.0000000000005 1.0999999999999981 6496.0000000000009 6128.0000000000009 5528.5000000000009 22.900000000000002 1.958430040190805 1.5371587812796956 -1.5499999999999969 45.850000000000001 0.24997576770840005 70.550000000000011 0.54285714285714148 -0.80417042486635371 9.9500000000000011 0.70747208174348741 32.750000000000007 0.89642857142857213 79.15000000000002
decision_type=2 2 2 2 2 2 2 2 2 2 2 2 2 2 2 2 2 2 2 2
left_child=-1 7 3 4 5 8 -5 -2 16 -10 -4 12 -12 15 -14 -8 -3 -11 -15 -17
right_child=1 2 10 6 -6 -7 13 -9 9 17 11 -13 14 18 -16 19 -18 -19 -20 -21
leaf_value=0.10184381907240887 -0.029659957463180547 0.014198459206480562 -0.01467174932475589 0.058964693445207321 -0.079343643928076107 0.037269504321118876 -0.035612384416203777 -0.094371103765643782 -0.0037803288642393978 -0.047156726628997052 -0.0079864831573214431 0.086235448399919201 0.01399365622184472 0.047893822713848629 0.071550624367998361 0.015735043522307562 -0.034620873237187606 -0.098758904865393349 -0.001577318633287 -0.015709665109042325
leaf_weight=34 30 37 23 24 24 26 39 32 26 27 44 28 23 25 27 45 24 23 24 39
leaf_count=34 30 37 23 24 24 26 39 32 26 27 44 28 23 25 27 45 24 23 24 39
internal_value=-0.000127901 -0.00601267 0.000686336 -0.00943204 -0.0261696 -0.01831 0.00651244 -0.0631386 -0.0288935 -0.0480629 0.0274459 0.0354257 0.0202384 -0.000778922 0.0451722 -0.0105164 -0.00493049 -0.0709926 0.0235654 0.00107828
internal_weight=624 590 528 383 187 163 196 62 137 76 145 122 94 172 50 123 61 50 49 84
internal_count=624 590 528 383 187 163 196 62 137 76 145 122 94 172 50 123 61 50 49 84
is_linear=0
shrinkage=0.0698863


end of trees

feature_importances:
forecast_diurnal_range=51
forecast_high=39
forecast_radiation=36
lag_high_1d=31
forecast_wind=29
day_cos=27
roll_high_7d_std=25
roll_high_14d_mean=23
day_sin=21
roll_high_7d_mean=20
forecast_evap=17
forecast_low=15
lag_high_2d=13

parameters:
[boosting: gbdt]
[objective: regression]
[metric: l2]
[tree_learner: serial]
[device_type: cpu]
[data_sample_strategy: bagging]
[data: ]
[valid: ]
[num_iterations: 17]
[learning_rate: 0.0698863]
[num_leaves: 41]
[num_threads: 2]
[seed: 42]
[deterministic: 0]
[force_col_wise: 0]
[force_row_wise: 0]
[histogram_pool_size: -1]
[max_depth: -1]
[min_data_in_leaf: 23]
[min_sum_hessian_in_leaf: 0.001]
[bagging_fraction: 0.809793]
[pos_bagging_fraction: 1]
[neg_bagging_fraction: 1]
[bagging_freq: 6]
[bagging_seed: 400]
[bagging_by_query: 0]
[feature_fraction: 0.764718]
[feature_fraction_bynode: 1]
[feature_fraction_seed: 30056]
[extra_trees: 0]
[extra_seed: 12879]
[early_stopping_round: 0]
[early_stopping_min_delta: 0]
[first_metric_only: 0]
[max_delta_step: 0]
[lambda_l1: 0.06901]
[lambda_l2: 0.00160612]
[linear_lambda: 0]
[min_gain_to_split: 0]
[drop_rate: 0.1]
[max_drop: 50]
[skip_drop: 0.5]
[xgboost_dart_mode: 0]
[uniform_drop: 0]
[drop_seed: 17869]
[top_rate: 0.2]
[other_rate: 0.1]
[min_data_per_group: 100]
[max_cat_threshold: 32]
[cat_l2: 10]
[cat_smooth: 10]
[max_cat_to_onehot: 4]
[top_k: 20]
[monotone_constraints: ]
[monotone_constraints_method: basic]
[monotone_penalty: 0]
[feature_contri: ]
[forcedsplits_filename: ]
[refit_decay_rate: 0.9]
[cegb_tradeoff: 1]
[cegb_penalty_split: 0]
[cegb_penalty_feature_lazy: ]
[cegb_penalty_feature_coupled: ]
[path_smooth: 0]
[interaction_constraints: ]
[verbosity: -1]
[saved_feature_importance_type: 0]
[use_quantized_grad: 0]
[num_grad_quant_bins: 4]
[quant_train_renew_leaf: 0]
[stochastic_rounding: 1]
[linear_tree: 0]
[max_bin: 255]
[max_bin_by_feature: ]
[min_data_in_bin: 3]
[bin_construct_sample_cnt: 200000]
[data_random_seed: 175]
[is_enable_sparse: 1]
[enable_bundle: 1]
[use_missing: 1]
[zero_as_missing: 0]
[feature_pre_filter: 1]
[pre_partition: 0]
[two_round: 0]
[header: 0]
[label_column: ]
[weight_column: ]
[group_column: ]
[ignore_column: ]
[categorical_feature: ]
[forcedbins_filename: ]
[precise_float_parser: 0]
[parser_config_file: ]
[objective_seed: 16083]
[num_class: 1]
[is_unbalance: 0]
[scale_pos_weight: 1]
[sigmoid: 1]
[boost_from_average: 1]
[reg_sqrt: 0]
[alpha: 0.9]
[fair_c: 1]
[poisson_max_delta_step: 0.7]
[tweedie_variance_power: 1.5]
[lambdarank_truncation_level: 30]
[lambdarank_norm: 1]
[label_gain: ]
[lambdarank_position_bias_regularization: 0]
[eval_at: ]
[multi_error_top_k: 1]
[auc_mu_weights: ]
[num_machines: 1]
[local_listen_port: 12400]
[time_out: 120]
[machine_list_filename: ]
[machines: ]
[gpu_platform_id: -1]
[gpu_device_id: -1]
[gpu_use_dp: 0]
[num_gpu: 1]

end of parameters

pandas_categorical:[]
