tree
version=v4
num_class=1
num_tree_per_iteration=1
label_index=0
max_feature_idx=13
objective=regression
feature_names=forecast_low forecast_high forecast_diurnal_range day_sin day_cos forecast_precip forecast_wind forecast_radiation forecast_evap lag_low_1d lag_low_2d roll_low_7d_mean roll_low_14d_mean roll_low_7d_std
feature_infos=[18.5:81.299999999999997] [35.200000000000003:103] [3.2999999999999972:37.200000000000003] [-0.99999942202469239:0.99998555065071859] [-0.99997919295908244:0.9999907524084426] [0:6.6779999999999999] [4.9000000000000004:33.700000000000003] [318:8312] [0.012999999999999999:0.29699999999999999] [-8:12.4] [-8:12.4] [-1.1714285714285697:4.7571428571428571] [0.078571428571429097:3.5928571428571408] [0.41231056256176718:5.4425571720863504]
tree_sizes=1302 1491 1471 1411 1404 1496 1408 1567 1576 1664 1465 1474 1479 1476 1484 1585 1485 1500 1334 1489 1501 1472 1650 1670 1488 1567 1505 1497 1482 1567 1581 1584 1638 1655 1590 1582 1504 1585 1593 1588 1495 1583 1499 1497

Tree=0
num_leaves=15
num_cat=0
split_feature=5 0 4 0 6 4 4 0 1 11 0 12 0 1
split_gain=81.1229 46.6035 46.8379 46.0567 92.7164 54.138 35.733 33.2883 30.1157 28.6318 19.5585 14.5255 17.9063 9.59956
threshold=0.055500000000000008 74.250000000000014 -0.091258822863740582 49.20000000000001 10.65 0.6174544326165855 0.38838672039864403 64.350000000000009 81.550000000000011 1.9428571428571428 73.350000000000009 1.7714285714285709 77.550000000000011 87.350000000000009
decision_type=2 2 2 2 2 2 2 2 2 2 2 2 2 2
left_child=1 2 13 4 -4 7 10 8 -5 -7 -2 -3 -13 -1
right_child=6 11 3 5 -6 9 -8 -9 -10 -11 -12 12 -14 -15
leaf_value=2.029506004230516 2.0072973590174898 1.9716970804723448 2.0715810457265165 2.0084931456717525 1.9914332564189747 1.9426880854911008 1.9412600386584586 1.9895997161101684 2.0585147896065399 1.9921181891285489 1.9669341229302058 2.0154011123958551 1.9780875512705531 2.056529604906653
leaf_weight=58 45 63 53 54 54 39 48 69 38 49 44 52 44 42
leaf_count=58 45 63 53 54 54 39 48 69 38 49 44 52 44 42
internal_value=2.00115 2.00783 2.01482 2.00751 2.03113 1.99736 1.9712 2.0122 2.02915 1.97021 1.98734 1.98776 1.9983 2.04086
internal_weight=752 615 456 356 107 249 137 161 92 88 89 159 96 100
internal_count=752 615 456 356 107 249 137 161 92 88 89 159 96 100
is_linear=0
shrinkage=1


Tree=1
num_leaves=16
num_cat=0
split_feature=2 2 9 9 3 6 9 6 0 12 12 6 4 6 9
split_gain=154.704 75.0919 88.4305 34.7248 27.8321 27.2897 24.7905 22.7636 26.648 21.6014 35.0035 20.4257 15.3031 20.8991 12.4185
threshold=20.899999999999999 12.450000000000005 1.4000000000000024 2.4500000000000033 0.71503381463111937 10.750000000000002 2.6500000000000008 15.950000000000001 67.000000000000014 2.3892857142857138 2.0250000000000008 10.050000000000002 -0.4831374111459158 11.250000000000002 0.95000000000000295
decision_type=2 2 2 2 2 2 2 2 2 2 2 2 2 2 2
left_child=1 2 -1 11 -4 -5 7 8 14 10 -8 -2 13 -10 -3
right_child=3 6 4 5 -6 -7 9 -9 12 -11 -12 -13 -14 -15 -16
leaf_value=-0.079564739051730643 0.034945352309599616 -0.0023579968312325184 -0.032987218290684066 0.075138780199708058 0.01716479305684393 0.029714967478005404 0.019894681588689712 -0.038651916996604627 0.018047343850047512 0.035846502653294449 -0.033633404205077884 -0.0011301518536148177 -0.040246208801665122 -0.024296748764749684 0.032220986567482068
leaf_weight=59 52 38 46 43 37 57 61 45 36 46 36 66 37 54 39
leaf_count=59 52 38 46 43 37 57 61 45 36 46 36 66 37 54 39
internal_value=2.47545e-05 -0.0124507 -0.0392721 0.0305839 -0.0106303 0.0492472 -0.00273479 -0.0109388 -0.00482556 0.0115504 2.85876e-05 0.0147675 -0.0169404 -0.00735911 0.015156
internal_weight=752 534 142 218 83 100 392 249 204 143 97 118 127 90 77
internal_count=752 534 142 218 83 100 392 249 204 143 97 118 127 90 77
is_linear=0
shrinkage=0.0430483


Tree=2
num_leaves=16
num_cat=0
split_feature=8 0 8 6 6 0 8 0 1 3 6 11 3 0 11
split_gain=52.488 59.1041 50.1503 49.588 44.1919 40.6131 35.1786 33.4776 37.2073 25.4217 25.0849 18.9441 18.256 11.6488 8.67445
threshold=0.069499999999999965 48.050000000000004 0.16350000000000003 11.65 10.750000000000002 74.250000000000014 0.21850000000000003 74.450000000000017 76.15000000000002 -0.78326540922535159 12.65 1.9857142857142838 0.89404822654372251 77.550000000000011 2.1214285714285723
decision_type=2 2 2 2 2 2 2 2 2 2 2 2 2 2 2
left_child=3 4 7 -1 -2 6 12 8 -3 -10 -11 -12 -4 14 -7
right_child=1 2 5 -5 -6 13 -8 -9 9 10 11 -13 -14 -15 -16
leaf_value=0.0015919282004814119 0.069218141817390971 -0.037782273742680061 -0.0026365705443619548 -0.065777864366181826 0.0063906258554774489 -0.0063524815141434016 0.053093555148817244 -0.048929604449460103 0.030574198434428903 -0.028708998442216568 -0.013090180552749077 0.030487639988480177 0.035242741917483729 -0.020089189686974308 0.019798956264734616
leaf_weight=40 42 57 65 41 41 57 58 43 44 57 36 38 37 57 40
leaf_count=40 42 57 65 41 41 57 58 43 44 57 36 38 37 57 40
internal_value=0.000227555 0.00417346 -0.000619038 -0.0325088 0.0381829 0.0111363 0.0263252 -0.0140416 -0.00757523 0.00226363 -0.00724526 0.00928762 0.011104 -0.00464427 0.00443162
internal_weight=753 672 589 81 83 314 160 275 232 175 131 74 102 154 97
internal_count=753 672 589 81 83 314 160 275 232 175 131 74 102 154 97
is_linear=0
shrinkage=0.0430483


Tree=3
num_leaves=15
num_cat=0
split_feature=2 9 2 9 13 7 7 3 13 1 10 10 11 9
split_gain=138.039 72.5118 83.84 34.2328 20.6077 27.1914 19.3606 14.9318 16.0914 13.5978 12.3244 26.4653 12.8116 10.402
threshold=20.849999999999998 1.5499999999999974 12.450000000000005 3.7500000000000004 2.4974188333877869 3662.5000000000005 4356.5000000000009 0.27694220057652758 1.6331372924302892 93.850000000000009 1.6500000000000024 3.0999999999999983 2.4142857142857146 2.0499999999999976
decision_type=2 2 2 2 2 2 2 2 2 2 2 2 2 2
left_child=1 2 -1 6 10 -6 -2 8 -4 13 -3 12 -12 -8
right_child=3 4 7 -5 5 -7 9 -9 -10 -11 11 -13 -14 -15
leaf_value=-0.073065585164958813 -0.0039934195119342838 -0.02059619690187546 -0.020195631652300386 0.064855200150342462 0.044391055326340835 -0.005187643068979373 0.025030476856425461 -0.030196611642986468 0.017497934882403095 0.0061124593639737303 0.028073120027017836 -0.020223401690198546 -0.0017825289561866561 0.052970584088811529
leaf_weight=63 44 70 43 40 41 41 58 58 41 36 57 68 50 43
leaf_count=63 44 70 43 40 41 41 58 58 41 36 57 68 50 43
internal_value=0.000217759 -0.0116618 -0.0317343 0.0288147 0.000921884 0.0196017 0.0208499 -0.0133972 -0.00179758 0.0288288 -0.00533014 0.000776286 0.0141219 0.0369258
internal_weight=753 532 205 221 327 82 181 142 84 137 245 175 107 101
internal_count=753 532 205 221 327 82 181 142 84 137 245 175 107 101
is_linear=0
shrinkage=0.0430483


Tree=4
num_leaves=15
num_cat=0
split_feature=2 9 2 6 4 0 11 12 12 12 2 12 1 1
split_gain=128.546 73.6743 67.8303 34.8856 52.6823 30.4256 41.4542 28.9044 18.5646 24.2726 23.9882 15.6945 9.44149 6.22751
threshold=23.950000000000003 1.8499999999999981 12.450000000000005 14.65 0.29958852271690523 69.15000000000002 2.4000000000000008 2.1892857142857145 2.2964285714285722 1.8142857142857143 17.050000000000001 2.4000000000000008 77.65000000000002 92.850000000000009
decision_type=2 2 2 2 2 2 2 2 2 2 2 2 2 2
left_child=1 2 -1 5 -5 6 -3 12 9 10 -4 13 -2 -7
right_child=7 3 8 4 -6 11 -8 -9 -10 -11 -12 -13 -14 -15
leaf_value=-0.062173773356901302 0.071033081801547174 0.050960733944251456 -0.039948695096818698 0.0073061163936058099 -0.056864254912829093 -0.021954594885647716 -0.0016460179609028497 0.013738231427743247 -0.039480880605983218 0.015312396352442165 -0.00058532715381681938 0.022018168157863241 0.041068926893486908 0.00094892348829810199
leaf_weight=67 38 70 52 66 37 44 46 50 39 61 64 40 40 44
leaf_count=67 38 70 52 66 37 44 46 50 39 61 64 40 40 44
internal_value=-4.08579e-05 -0.00803158 -0.0243326 0.00526293 -0.0157454 0.0141312 0.0300994 0.0392885 -0.0125949 -0.00667083 -0.018231 -0.000340022 0.0556668 -0.0105028
internal_weight=758 630 283 347 103 244 116 128 216 177 116 128 78 88
internal_count=758 630 283 347 103 244 116 128 216 177 116 128 78 88
is_linear=0
shrinkage=0.0430483


Tree=5
num_leaves=16
num_cat=0
split_feature=2 2 10 13 6 1 10 1 7 8 7 7 2 6 2
split_gain=117.886 56.1971 26.9346 26.7812 26.0065 22.8838 20.811 16.3077 22.8882 27.1831 15.0769 13.6042 11.9558 8.13365 3.10443
threshold=20.899999999999999 8.5499999999999989 -0.95000000000000273 1.942748383121127 8.5500000000000025 75.750000000000014 2.3499999999999983 84.000000000000014 4549.0000000000009 0.19550000000000003 4190.5000000000009 4765.5000000000009 23.950000000000003 11.950000000000001 27.050000000000004
decision_type=2 2 2 2 2 2 2 2 2 2 2 2 2 2 2
left_child=1 -1 -3 5 -2 -4 -5 -7 -9 -10 -6 -8 -12 -11 -14
right_child=4 2 3 6 10 7 11 8 9 13 12 -13 14 -15 -16
leaf_value=-0.059273542965212825 0.059565717293380456 -0.042712458096941699 -0.040561822993672489 -0.0084663303271438183 -0.0041442577992986751 0.013334111756540033 0.0099695588022199969 -0.039751420347392666 0.020356857082153738 -0.0047989126362437632 0.012134787782169238 0.042856384447806976 0.045576453081923596 -0.030059845054859792 0.028719943242601877
leaf_weight=41 37 36 44 70 38 57 63 45 52 44 62 37 41 51 40
leaf_count=41 37 36 44 70 38 57 63 45 52 44 62 37 41 51 40
internal_value=-3.90989e-05 -0.0108257 -0.00684501 -0.00405618 0.02668 -0.0119424 0.00953603 -0.00688521 -0.0128878 -0.00466427 0.0199575 0.0221377 0.0263622 -0.01836 0.0372523
internal_weight=758 540 499 463 218 293 170 249 192 147 181 100 143 95 81
internal_count=758 540 499 463 218 293 170 249 192 147 181 100 143 95 81
is_linear=0
shrinkage=0.0430483


Tree=6
num_leaves=15
num_cat=0
split_feature=9 7 0 7 0 10 10 0 12 0 4 4 11 11
split_gain=110.745 48.5057 46.2991 29.9144 39.7506 30.1838 46.8653 24.694 24.2101 11.6215 11.2676 11.0235 9.23005 9.20067
threshold=1.5499999999999974 3288.0000000000005 44.95000000000001 5295.0000000000009 69.550000000000011 3.4000000000000026 2.0499999999999976 73.450000000000017 2.2642857142857156 77.350000000000009 0.14037931941357637 0.44312301391210612 2.1428571428571446 1.6428571428571435
decision_type=2 2 2 2 2 2 2 2 2 2 2 2 2 2
left_child=1 -1 -2 5 -5 6 11 10 -8 12 -3 -4 -6 -12
right_child=2 7 3 4 9 -7 8 -9 -10 -11 13 -13 -14 -15
leaf_value=-0.054974870459614224 0.052739730401419119 0.011488285306421741 0.0009024019221089331 0.047253665114920698 0.0011456427717102997 -0.026364846018393437 0.05249783186602032 -0.03490101993477087 0.0062237156001866811 -0.012935459574066667 -0.026668651244288875 -0.028123334345495469 0.030595827663435726 0.00086614854161816792
leaf_weight=65 46 60 49 66 41 70 44 64 40 41 44 48 38 46
leaf_count=65 46 60 49 66 41 70 44 64 40 41 44 48 38 46
internal_value=-0.000813218 -0.0224061 0.0116597 0.0073355 0.0204194 -0.00236011 0.00692349 -0.0125138 0.0304625 0.00566049 -0.00296187 -0.0134608 0.0153116 -0.0125953
internal_weight=762 279 483 437 186 251 181 214 84 120 150 97 79 90
internal_count=762 279 483 437 186 251 181 214 84 120 150 97 79 90
is_linear=0
shrinkage=0.0430483


Tree=7
num_leaves=17
num_cat=0
split_feature=9 8 6 4 13 5 9 12 6 12 4 4 3 6 7 9
split_gain=101.415 78.2089 39.82 65.4298 40.5089 23.2558 22.8509 22.4745 21.0876 22.6677 19.1406 15.213 13.3671 11.3511 12.2016 4.93247
threshold=1.5499999999999974 0.074500000000000011 14.65 0.39629089145655316 2.4788624237044892 1.0000000180025095e-35 4.2500000000000009 2.217857142857143 9.6500000000000004 1.8000000000000012 0.58307701883076835 -0.31800055644052067 0.8697513045430848 8.9500000000000011 6241.0000000000009 2.4500000000000033
decision_type=2 2 2 2 2 2 2 2 2 2 2 2 2 2 2 2
left_child=1 -1 4 11 6 7 12 8 -3 -10 -6 -4 13 -2 15 -15
right_child=2 5 3 -5 10 -7 -8 -9 9 -11 -12 -13 -14 14 -16 -17
leaf_value=-0.076355045109711125 -0.012678209676969188 0.02728109391164011 -0.005514195922565167 -0.055268359461868755 0.021911733496854671 -0.039473622429339154 0.040700597149847167 -0.034105719507922627 -0.022901166731978562 0.018158476487956873 0.060841895526148736 0.031869303854648985 -0.019425250738493272 0.034059731882885927 -0.0020381472328203816 0.014889448402303681
leaf_weight=41 36 44 43 40 44 46 38 40 69 39 50 38 36 43 56 59
leaf_count=41 36 44 43 40 44 46 38 40 69 39 50 38 36 43 56 59
internal_value=-0.000778211 -0.0214416 0.0111578 -0.0102216 0.0183039 -0.0119817 0.0097754 -0.00539511 0.00216032 -0.00807407 0.0426193 0.0120237 0.00466602 0.00913657 0.014107 0.022971
internal_weight=762 279 483 121 362 238 268 192 152 108 94 81 230 194 158 102
internal_count=762 279 483 121 362 238 268 192 152 108 94 81 230 194 158 102
is_linear=0
shrinkage=0.0430483


Tree=8
num_leaves=17
num_cat=0
split_feature=2 2 9 9 7 7 8 3 0 7 3 11 9 8 9 2
split_gain=95.2403 46.7302 56.796 27.1331 22.4119 32.6173 60.3739 34.1761 13.6249 12.0443 12.0281 11.6126 11.5756 9.22395 6.41812 5.59225
threshold=20.899999999999999 12.450000000000005 1.4000000000000024 1.5499999999999974 2689.5000000000005 5332.0000000000009 0.19350000000000003 0.27694220057652758 51.400000000000006 7010.0000000000009 0.78325454425165997 1.9857142857142838 2.6500000000000008 0.20450000000000002 1.4500000000000031 24.650000000000006
decision_type=2 2 2 2 2 2 2 2 2 2 2 2 2 2 2 2
left_child=1 2 -1 15 -3 7 -7 11 -5 14 -4 -6 -9 -10 -8 -2
right_child=3 4 10 8 5 6 9 12 13 -11 -12 -13 -14 -15 -16 -17
leaf_value=-0.064060412265468422 -0.0082202652084179696 0.027775013643853021 -0.022677050554480008 0.054361068042120042 -0.016191430155157192 0.055374554390389887 -0.028733533282847626 -0.0564100836095974 0.014311330598575766 0.012047206355887049 0.0097413809558465295 0.01204518424099791 -0.022558774070490308 0.041503808399075012 -0.0051794664724043784 0.015291629802095421
leaf_weight=56 37 43 48 48 55 39 36 39 53 48 38 53 36 41 53 38
leaf_count=56 37 43 48 48 55 39 36 39 53 48 38 53 36 41 53 38
internal_value=0.000525293 -0.00909315 -0.0303219 0.0246379 -0.00159443 -0.00511222 0.00811906 -0.0178374 0.0357006 -0.00533323 -0.00835263 -0.00233457 -0.0401615 0.0261719 -0.014707 0.00369243
internal_weight=761 544 142 217 402 359 176 183 142 137 86 108 75 94 89 75
internal_count=761 544 142 217 402 359 176 183 142 137 86 108 75 94 89 75
is_linear=0
shrinkage=0.0430483


Tree=9
num_leaves=18
num_cat=0
split_feature=9 0 7 12 8 13 12 0 8 7 8 7 12 13 12 10 11
split_gain=66.2456 43.2751 53.5805 47.496 42.503 28.5244 23.7458 14.3657 17.3286 14.171 13.3564 17.6227 10.228 8.84122 7.8719 7.42755 3.0471
threshold=1.2500000000000002 69.050000000000011 4184.0000000000009 2.1178571428571442 0.076500000000000012 2.2484915578481237 2.2964285714285722 54.750000000000007 0.21050000000000002 3270.0000000000005 0.16350000000000003 4067.5000000000005 2.2928571428571431 1.6212134557542257 1.5357142857142863 1.4500000000000031 2.0500000000000016
decision_type=2 2 2 2 2 2 2 2 2 2 2 2 2 2 2 2 2
left_child=4 2 3 9 -1 13 7 -6 14 -2 11 -3 15 -4 -9 -12 -17
right_child=1 10 5 -5 6 -7 -8 8 -10 -11 12 -13 -14 -15 -16 16 -18
leaf_value=-0.060266884222357167 0.04515289287328126 -0.00086575383809220016 0.034879048997968683 -0.023565261511299011 0.018696502699023929 0.064857449337764606 -0.041543387612065663 -0.036235528039004997 0.013935339758552302 0.0069567155078513266 -0.020378614702318051 -0.041274649170157676 0.020030538849936198 0.0078941302284949236 -0.0093441880365941945 0.011984515285557426 -0.0051440426692409801
leaf_weight=38 36 45 60 71 41 50 37 38 36 36 36 36 45 36 43 38 39
leaf_count=38 36 45 60 71 41 50 37 38 36 36 36 36 45 36 43 38 39
internal_value=0.000502681 0.00893998 0.0201475 0.00141827 -0.018617 0.0384918 -0.0105006 -0.00323115 -0.0109152 0.0260548 -0.00461217 -0.0188253 0.00267429 0.0247597 -0.0219599 -0.00423749 0.00330901
internal_weight=761 528 289 143 233 146 195 158 117 72 239 81 158 96 81 113 77
internal_count=761 528 289 143 233 146 195 158 117 72 239 81 158 96 81 113 77
is_linear=0
shrinkage=0.0430483


Tree=10
num_leaves=16
num_cat=0
split_feature=7 0 6 13 7 0 8 3 0 1 6 0 13 8 3
split_gain=49.2608 58.8549 50.0441 44.9715 22.1312 21.7544 25.7177 19.7181 16.0407 14.8706 11.9283 11.3623 13.1455 12.4497 5.52627
threshold=3726.5000000000005 74.250000000000014 14.15 2.4974188333877869 2985.5000000000005 45.95000000000001 0.21850000000000003 0.29342972903661901 61.850000000000001 75.15000000000002 11.15 65.40000000000002 1.7176942171736018 0.15350000000000003 -0.25205528343633249
decision_type=2 2 2 2 2 2 2 2 2 2 2 2 2 2 2
left_child=2 5 3 4 -1 -2 9 10 -4 -7 -3 13 -13 -11 -12
right_child=1 7 8 -5 -6 6 -8 -9 -10 11 14 12 -14 -15 -16
leaf_value=-0.0029136775248446108 0.040189031669547015 0.0077571064419857377 -0.066460227423344453 0.031796269820226403 -0.044765996901564666 -0.017397355776316722 0.037942005288190035 -0.040484069037253136 -0.026097771359809348 0.037882168850868515 -0.027706213262841187 0.014980696819415542 -0.016266058685610065 0.0066990408751501935 -0.0052160358371810961
leaf_weight=61 64 69 36 48 38 41 59 37 37 46 41 56 45 49 40
leaf_count=61 64 69 36 48 38 41 59 37 37 46 41 56 45 49 40
internal_value=0.00033519 0.00725393 -0.0168673 -0.00239878 -0.0189782 0.017431 0.0125104 -0.0123383 -0.0460025 0.00617927 -0.00539571 0.0111111 0.00105887 0.0217982 -0.0166
internal_weight=767 547 220 147 99 360 296 187 73 237 150 196 101 95 81
internal_count=767 547 220 147 99 360 296 187 73 237 150 196 101 95 81
is_linear=0
shrinkage=0.0430483


Tree=11
num_leaves=16
num_cat=0
split_feature=9 6 0 4 7 0 1 0 9 1 11 0 10 1 13
split_gain=67.4356 41.3092 74.0886 56.1783 26.5143 25.7781 59.0909 23.972 19.8666 31.2098 14.74 14.3259 13.4548 11.2067 8.97789
threshold=1.2500000000000002 14.65 66.450000000000017 0.39629089145655316 3288.0000000000005 45.300000000000004 74.350000000000009 72.350000000000009 3.9000000000000026 89.750000000000014 2.2500000000000004 54.750000000000007 2.1500000000000008 87.850000000000009 1.5511900193691541
decision_type=2 2 2 2 2 2 2 2 2 2 2 2 2 2 2
left_child=4 2 5 7 -1 -2 -7 -3 9 -4 -8 -6 13 -13 -11
right_child=1 3 8 -5 11 6 10 -9 -10 14 -12 12 -14 -15 -16
leaf_value=-0.043579525460091667 0.063019067179430274 0.02901926753380215 -0.039197297856792768 -0.051097266739506632 0.010208026662013545 -0.020131394810048862 0.060054902473896096 -0.01602185467126345 0.023426513613680172 0.01276821633381444 0.028166507102255978 -0.023004297007532364 -0.035537197600164452 0.0092197224901817195 -0.01154807334455683
leaf_weight=60 46 47 46 45 46 38 48 41 44 68 61 40 49 40 48
leaf_count=60 46 47 46 45 46 38 48 41 44 68 61 40 49 40 48
internal_value=0.00032076 0.00880438 0.0157301 -0.0119727 -0.0188847 0.0348947 0.0260939 0.0080342 -0.00222514 -0.00919225 0.0422091 -0.0104179 -0.0177729 -0.00689229 0.0027063
internal_weight=767 532 399 133 235 193 147 88 206 162 109 175 129 80 116
internal_count=767 532 399 133 235 193 147 88 206 162 109 175 129 80 116
is_linear=0
shrinkage=0.0430483


Tree=12
num_leaves=16
num_cat=0
split_feature=2 9 6 9 9 4 6 0 0 11 8 4 0 6 9
split_gain=84.6394 49.9928 46.8098 37.7411 29.6964 36.5514 20.1806 22.5241 19.9956 18.6801 16.4046 15.6771 37.0785 12.8017 3.8537
threshold=12.450000000000005 1.4000000000000024 9.4500000000000011 2.7500000000000004 1.2500000000000002 0.56901594657981336 15.950000000000001 65.100000000000009 56.550000000000004 2.157142857142857 0.17550000000000002 0.38838672039864403 69.050000000000011 11.15 3.6500000000000026
decision_type=2 2 2 2 2 2 2 2 2 2 2 2 2 2 2
left_child=1 -1 4 6 -2 -6 7 8 -4 -3 -9 12 -5 -12 -14
right_child=2 9 3 11 5 -7 -8 10 -10 -11 13 -13 14 -15 -16
leaf_value=-0.059634269890441252 0.003186306534995232 0.014695909088607642 -0.0066654826351585728 0.050824132288074086 0.018114913255580119 0.0779056323771911 -0.03164939322417764 -0.039954310532021857 0.031483905326792155 -0.02580542765771977 0.012163651860833817 -0.0030943068608998295 -0.0059810668293636326 -0.018329385612118113 0.013320716413542285
leaf_weight=62 48 36 53 54 40 36 60 36 49 51 42 60 36 65 41
leaf_count=62 48 36 53 54 40 36 60 36 49 51 42 60 36 65 41
internal_value=-0.000963519 -0.0300963 0.00603775 0.00012351 0.0296947 0.0464368 -0.00927349 -0.00379368 0.0116612 -0.00904625 -0.0148174 0.0151292 0.0234758 -0.00636016 0.00429651
internal_weight=769 149 620 496 124 76 305 245 102 87 143 191 131 107 77
internal_count=769 149 620 496 124 76 305 245 102 87 143 191 131 107 77
is_linear=0
shrinkage=0.0430483


Tree=13
num_leaves=16
num_cat=0
split_feature=2 2 9 7 6 4 0 2 9 3 12 12 4 12 3
split_gain=78.133 46.2187 34.1745 27.6523 25.862 23.3158 28.2297 22.6374 21.9607 19.565 18.9172 16.455 12.9648 8.25181 7.00274
threshold=20.899999999999999 8.5499999999999989 1.7500000000000002 2985.5000000000005 8.5500000000000025 0.12332734741173622 74.450000000000017 16.450000000000003 1.5999999999999981 0.62587949062545845 1.925 1.925 0.20812153622207721 1.6249999999999998 -0.20180236284700906
decision_type=2 2 2 2 2 2 2 2 2 2 2 2 2 2 2
left_child=1 -1 7 -4 -2 6 -5 9 -6 14 -10 -8 -12 -9 -3
right_child=4 2 3 5 8 -7 11 13 10 -11 12 -13 -14 -15 -16
leaf_value=-0.052503961273706067 0.053471610042227391 -0.030842515012450868 0.030262060381744071 0.026061492950302838 -0.0071003836038084243 -0.026333313339385447 -0.031882612424743426 0.013209858520160168 0.045970292053686995 -0.0088573376235762356 0.030163421004336888 0.0039851429888636781 -0.0052396551126379079 -0.013116072051431235 -0.056826439915786675
leaf_weight=43 37 37 58 70 61 59 38 36 47 46 36 63 41 57 40
leaf_count=43 37 37 58 70 61 59 38 36 47 46 36 63 41 57 40
internal_value=-0.000922041 -0.00966369 -0.00600866 0.00369918 0.0206171 -0.00299929 0.00505163 -0.0189525 0.0140461 -0.0310705 0.0244489 -0.00950966 0.0113124 -0.00292539 -0.0443407
internal_weight=769 547 504 288 222 230 171 216 185 123 124 101 77 93 77
internal_count=769 547 504 288 222 230 171 216 185 123 124 101 77 93 77
is_linear=0
shrinkage=0.0430483


Tree=14
num_leaves=16
num_cat=0
split_feature=9 8 6 0 4 0 0 0 4 0 3 11 3 11 13
split_gain=69.6745 38.3795 36.7565 54.3253 50.2333 31.8065 25.2966 23.1798 21.9399 14.5008 12.2248 10.7249 8.90102 8.68493 6.57556
threshold=1.2500000000000002 0.076500000000000012 14.65 45.300000000000004 0.39629089145655316 73.350000000000009 74.250000000000014 54.750000000000007 -0.08269194106225343 65.40000000000002 -0.099819732675876779 1.7714285714285716 -0.25205528343633249 1.6928571428571442 2.08594966794336
decision_type=2 2 2 2 2 2 2 2 2 2 2 2 2 2 2
left_child=1 -1 3 -2 5 -4 8 -3 -5 14 -9 -8 -13 -12 -10
right_child=2 7 4 6 -6 -7 11 10 9 -11 13 12 -14 -15 -16
leaf_value=-0.057915348737133998 0.057695468475284277 0.014547683075487984 0.02710760180507156 0.03869625762236252 -0.048282673188003465 -0.0247559895338232 -0.026374890842701997 -0.0075182796459959201 0.0071230984860322566 -0.011698132557307644 -0.019018236333818193 -0.010546929035736764 0.016658951637372386 -0.047994446176809959 0.028014499514887742
leaf_weight=42 47 45 56 63 46 36 37 68 59 46 41 52 39 36 53
leaf_count=42 47 45 56 63 46 36 37 68 59 46 41 52 39 36 53
internal_value=-0.000977711 -0.020675 0.00757989 0.0142471 -0.0115521 0.00681315 0.0083959 -0.0124429 0.0172162 0.00865137 -0.0208192 -0.00683291 0.00111273 -0.0325656 0.0170092
internal_weight=766 232 534 396 138 92 349 190 221 158 145 128 91 77 112
internal_count=766 232 534 396 138 92 349 190 221 158 145 128 91 77 112
is_linear=0
shrinkage=0.0430483


Tree=15
num_leaves=17
num_cat=0
split_feature=2 9 2 9 13 13 12 13 9 8 10 12 12 10 1 8
split_gain=69.091 45.8578 38.814 30.8461 25.6219 22.6984 20.521 19.3503 21.9859 18.1811 16.6079 13.121 10.7022 9.13374 6.81426 3.98834
threshold=12.450000000000005 1.4000000000000024 23.950000000000003 2.6500000000000008 2.885674535584835 1.8318606546183231 2.3428571428571439 2.4353546411192109 3.0999999999999983 0.14850000000000002 1.2500000000000002 2.1892857142857145 1.8142857142857143 2.4500000000000033 82.350000000000009 0.21250000000000002
decision_type=2 2 2 2 2 2 2 2 2 2 2 2 2 2 2 2
left_child=1 -1 3 4 5 9 10 8 -5 -2 -4 -10 -11 -3 -7 -14
right_child=2 13 6 7 -6 14 -8 -9 11 12 -12 -13 15 -15 -16 -17
leaf_value=-0.057204247383761356 -0.032476362319359575 -0.024531458201734479 0.059577654032667744 0.031983358142349469 -0.041744538252774688 0.025310499852092116 0.00027211777178020691 0.035034968389149025 0.009911191416940749 -0.017684650818961641 0.021822367959031298 -0.024764472511127445 0.017342609822193423 0.0033402056782133051 0.00083588893406833236 -0.0018811080774098589
leaf_weight=58 56 37 38 37 37 49 38 57 39 57 50 42 36 53 37 45
leaf_count=58 56 37 38 37 37 49 38 57 39 57 50 42 36 53 37 45
internal_value=-0.000935622 -0.0273546 0.00539125 -6.83266e-05 -0.00807704 -0.00362812 0.0267096 0.0144389 0.00448994 -0.0117887 0.0381258 -0.00806878 -0.00339378 -0.00811814 0.0147807 0.00666277
internal_weight=766 148 618 492 317 280 126 175 118 194 88 81 138 90 86 81
internal_count=766 148 618 492 317 280 126 175 118 194 88 81 138 90 86 81
is_linear=0
shrinkage=0.0430483


Tree=16
num_leaves=16
num_cat=0
split_feature=2 9 2 7 9 7 11 12 9 6 12 6 6 2 4
split_gain=69.4835 50.682 31.0864 26.6893 21.9868 22.8061 35.6264 29.4733 21.805 20.7971 17.672 17.3847 27.7192 12.8422 5.76709
threshold=20.849999999999998 -1.0999999999999976 9.3500000000000103 2363.5000000000005 4.150000000000003 5178.5000000000009 2.5785714285714296 2.1392857142857147 2.4500000000000033 10.750000000000002 1.5321428571428577 15.15 10.450000000000001 23.950000000000003 -0.8142754349318998
decision_type=2 2 2 2 2 2 2 2 2 2 2 2 2 2 2
left_child=1 -1 -3 -4 5 6 7 10 13 -10 -5 12 -7 -2 -14
right_child=8 2 3 4 -6 11 -8 -9 9 -11 -12 -13 14 -15 -16
leaf_value=-0.050259009275839435 -0.0060844766056726727 -0.037520682470295774 0.03072953742233572 -0.040864009727388295 0.021753276074764395 0.027597557224447941 0.017280774113952603 -0.061908754945665355 0.057307798876031442 0.018145106290606967 -0.0033688007668652973 0.030709672112353148 -0.02600041043258192 0.022179181201016349 -0.0039146617718046704
leaf_weight=46 55 44 48 36 56 38 41 36 47 54 66 36 50 65 39
leaf_count=46 55 44 48 36 56 38 41 36 47 54 66 36 50 65 39
internal_value=0.00131915 -0.00705543 -0.00299958 0.000406089 -0.00325101 -0.00734528 -0.0179533 -0.0284215 0.0216303 0.0363693 -0.0166024 0.00430407 -0.00318099 0.009225 -0.0163224
internal_weight=757 536 490 446 398 342 179 138 221 101 102 163 127 120 89
internal_count=757 536 490 446 398 342 179 138 221 101 102 163 127 120 89
is_linear=0
shrinkage=0.0430483


Tree=17
num_leaves=16
num_cat=0
split_feature=2 9 2 8 7 8 9 9 6 11 8 2 12 11 10
split_gain=63.6299 46.4124 28.4676 34.2231 26.0888 38.5627 20.7062 19.9681 19.0451 14.7381 21.2774 11.7603 11.3782 10.0991 14.5488
threshold=20.849999999999998 -1.0999999999999976 9.3500000000000103 0.078500000000000014 5178.5000000000009 0.18950000000000003 3.7500000000000004 2.4500000000000033 10.750000000000002 1.9857142857142838 0.13050000000000003 23.950000000000003 2.2642857142857156 2.2999999999999985 1.6500000000000024
decision_type=2 2 2 2 2 2 2 2 2 2 2 2 2 2 2
left_child=1 -1 -3 -4 6 -6 9 11 -9 10 -5 -2 -11 14 -7
right_child=7 2 3 4 5 13 -8 8 -10 12 -12 -13 -14 -15 -16
leaf_value=-0.048095444366869883 -0.005822550350809517 -0.035905479952545019 0.029790634998689086 -0.015361243146046298 0.040912944897517761 -0.014800050043324079 0.0097963140354056354 0.054840795116500349 0.017363990040031113 0.0073627254810530156 -0.060219644242992018 0.021224404744508804 -0.026409933681974987 -0.018340190008413186 0.022100927133381545
leaf_weight=46 55 44 63 43 47 36 47 47 54 38 36 65 36 56 44
leaf_count=46 55 44 63 43 47 36 47 47 54 38 36 65 36 56 44
internal_value=0.00126236 -0.0067517 -0.00287045 0.000388607 -0.00444776 0.0072978 -0.0151949 0.0206992 0.0348037 -0.022872 -0.035803 0.00882788 -0.00906722 -0.0043192 0.00549549
internal_weight=757 536 490 446 383 183 200 221 101 153 79 120 74 136 80
internal_count=757 536 490 446 383 183 200 221 101 153 79 120 74 136 80
is_linear=0
shrinkage=0.0430483


Tree=18
num_leaves=14
num_cat=0
split_feature=2 9 9 12 8 0 9 13 0 7 12 10 8
split_gain=72.7742 33.7379 30.1124 22.145 92.8715 37.1865 23.7546 22.5997 22.4283 17.4905 16.418 11.7199 11.3488
threshold=12.900000000000004 4.2500000000000009 1.4000000000000024 2.1892857142857145 0.14250000000000002 74.250000000000014 -0.40000000000000208 2.3992061440500665 61.750000000000007 6081.5000000000009 1.7714285714285709 2.4000000000000026 0.095000000000000015
decision_type=2 2 2 2 2 2 2 2 2 2 2 2 2
left_child=2 3 -1 5 -5 6 -2 8 -8 -6 -7 -3 -4
right_child=1 11 12 4 9 10 7 -9 -10 -11 -12 -13 -14
leaf_value=-0.048154146050732635 -0.0085459829321968585 0.016739899390879536 -0.025690312014671396 -0.050533630010652524 0.032746098926341193 -0.025611996924392935 -0.0021309292329772431 0.047539584576641425 0.033494633846300977 -0.0013644918734114337 0.0070191277949989018 0.051016040352079482 0.0027981501047829771
leaf_weight=64 46 36 49 64 52 62 65 61 66 60 53 38 55
leaf_count=64 46 36 49 64 52 62 65 61 66 60 53 38 55
internal_value=0.000135193 0.00711613 -0.0249214 0.00330771 -0.00916605 0.00952693 0.0192392 0.0258961 0.0158178 0.0144726 -0.0105733 0.0343412 -0.0106243
internal_weight=771 603 168 529 176 353 238 192 131 112 115 74 104
internal_count=771 603 168 529 176 353 238 192 131 112 115 74 104
is_linear=0
shrinkage=0.0430483


Tree=19
num_leaves=16
num_cat=0
split_feature=2 6 13 8 12 0 9 6 9 0 2 9 10 0 1
split_gain=66.6434 47.322 40.9957 27.6272 55.5187 28.3758 27.5756 13.9775 13.34 12.076 13.6072 11.8717 9.16216 7.69288 6.64458
threshold=12.900000000000004 11.050000000000002 2.3877663378608056 0.12150000000000001 2.0892857142857149 74.250000000000014 1.4000000000000024 12.950000000000001 1.5499999999999974 56.550000000000004 19.950000000000006 2.6500000000000008 1.6500000000000024 67.15000000000002 84.450000000000017
decision_type=2 2 2 2 2 2 2 2 2 2 2 2 2 2 2
left_child=6 2 8 4 -3 9 -1 -8 13 -5 14 -7 -10 -2 -11
right_child=1 3 -4 5 -6 11 7 -9 12 10 -12 -13 -14 -15 -16
leaf_value=-0.04608119067171601 -0.015862058421187104 0.0094553636206437617 0.051115928599383437 -0.0019289640071179393 -0.064156763466807154 -0.025110027975031448 -0.026567763778364627 0.0050190082173492195 0.0049038220347182096 0.024109496972038104 0.04306356638174224 0.0053851615266148163 0.030220426672981304 0.011372180286030865 -0.0018681112151695339
leaf_weight=64 40 39 63 59 37 69 50 54 43 37 38 36 69 37 36
leaf_count=64 40 39 63 59 37 69 50 54 43 37 38 36 69 37 36
internal_value=0.000129373 0.00680979 0.0210423 -0.00340844 -0.0263821 0.00294065 -0.0238486 -0.0101669 0.0110178 0.0138083 0.0221731 -0.0146545 0.0205007 -0.00277548 0.0112986
internal_weight=771 603 252 351 76 275 168 104 189 170 111 105 112 77 73
internal_count=771 603 252 351 76 275 168 104 189 170 111 105 112 77 73
is_linear=0
shrinkage=0.0430483


Tree=20
num_leaves=16
num_cat=0
split_feature=2 2 9 7 4 1 9 13 1 2 3 7 7 3 9
split_gain=51.6891 29.7377 20.3515 26.3802 26.6489 20.7667 19.877 25.0988 21.6396 14.9949 15.5948 10.7501 10.469 8.46805 6.58764
threshold=20.899999999999999 8.5499999999999989 1.5499999999999974 2985.5000000000005 0.38838672039864403 84.000000000000014 0.75000000000000011 2.08594966794336 84.850000000000009 16.450000000000003 0.63920241694561786 5400.5000000000009 6382.0000000000009 -0.19337636264337832 0.65000000000000224
decision_type=2 2 2 2 2 2 2 2 2 2 2 2 2 2 2
left_child=1 -1 9 -4 5 -5 -2 8 -8 10 13 -7 -13 -3 -11
right_child=6 2 3 4 -6 11 7 -9 -10 14 -12 12 -14 -15 -16
leaf_value=-0.041565780127560008 -0.0064832515802724072 -0.022244777025669422 0.028854224504505168 0.03215794974989513 -0.033148053245657068 -0.016458260345301144 -0.0097691018646510145 0.047589673449009925 0.02869351968823675 0.011474546398211908 -0.0037476871375429753 0.023635441602139158 -0.0048895992714424697 -0.051771252042365101 -0.013405484823255286
leaf_weight=42 48 36 59 38 45 67 46 59 66 41 41 38 64 36 38
leaf_count=42 48 36 59 38 45 67 46 59 66 41 41 38 64 36 38
internal_value=0.00033153 -0.00676642 -0.00386071 0.00294292 -0.00312362 0.00340344 0.0179954 0.0248666 0.0128964 -0.0148812 -0.0249401 -0.00306208 0.00573738 -0.037008 -0.000493063
internal_weight=764 545 503 311 252 207 219 171 112 192 113 169 102 72 79
internal_count=764 545 503 311 252 207 219 171 112 192 113 169 102 72 79
is_linear=0
shrinkage=0.0430483


Tree=21
num_leaves=16
num_cat=0
split_feature=2 6 0 12 13 8 9 3 10 6 12 8 0 13 3
split_gain=47.8348 30.8139 48.3108 30.3012 32.0935 29.5157 28.5225 23.5252 13.9536 23.2044 11.9469 15.269 12.7864 13.7373 6.3245
threshold=12.450000000000005 14.65 45.300000000000004 2.2035714285714287 2.1985314012120991 0.12450000000000001 4.2500000000000009 0.86113431103781346 1.4500000000000031 9.6500000000000004 1.75 0.14150000000000001 76.450000000000017 1.3609342126890211 0.49812943072827087
decision_type=2 2 2 2 2 2 2 2 2 2 2 2 2 2 2
left_child=3 2 -2 4 -1 -3 8 -7 9 -4 -10 -12 13 -13 -11
right_child=1 5 6 -5 -6 7 -8 -9 10 14 11 12 -14 -15 -16
leaf_value=-0.011968993264853801 0.046851026448309518 -0.044619022306959084 0.017255848510881525 -0.0012854708551325491 -0.06793682443376918 -0.015439457555668033 0.037929443557433801 0.027821883279298524 -0.0077954182943133291 -0.01203364398059808 -0.0083856542093695609 0.051220243312501926 0.0026515658188905732 0.016196106228088324 -0.03478711018273415
leaf_weight=37 60 38 42 69 39 66 45 36 65 56 43 36 45 49 38
leaf_count=37 60 38 42 69 39 66 45 36 65 56 43 36 45 49 38
internal_value=0.000317258 0.00553065 0.0107232 -0.0219385 -0.0406893 -0.0122353 0.00554976 -0.000170749 0.00165381 -0.00934595 0.00793938 0.0138513 0.0212066 0.0310299 -0.0212319
internal_weight=764 619 479 145 76 140 419 102 374 136 238 173 130 85 94
internal_count=764 619 479 145 76 140 419 102 374 136 238 173 130 85 94
is_linear=0
shrinkage=0.0430483


Tree=22
num_leaves=18
num_cat=0
split_feature=9 8 6 4 13 8 12 5 11 12 8 12 1 12 9 1 13
split_gain=43.6423 31.274 26.4642 43.8099 31.7102 23.329 19.2312 14.5476 11.3242 11.0771 11.6761 9.52409 29.132 11.0323 9.02152 11.6845 2.11849
threshold=1.5499999999999974 0.076500000000000012 14.65 0.39629089145655316 2.6407519184720538 0.11950000000000001 2.4107142857142869 1.0000000180025095e-35 2.7142857142857149 1.6964285714285727 0.16150000000000003 2.4535714285714292 85.65000000000002 2.2321428571428572 3.0499999999999976 90.850000000000009 1.6833922429995227
decision_type=2 2 2 2 2 2 2 2 2 2 2 2 2 2 2 2 2
left_child=1 -1 4 8 11 -6 7 9 -4 10 -3 13 -13 14 15 -2 -11
right_child=2 6 3 -5 5 -7 -8 -9 -10 16 -12 12 -14 -15 -16 -17 -18
leaf_value=-0.045326465120832812 0.03258734970996216 0.010690232704631748 0.022820844285638988 -0.046283659480460093 0.058224912573481939 0.01173173050565352 -0.035981339515046139 -0.024484775145221672 -0.009414847950665375 0.0085699136031003494 -0.020801443325963488 -0.03238763349192067 0.018444949564672134 0.033342522522630966 -0.0052267771181963825 0.0019258614841389918 0.022949382787392513
leaf_weight=47 42 40 46 40 45 36 36 42 36 37 48 39 45 37 64 51 39
leaf_count=47 42 40 46 40 45 36 36 42 36 37 48 39 45 37 64 51 39
internal_value=2.87191e-05 -0.013193 0.00797275 -0.00934854 0.0138591 0.0375613 -0.00695221 -0.00187916 0.00866859 0.00391008 -0.00648704 0.00695307 -0.00515589 0.0121961 0.00721257 0.015773 0.0159489
internal_weight=770 289 481 122 359 81 242 206 82 164 88 278 84 194 157 93 76
internal_count=770 289 481 122 359 81 242 206 82 164 88 278 84 194 157 93 76
is_linear=0
shrinkage=0.0430483


Tree=23
num_leaves=18
num_cat=0
split_feature=2 2 7 10 9 13 1 9 2 7 8 11 8 2 1 1 11
split_gain=43.6947 27.6811 28.3478 19.8158 17.8491 18.9433 13.1281 12.6782 20.9882 12.9977 19.5294 13.4423 11.6355 9.56505 9.04459 8.67859 6.2691
threshold=20.899999999999999 8.5499999999999989 2363.5000000000005 -0.64999999999999847 1.6500000000000024 2.08594966794336 85.450000000000017 1.7500000000000002 12.799999999999999 3320.0000000000005 0.16350000000000003 2.1785714285714284 0.19550000000000003 24.650000000000006 83.750000000000014 92.200000000000003 2.2999999999999985
decision_type=2 2 2 2 2 2 2 2 2 2 2 2 2 2 2 2 2
left_child=1 -1 -3 -4 13 6 -6 8 -5 -9 11 -11 -12 -2 -10 -16 -14
right_child=4 2 3 7 5 -7 -8 9 14 10 12 -13 16 -15 15 -17 -18
leaf_value=-0.040009191574651805 -0.014350372030877539 0.025247296110970679 -0.03501983468225793 -0.042314317647546458 -0.0059267142940399682 0.046555569091371631 0.027897738264619339 0.024979136608432113 0.0081508043649663586 -0.035830894001536349 0.027814130170323283 -0.00029043681844779503 0.012018317188944434 0.01542934318463198 -0.027905205775619276 -0.0007107839995740547 -0.012893528950308857
leaf_weight=42 41 56 43 36 37 51 50 39 55 41 40 38 36 39 43 44 39
leaf_count=42 41 56 43 36 37 51 50 39 55 41 40 38 36 39 43 44 39
internal_value=2.74828e-05 -0.00641694 -0.00365052 -0.00721501 0.0163455 0.0257241 0.0135126 -0.00430598 -0.0129563 0.0023024 -0.00225632 -0.0187355 0.00906415 0.000167239 -0.00551341 -0.0141517 -0.000935842
internal_weight=770 552 510 454 218 138 87 411 178 233 194 79 115 80 142 87 75
internal_count=770 552 510 454 218 138 87 411 178 233 194 79 115 80 142 87 75
is_linear=0
shrinkage=0.0430483


Tree=24
num_leaves=16
num_cat=0
split_feature=2 9 12 13 1 2 9 7 13 8 10 10 10 7 1
split_gain=42.1142 26.7369 21.4884 15.2752 22.0838 20.1431 19.4626 20.9775 17.7485 17.5474 12.5989 12.3723 12.0293 10.7997 12.3593
threshold=23.950000000000003 -1.0999999999999976 2.3142857142857163 1.8394486467028945 85.050000000000011 10.9 1.9000000000000024 4990.5000000000009 1.2939417191451803 0.085500000000000007 2.4000000000000026 1.2500000000000002 3.0999999999999983 6372.5000000000009 89.15000000000002
decision_type=2 2 2 2 2 2 2 2 2 2 2 2 2 2 2
left_child=1 -1 11 6 5 -5 7 -3 -9 -7 -11 -2 13 14 -8
right_child=2 3 -4 4 -6 9 12 8 -10 10 -12 -13 -14 -15 -16
leaf_value=-0.033405748153942746 0.052897989986485865 -0.037248475774472788 -0.0030309428932915649 -0.012559761466371687 -0.015155017511432048 0.047172149052745249 0.0021414510238984938 0.016561576074794776 -0.024276680289425766 -0.0016994087421880113 0.028611890028177038 0.02016763742952957 -0.017983778434700986 -0.012340768169819194 0.03217576983351015
leaf_weight=55 38 68 42 41 66 37 62 38 41 54 48 49 46 38 43
leaf_count=55 38 68 42 41 66 37 62 38 41 54 48 49 46 38 43
internal_value=-0.000173972 -0.00471633 0.0222561 -0.00200513 0.00614549 0.0139557 -0.00797255 -0.0197204 -0.00463296 0.0217768 0.0125647 0.0344637 0.00116468 0.00732433 0.0144412
internal_weight=766 637 129 582 246 180 336 147 79 139 102 87 189 143 105
internal_count=766 637 129 582 246 180 336 147 79 139 102 87 189 143 105
is_linear=0
shrinkage=0.0430483


Tree=25
num_leaves=17
num_cat=0
split_feature=2 9 12 13 4 2 12 11 12 12 8 13 3 10 8 2
split_gain=38.5663 24.4844 19.6781 13.9884 41.6889 17.7836 16.0259 22.3598 17.4945 24.1148 14.2006 17.2084 13.3507 10.8945 12.6265 4.132
threshold=23.950000000000003 -1.0999999999999976 2.3142857142857163 1.8394486467028945 0.13185577213185917 14.9 2.383766233766234 1.0714285714285723 1.5607142857142853 2.1000000000000001 0.23350000000000004 0.9777264674924927 0.39036257410962039 3.0999999999999983 0.19950000000000004 15.250000000000002
decision_type=2 2 2 2 2 2 2 2 2 2 2 2 2 2 2 2
left_child=1 -1 12 4 10 -6 7 -5 -9 -10 11 -3 -2 14 15 -13
right_child=2 3 -4 6 5 -7 -8 8 9 -11 -12 13 -14 -15 -16 -17
leaf_value=-0.031967687252424874 0.016309219916196833 -0.019566315022081109 -0.002900465606463099 0.025131199792344176 -0.056031876805097573 -0.017113579012143009 0.023303292577462324 -0.034203384569034018 0.01787218086937551 -0.027287053579744355 -0.018855224646337723 0.01979167860553389 0.050038575724719585 -0.0077609739722009187 -0.0018017760169159089 0.0388816520935188
leaf_weight=55 44 37 42 45 36 55 70 39 56 36 50 47 43 36 37 38
leaf_count=55 44 37 42 45 36 55 70 39 56 36 50 47 43 36 37 38
internal_value=-0.000166483 -0.0045133 0.021298 -0.00191881 -0.00762934 -0.0325098 0.00588094 -0.00104841 -0.0100414 0.000201176 0.00161198 0.00685999 0.0329801 0.0130484 0.0191889 0.028326
internal_weight=766 637 129 582 336 91 246 176 131 92 245 195 87 158 122 85
internal_count=766 637 129 582 336 91 246 176 131 92 245 195 87 158 122 85
is_linear=0
shrinkage=0.0430483


Tree=26
num_leaves=16
num_cat=0
split_feature=2 2 9 13 8 4 4 0 12 8 0 1 8 9 8
split_gain=30.5758 20.0646 16.7189 18.1766 14.9123 23.5355 20.1197 24.9264 24.7804 22.5013 15.2054 13.8997 8.60665 7.12502 6.05205
threshold=20.899999999999999 8.5499999999999989 0.75000000000000011 2.08594966794336 0.078500000000000014 0.86869874770991873 0.12332734741173622 74.550000000000011 2.1250000000000004 0.16350000000000003 77.350000000000009 84.850000000000009 0.19350000000000003 2.5999999999999983 0.12350000000000001
decision_type=2 2 2 2 2 2 2 2 2 2 2 2 2 2 2
left_child=1 -1 -2 11 5 -3 7 12 14 -9 -11 -4 13 -6 -8
right_child=2 4 3 -5 6 -7 8 9 -10 10 -12 -13 -14 -15 -16
leaf_value=-0.034840627102705565 -0.0099623158489032995 0.03889989690515603 -0.0090680544501819723 0.038128757323516491 0.0097166029468201773 -0.0099909626009780667 0.002758094112053799 -0.040432757132620997 -0.046820031109266837 0.010546942540480395 -0.019645025121109359 0.021661972385463246 -0.0031302355685486052 0.033926500240706391 -0.019914334488528997
leaf_weight=42 47 36 47 60 50 37 48 39 45 69 56 65 41 41 40
leaf_count=42 47 36 47 60 50 37 48 39 45 69 56 65 41 41 40
internal_value=-0.000790457 -0.00625817 0.0127914 0.019009 -0.00386681 0.0141196 -0.00692743 -0.000678321 -0.0208352 -0.0118857 -0.00297906 0.00876634 0.013246 0.0206244 -0.00754755
internal_weight=763 544 219 172 502 73 429 296 133 164 125 112 132 91 88
internal_count=763 544 219 172 502 73 429 296 133 164 125 112 132 91 88
is_linear=0
shrinkage=0.0430483


Tree=27
num_leaves=16
num_cat=0
split_feature=2 7 1 12 3 12 2 4 4 0 4 2 8 12 4
split_gain=28.2178 24.1186 25.5068 16.5069 20.1531 18.8183 24.8221 18.2033 19.0583 17.6853 16.2148 17.7685 17.2829 13.6938 13.2048
threshold=17.600000000000005 3335.0000000000005 96.950000000000017 1.7142857142857162 0.2603727204637144 2.1178571428571442 12.899999999999997 0.089118976521498958 0.75438814418115718 72.050000000000011 -0.6523320455745395 20.899999999999999 0.15650000000000003 1.9714285714285718 0.19969739736768835
decision_type=2 2 2 2 2 2 2 2 2 2 2 2 2 2 2
left_child=3 -2 10 4 -1 6 -5 9 -9 -7 -3 13 -13 -12 -14
right_child=1 2 -4 5 -6 7 -8 8 -10 -11 11 12 14 -15 -16
leaf_value=-0.0057274773368628396 -0.025726663454113587 0.036557887186609794 -0.01836374357731874 -0.012520474386205745 -0.039318844570152472 0.024282850705073421 0.035205215102217476 -0.048578381289474538 -0.0048852994755089483 -0.015402557505874196 0.01419852338006017 0.035045235048294411 0.019732161163257943 -0.020391893833696221 -0.013570242050989214
leaf_weight=71 37 55 48 36 62 38 46 37 37 46 38 71 57 48 36
leaf_count=71 37 55 48 36 62 38 46 37 37 46 38 71 57 48 36
internal_value=-0.000756429 0.00733971 0.0108056 -0.00922156 -0.0213866 -0.00248009 0.0142525 -0.0111641 -0.0267318 0.00255036 0.0153962 0.0107406 0.0190513 -0.00510776 0.00684091
internal_weight=763 390 353 373 133 240 82 158 74 84 305 250 164 86 93
internal_count=763 390 353 373 133 240 82 158 74 84 305 250 164 86 93
is_linear=0
shrinkage=0.0430483


Tree=28
num_leaves=16
num_cat=0
split_feature=2 0 4 6 0 7 11 0 0 7 1 7 0 3 12
split_gain=31.12 29.4497 30.1604 34.5762 46.2902 33.9794 26.1985 15.0566 19.1228 11.3368 14.3502 10.9395 11.4071 10.2952 7.67044
threshold=8.5499999999999989 74.550000000000011 -0.091258822863740582 14.65 45.95000000000001 3743.5000000000005 2.7357142857142867 65.40000000000002 57.050000000000004 4309.5000000000009 88.750000000000014 5198.0000000000009 77.950000000000017 0.27694220057652758 1.7714285714285709
decision_type=2 2 2 2 2 2 2 2 2 2 2 2 2 2 2
left_child=-1 2 9 4 13 -5 7 8 -6 -2 -11 -3 14 -4 -13
right_child=1 11 3 5 6 -7 -8 -9 -10 10 -12 12 -14 -15 -16
leaf_value=-0.036467632869358939 0.045253834608721351 -0.029451257124818209 0.022426899550824289 -0.047203069787534906 -0.020313781540924874 0.0040302865077894677 0.025470718808456409 -0.028493464920198715 0.014477195919861437 0.0049103453607464284 0.036553681540186539 -0.011248376128526362 -0.02363229167603861 0.05498334519949144 0.013932572011753547
leaf_weight=40 36 50 36 47 52 49 53 52 67 67 44 40 45 36 51
leaf_count=40 36 50 36 47 52 49 53 52 67 67 44 40 45 36 51
internal_value=0.000496797 0.00253621 0.00763292 0.00139707 0.00867808 -0.0210527 -0.000973467 -0.00916962 -0.000725584 0.0242619 0.0174537 -0.0122333 -0.00590314 0.0387051 0.00286402
internal_weight=765 725 539 392 296 96 224 171 119 147 111 186 136 72 91
internal_count=765 725 539 392 296 96 224 171 119 147 111 186 136 72 91
is_linear=0
shrinkage=0.0430483


Tree=29
num_leaves=17
num_cat=0
split_feature=2 6 9 7 6 2 7 7 6 7 7 10 13 10 2 7
split_gain=28.4983 21.1723 29.323 18.1492 22.3634 17.8543 17.7751 23.2574 13.8434 19.787 19.5964 11.4706 17.7993 11.4691 10.4111 4.76822
threshold=8.5499999999999989 11.050000000000002 4.2500000000000009 3294.0000000000005 14.65 19.399999999999999 3117.0000000000005 4664.0000000000009 13.350000000000003 5178.5000000000009 5784.5000000000009 0.54999999999999727 1.3261113815722332 1.9000000000000024 14.150000000000004 6105.0000000000009
decision_type=2 2 2 2 2 2 2 2 2 2 2 2 2 2 2 2
left_child=-1 2 6 4 -3 8 -2 -8 10 14 -5 -9 -13 -7 -10 -15
right_child=1 3 -4 5 -6 13 7 11 9 -11 -12 12 -14 15 -16 -17
leaf_value=-0.034897761756369661 0.034201570960905051 0.00019677886871282392 0.047316559801076873 -0.0005861246549102772 -0.044239600401794227 -0.00078181608300655102 -0.019490706159525473 0.031494433243484769 0.0033301382799152271 0.019126057747077718 -0.042218171414954743 0.026238107284205024 -0.0098767320094776765 0.036018835898245116 -0.028352285556814506 0.013862493885790795
leaf_weight=40 36 43 37 44 41 58 67 38 37 65 40 41 66 36 40 36
leaf_count=40 36 43 37 44 41 58 67 38 37 65 40 41 66 36 40 36
internal_value=0.000475411 0.00242703 0.0115676 -0.00349359 -0.0214924 0.000753325 0.00623414 0.00148495 -0.0065584 0.00163604 -0.0204109 0.0111771 0.00396166 0.0134645 -0.0131283 0.0249407
internal_weight=765 725 285 440 84 356 248 212 226 142 84 145 107 130 77 72
internal_count=765 725 285 440 84 356 248 212 226 142 84 145 107 130 77 72
is_linear=0
shrinkage=0.0430483


Tree=30
num_leaves=17
num_cat=0
split_feature=2 6 12 9 8 7 12 1 2 2 3 8 10 6 6 12
split_gain=31.3866 25.5836 24.4325 38.2855 20.1196 15.7956 42.8283 10.8843 11.0635 18.4717 29.765 12.2567 10.579 10.2427 7.79046 5.67408
threshold=12.450000000000005 9.4500000000000011 2.4535714285714292 1.2500000000000002 0.11549999999999996 3477.0000000000005 2.1250000000000004 96.950000000000017 18.250000000000004 16.099999999999998 0.39036257410962039 0.21850000000000003 1.9500000000000031 8.7500000000000018 11.750000000000002 1.7142857142857162
decision_type=2 2 2 2 2 2 2 2 2 2 2 2 2 2 2 2
left_child=2 4 3 -1 -2 6 -3 8 9 15 -11 12 -10 -6 -14 -7
right_child=1 5 -4 -5 13 7 -8 -9 11 10 -12 -13 14 -15 -16 -17
leaf_value=-0.060466186602302435 0.046796639297476725 0.009743297862090999 0.008805827462468727 -0.0070573672768991106 -0.0042919271601616548 -0.0019008843237744034 -0.051889184736161734 -0.019315688799012506 -0.0064393944037957635 0.0051932617140845998 -0.045737817739732609 0.031085327364239621 0.0037675762593247304 0.025849563980256975 0.031713000246796109 0.019030517727248286
leaf_weight=43 40 48 44 59 45 40 37 36 65 50 37 50 38 39 36 60
leaf_count=43 40 48 44 59 45 40 37 36 65 50 37 50 38 39 36 60
internal_value=-4.69329e-05 0.00417549 -0.0180067 -0.0295729 0.0216682 -0.000188904 -0.017085 0.00329693 0.00546197 -0.00196171 -0.0164671 0.0128071 0.0062322 0.00970234 0.0173626 0.010658
internal_weight=767 621 146 102 124 497 85 412 376 187 87 189 139 84 74 100
internal_count=767 621 146 102 124 497 85 412 376 187 87 189 139 84 74 100
is_linear=0
shrinkage=0.0430483


Tree=31
num_leaves=17
num_cat=0
split_feature=2 6 13 12 11 7 12 13 7 1 6 2 6 1 3 12
split_gain=28.7425 23.4283 22.9031 22.3742 21.2571 14.4649 39.2203 13.4264 13.5957 10.3533 10.4225 9.95015 8.13366 6.90919 4.86482 3.44949
threshold=12.450000000000005 9.4500000000000011 2.4282562578226443 2.4535714285714292 2.1214285714285723 3477.0000000000005 2.1250000000000004 2.924445381037025 4099.0000000000009 96.950000000000017 10.350000000000003 19.850000000000001 12.450000000000001 84.850000000000009 0.12545942051955486 2.039285714285715
decision_type=2 2 2 2 2 2 2 2 2 2 2 2 2 2 2 2
left_child=3 2 15 4 -1 6 -3 8 -7 10 -10 13 -13 -12 -15 -2
right_child=1 5 -4 -5 -6 7 -8 -9 9 -11 11 12 -14 14 -16 -17
leaf_value=-0.013472830235752103 0.00039781151418611402 0.0093238645094702432 0.048567839549597813 0.0084267518310873393 -0.05434714573894231 0.03082608528698071 -0.049655441725250493 -0.017292355673158344 -0.011230647980504976 -0.018484180436679015 0.017462375568781215 0.0088867956303237249 0.035856369726632122 0.0045093217260834817 -0.014516365407067492 0.01768299221683944
leaf_weight=65 46 48 38 44 37 37 37 52 53 36 45 43 40 66 40 40
leaf_count=65 46 48 38 44 37 37 37 52 53 36 45 43 40 66 40 40
internal_value=-4.49123e-05 0.00399574 0.0207355 -0.0172315 -0.0282998 -0.000180772 -0.0163495 0.00315501 0.00610851 0.00327709 0.00600673 0.00991092 0.0218842 0.00332959 -0.00267018 0.00843743
internal_weight=767 621 124 146 102 497 85 412 360 323 287 234 83 151 106 86
internal_count=767 621 124 146 102 497 85 412 360 323 287 234 83 151 106 86
is_linear=0
shrinkage=0.0430483


Tree=32
num_leaves=18
num_cat=0
split_feature=6 9 3 7 7 7 11 11 0 3 7 9 0 3 3 6 1
split_gain=15.8913 24.5836 24.485 19.5121 33.7459 15.6072 22.8677 13.3748 13.1263 12.5058 22.7557 19.1433 16.1366 11.9781 14.8996 7.61979 5.46615
threshold=11.15 4.2500000000000009 0.94425825643485939 2689.5000000000005 4683.0000000000009 3288.0000000000005 2.1857142857142873 1.6071428571428579 77.350000000000009 0.21022171450811272 4757.0000000000009 1.5499999999999974 74.450000000000017 -0.92274349529687905 0.52766072109828632 14.15 82.550000000000011
decision_type=2 2 2 2 2 2 2 2 2 2 2 2 2 2 2 2 2
left_child=1 3 5 -1 7 6 -2 -5 9 12 -11 -12 16 -6 -15 -4 -7
right_child=2 -3 15 4 13 8 -8 -9 -10 10 11 -13 -14 14 -16 -17 -18
leaf_value=0.031734815628146111 -0.0067221669182598778 0.038933560817668501 0.0020798673291123611 -0.042218462828260542 -0.0092133033072013901 0.0092677084599871416 -0.0517188654344619 -0.0077066304969097051 -0.026960728843971948 -0.038455756689372886 -0.022038895049173602 0.019488309801917677 -0.010332893561135979 0.030563463200991278 -0.0028136771623938667 0.027642665677890692 0.032209030827553622
leaf_weight=38 50 41 40 38 40 38 36 46 42 38 36 48 51 68 39 47 39
leaf_count=38 50 41 40 38 40 38 36 46 42 38 36 48 51 68 39 47 39
internal_value=0.00033235 0.00788207 -0.0047008 0.00314932 -0.00155306 -0.00943987 -0.025558 -0.0233191 -0.00469275 -0.00095173 -0.0108138 0.00169094 0.00844803 0.0108847 0.018398 0.0158897 0.0208873
internal_weight=775 310 465 269 231 378 86 84 292 250 122 84 128 147 107 87 77
internal_count=775 310 465 269 231 378 86 84 292 250 122 84 128 147 107 87 77
is_linear=0
shrinkage=0.0430483


Tree=33
num_leaves=18
num_cat=0
split_feature=2 6 1 3 6 10 6 9 10 3 6 2 12 13 7 7 7
split_gain=18.0587 21.5773 23.4767 16.2464 14.9303 14.1535 15.6296 13.6189 13.942 9.96606 16.9721 9.31999 9.24763 10.192 9.15545 13.4657 9.05592
threshold=16.600000000000005 11.050000000000002 69.90000000000002 0.90162119223771342 8.9500000000000011 0.40000000000000219 11.15 1.5499999999999974 2.1500000000000008 -0.57078386445773377 14.250000000000002 19.900000000000002 1.5250000000000001 1.8394486467028945 4327.5000000000009 2917.0000000000005 5640.5000000000009
decision_type=2 2 2 2 2 2 2 2 2 2 2 2 2 2 2 2 2
left_child=4 2 -2 9 -1 -6 -7 8 -8 -3 11 -11 -4 16 15 -9 -14
right_child=1 3 12 -5 5 6 7 14 -10 10 -12 -13 13 -15 -16 -17 -18
leaf_value=-0.033019384675974602 0.046308792912499216 0.005656171828714327 -0.0097794838039722207 0.016725225511735321 -0.025424049929940375 0.022175957705802794 -0.0011589893122280399 0.01190343523162723 -0.038529886265631301 -0.018407036544142514 -0.036190735397274063 0.012359123533478275 -0.010385013268116085 0.031746175540543299 0.016613181035491493 -0.025330164288484822 0.017931222010676928
leaf_weight=37 39 56 37 59 48 48 37 36 37 37 48 36 36 43 55 36 50
leaf_count=37 39 56 37 59 48 48 37 36 37 37 48 36 36 43 55 36 50
internal_value=0.000318043 0.00603681 0.0162536 -0.00283794 -0.00723279 -0.00402032 0.000105704 -0.0051648 -0.0198444 -0.00935899 -0.0163082 -0.00323468 0.00919244 0.014634 0.00338868 -0.00671336 0.00607791
internal_weight=775 441 205 236 334 297 249 201 74 177 121 73 166 129 127 72 86
internal_count=775 441 205 236 334 297 249 201 74 177 121 73 166 129 127 72 86
is_linear=0
shrinkage=0.0430483


Tree=34
num_leaves=17
num_cat=0
split_feature=9 0 4 8 0 4 3 8 4 0 13 4 4 13 3 0
split_gain=16.2652 21.0765 20.0913 19.7345 19.1532 23.1041 11.4189 11.2809 8.19068 16.2272 16.0491 14.6495 11.3195 8.36717 12.5558 8.06426
threshold=0.24999999999999997 44.95000000000001 0.94636490295939868 0.08950000000000001 74.950000000000017 -0.6391983530350368 0.49812943072827087 0.17049999999999998 -0.091258822863740582 68.950000000000017 1.942748383121127 0.67007489853957602 0.37247810748448967 1.6711840557688606 -0.79384350655589164 77.550000000000011
decision_type=2 2 2 2 2 2 2 2 2 2 2 2 2 2 2 2
left_child=3 -2 4 -1 5 -3 -5 -6 9 -7 13 12 -12 14 -10 -9
right_child=1 2 -4 6 7 8 -8 15 10 -11 11 -13 -14 -15 -16 -17
leaf_value=-0.040136537700434322 0.027010669264474811 0.040788393995646613 -0.0305452922428796 0.010138437308030494 -0.029264853422615016 0.034780599210017797 -0.020329400599844036 0.0067909194249254458 0.013221264752690814 -0.00145539159988127 0.018335130603377624 0.034303713510654407 -0.015802496034054651 -0.027218895426421592 -0.017208173780153685 -0.015802027711637398
leaf_weight=37 62 36 36 53 41 43 40 67 47 49 36 38 36 36 54 52
leaf_count=37 62 36 36 53 41 43 40 67 47 49 36 38 36 36 54 52
internal_value=0.000323978 0.00317233 0.00058393 -0.0135453 0.00267861 0.00799901 -0.00296601 -0.00979108 0.00451695 0.015481 0.000433173 0.0126792 0.00126632 -0.00939943 -0.00304794 -0.00308163
internal_weight=763 633 571 130 535 375 93 160 339 92 247 110 72 137 101 119
internal_count=763 633 571 130 535 375 93 160 339 92 247 110 72 137 101 119
is_linear=0
shrinkage=0.0430483


Tree=35
num_leaves=17
num_cat=0
split_feature=2 10 3 3 10 3 4 4 0 4 4 12 2 4 9 2
split_gain=24.9108 16.0856 29.7457 52.5841 18.7971 28.79 15.5652 20.9949 16.9756 16.3209 10.4584 8.49834 8.43776 8.30328 8.83708 4.31213
threshold=16.600000000000005 2.4500000000000033 0.67802080537253961 0.14250626876356548 3.0999999999999983 0.66527693225344786 0.78724360164103002 0.50370931781787065 74.750000000000014 0.94066717844141279 -0.39036009226888668 1.896428571428572 12.899999999999997 0.29137697329261131 3.0499999999999976 21.950000000000006
decision_type=2 2 2 2 2 2 2 2 2 2 2 2 2 2 2 2
left_child=1 2 3 12 -3 -6 7 8 10 -8 -2 -10 -1 14 15 -12
right_child=6 4 -4 -5 5 -7 9 -9 11 -11 13 -13 -14 -15 -16 -17
leaf_value=-0.025901523511170269 0.035539711238558952 0.022841755994355884 0.0080661861196730193 -0.070452201130541139 0.01276621601239932 -0.033986806680514445 0.043747050722523689 -0.020129152259700443 -0.022649778218186343 0.0043509088189522234 0.0060662398912267549 0.0035412775890914933 0.0015476974595652112 0.028265002815666407 0.021572682177415755 -0.013730380958835447
leaf_weight=36 38 52 59 39 52 46 40 59 38 38 44 58 49 37 40 38
leaf_count=36 38 52 59 39 52 46 40 59 38 38 44 58 49 37 40 38
internal_value=0.000310031 -0.00852891 -0.0170948 -0.0290666 0.00192148 -0.00917908 0.00715507 0.00329961 0.00801735 0.0245541 0.0152507 -0.00682602 -0.0100779 0.0104017 0.00498416 -0.0031078
internal_weight=763 333 183 124 150 98 430 352 293 78 197 96 85 159 122 82
internal_count=763 333 183 124 150 98 430 352 293 78 197 96 85 159 122 82
is_linear=0
shrinkage=0.0430483


Tree=36
num_leaves=16
num_cat=0
split_feature=9 7 0 8 0 9 11 11 11 8 12 2 0 8 0
split_gain=19.3035 22.1855 16.8371 13.8073 12.5203 16.6227 11.1451 13.5433 18.5975 14.5363 11.5298 8.60066 5.98227 5.40248 2.85714
threshold=1.7500000000000002 4784.5000000000009 44.95000000000001 0.19050000000000003 57.150000000000013 0.75000000000000011 1.6071428571428579 1.9857142857142838 2.2999999999999985 0.097500000000000017 2.3892857142857138 21.000000000000004 68.950000000000017 0.14850000000000002 69.550000000000011
decision_type=2 2 2 2 2 2 2 2 2 2 2 2 2 2 2
left_child=1 4 -2 -3 -1 -6 13 -8 -9 -10 14 -5 -12 -4 -11
right_child=2 3 6 11 5 -7 7 8 9 10 12 -13 -14 -15 -16
leaf_value=-0.033656365522604058 0.031735781149226351 0.019292202296465413 0.029676400970433701 -0.015512351384122838 0.0072144336519612421 -0.029600446847299136 -0.019007814676363064 0.026426070890200354 -0.024431281763975427 -0.00050485506227363299 0.0010578458618581924 0.010509189782297682 0.023795453464692709 0.0075152820657237362 -0.017539429865174289
leaf_weight=67 42 61 36 68 51 41 60 53 43 37 37 36 51 47 36
leaf_count=67 42 61 36 68 51 41 60 53 43 37 37 36 51 47 36
internal_value=-4.39879e-05 -0.00802575 0.0058069 0.00303221 -0.019501 -0.0091922 0.00308436 -0.000592501 0.00370679 -0.00219576 0.00374291 -0.00650489 0.0142353 0.0171273 -0.00890547
internal_weight=766 324 442 165 159 92 400 317 257 204 161 104 88 83 73
internal_count=766 324 442 165 159 92 400 317 257 204 161 104 88 83 73
is_linear=0
shrinkage=0.0430483


Tree=37
num_leaves=17
num_cat=0
split_feature=2 2 2 12 4 7 11 7 1 3 2 3 12 10 11 10
split_gain=18.4662 15.0218 18.0543 14.2477 12.0913 18.8972 41.6612 13.2346 17.0667 14.9432 22.2602 11.3095 8.03477 6.97474 12.7664 6.68335
threshold=20.899999999999999 22.250000000000007 23.950000000000003 2.3142857142857163 0.89309379682046119 2917.0000000000005 2.3000000000000003 5178.5000000000009 85.250000000000014 0.2603727204637144 14.250000000000002 0.39036257410962039 1.8142857142857143 1.4000000000000024 2.421428571428573 2.5499999999999976
decision_type=2 2 2 2 2 2 2 2 2 2 2 2 2 2 2 2
left_child=4 -2 -3 11 5 6 -1 9 -9 15 -11 -4 -6 -10 -15 -7
right_child=1 2 3 -5 12 7 -8 8 13 10 -12 -13 -14 14 -16 -17
leaf_value=0.050446328697911325 0.033247234113433936 -0.017681832292477721 0.0077051812663455595 -0.008300713692028696 -0.034651290931966401 -0.010400599244965423 -0.014601284654956678 0.0240890186873556 -0.021470978110262728 -0.0013769429082830938 -0.044226272216438579 0.037898967083023739 -0.0064686937330960138 0.011475129641660061 -0.018246987336452927 0.012455345151589485
leaf_weight=37 43 48 47 40 37 66 36 50 36 39 53 45 38 71 43 37
leaf_count=37 43 48 47 40 37 66 36 50 36 39 53 45 38 71 43 37
internal_value=-4.20942e-05 0.0103878 0.00492689 0.0131482 -0.00432544 -0.00175386 0.0183681 -0.0054726 0.00230805 -0.0134527 -0.0260619 0.0224739 -0.0203721 -0.00495228 0.000264155 -0.00219021
internal_weight=766 223 180 132 543 468 73 395 200 195 92 92 75 150 114 103
internal_count=766 223 180 132 543 468 73 395 200 195 92 92 75 150 114 103
is_linear=0
shrinkage=0.0430483


Tree=38
num_leaves=17
num_cat=0
split_feature=9 8 12 13 13 3 13 13 13 13 4 7 13 4 6 6
split_gain=15.5336 21.2775 19.145 18.2067 11.3889 12.3431 10.943 27.2025 7.47456 13.1785 14.3318 17.2392 8.26241 9.9175 10.5768 7.27657
threshold=1.5499999999999974 0.076500000000000012 2.2964285714285722 3.224234648766807 2.8015292543686718 -0.66528616069191593 2.8521086354488578 2.6246995292885669 2.280819444931113 1.942748383121127 0.31595530242620651 4099.0000000000009 1.6652612370655484 -0.27694043983797378 11.450000000000001 11.450000000000001
decision_type=2 2 2 2 2 2 2 2 2 2 2 2 2 2 2 2
left_child=1 -1 4 6 5 -3 7 8 9 10 11 -2 13 14 -13 -7
right_child=3 2 -4 -5 -6 15 -8 -9 -10 -11 -12 12 -14 -15 -16 -17
leaf_value=-0.033764359965274958 0.029575531244449109 -0.0093770359537227958 -0.028876652720987789 0.034397585927049293 -0.017103954794973168 0.029905817451250545 -0.019785976511927025 0.039652223321806179 -0.017237926448098517 0.02726826662920101 -0.017686167671890171 0.011074671194943778 -0.017724873202625106 0.01920758942206862 -0.018145293233898817 0.0073866220779191458
leaf_weight=47 44 49 41 37 40 45 36 38 36 38 64 44 40 53 48 65
leaf_count=47 44 49 41 37 40 45 36 38 36 38 64 44 40 53 48 65
internal_value=0.000639147 -0.00727738 -0.00209035 0.00539238 0.00342844 0.00859382 0.00295883 0.00498059 0.00139062 0.00341668 0.000323302 0.00535652 -0.000403682 0.00437458 -0.00417053 0.016599
internal_weight=765 287 240 478 199 159 441 405 367 331 293 229 185 145 92 110
internal_count=765 287 240 478 199 159 441 405 367 331 293 229 185 145 92 110
is_linear=0
shrinkage=0.0430483


Tree=39
num_leaves=17
num_cat=0
split_feature=2 12 11 12 9 13 13 4 0 12 1 0 2 12 0 10
split_gain=19.4032 17.1927 29.8036 19.6343 13.6986 11.04 51.4391 13.9498 19.3054 17.5906 14.2633 10.7151 6.66102 5.30996 5.05004 4.73357
threshold=12.900000000000004 1.5964285714285718 2.1214285714285723 2.4285714285714293 4.2500000000000009 2.9806918209302395 2.6523125442216968 -0.091258822863740582 75.15000000000002 2.2464285714285732 84.450000000000017 56.250000000000007 18.750000000000007 1.8464285714285724 77.950000000000017 2.4500000000000033
decision_type=2 2 2 2 2 2 2 2 2 2 2 2 2 2 2 2
left_child=1 -1 -3 -4 5 6 7 8 12 10 11 -9 -2 -10 -15 -6
right_child=4 2 3 -5 15 -7 -8 9 13 -11 -12 -13 -14 14 -16 -17
leaf_value=-0.03741185212601815 0.0091976219103262515 0.021144661541873926 -0.044737549228301775 -0.0011696641558554767 0.010582361807458803 -0.015585047389355462 0.048892019149101872 -0.0021722738768411476 -0.014174595653993212 -0.026019691278982671 -0.021702067045439435 0.026627355481147565 0.033395486872695758 0.014589992240844764 -0.0076112471950111078 0.032508396668003862
leaf_weight=39 37 50 36 41 36 60 43 62 51 70 39 39 49 39 37 37
leaf_count=39 37 50 36 41 36 60 43 62 51 70 39 39 49 39 37 37
internal_value=0.000611633 -0.0124117 -0.00473445 -0.0215391 0.00422076 0.00179555 0.0040334 -0.000526698 0.00723559 -0.00839987 0.000410037 0.00894837 0.0229848 -0.00342922 0.00378149 0.0216956
internal_weight=765 166 127 77 599 526 466 423 213 210 140 101 86 127 76 73
internal_count=765 166 127 77 599 526 466 423 213 210 140 101 86 127 76 73
is_linear=0
shrinkage=0.0430483


Tree=40
num_leaves=16
num_cat=0
split_feature=2 0 8 8 9 1 0 7 7 7 0 7 6 6 0
split_gain=17.481 16.137 14.6338 13.6291 12.5626 16.1174 15.0281 15.55 37.2626 13.7481 7.08845 7.04819 10.0628 3.72377 2.72926
threshold=8.3500000000000032 74.550000000000011 0.21850000000000003 0.16350000000000003 4.2500000000000009 60.70000000000001 72.550000000000011 2363.5000000000005 3357.5000000000005 4475.0000000000009 77.750000000000014 5198.0000000000009 12.450000000000001 12.950000000000001 75.950000000000017
decision_type=2 2 2 2 2 2 2 2 2 2 2 2 2 2 2
left_child=-1 2 4 -3 5 -2 7 -7 -9 13 14 -11 -13 -10 -5
right_child=1 3 -4 10 -6 6 -8 8 9 11 -12 12 -14 -15 -16
leaf_value=-0.028006421276500066 0.026692599872053087 -0.031572741712576007 0.024849862424447762 -0.0050704964959119442 0.020073571814152522 0.019175818479784116 0.022565389828940595 -0.038477754530830015 0.0043783788335389337 -0.019773897126386684 -0.015908802764118234 -0.014746598743868109 0.013588885515314718 0.023313534226353721 0.0097084899449202764
leaf_weight=39 38 40 63 39 67 41 39 63 39 62 53 48 45 38 57
leaf_count=39 38 40 63 39 67 41 39 63 39 62 53 48 45 38 57
internal_value=7.60184e-05 0.00157221 0.0053431 -0.0092616 0.00278284 -2.21993e-05 -0.0027293 -0.00566529 -0.00911778 -0.00114503 -0.00327203 -0.00853109 -0.00103588 0.013723 0.00370453
internal_weight=771 732 543 189 480 413 375 336 295 232 149 155 93 77 96
internal_count=771 732 543 189 480 413 375 336 295 232 149 155 93 77 96
is_linear=0
shrinkage=0.0430483


Tree=41
num_leaves=17
num_cat=0
split_feature=2 12 7 9 2 7 3 7 2 7 13 11 9 11 10 10
split_gain=16.1591 16.9758 24.1548 12.2559 15.7119 16.9352 43.1693 12.7822 12.5902 10.1052 9.5994 6.96372 15.5512 4.95869 4.01713 3.46002
threshold=12.450000000000005 2.2035714285714287 3288.0000000000005 4.2500000000000009 14.049999999999999 4784.5000000000009 0.35846314187849704 5116.0000000000009 18.150000000000009 7477.0000000000009 1.2939417191451803 1.9285714285714284 1.5999999999999981 2.3714285714285723 1.4500000000000031 2.4500000000000033
decision_type=2 2 2 2 2 2 2 2 2 2 2 2 2 2 2 2
left_child=1 2 -1 4 -2 6 8 -7 -6 10 -9 12 -12 -5 -10 -13
right_child=3 -3 -4 13 5 7 -8 9 14 -11 11 15 -14 -15 -16 -17
leaf_value=-0.048097224307076018 0.023619068191637029 0.0029853290344580598 -0.00065473541070159137 0.030608812065725358 0.01583769055617552 0.028569960651973425 -0.045877738235444381 0.011679717857089633 -0.020732678513563627 0.022773308641640903 -0.016044964030191008 -0.0079105987528115332 0.020474003133067114 0.0086092872877491945 -0.0016792294777239008 -0.026527608989062645
leaf_weight=43 51 69 37 37 59 37 50 69 37 36 47 37 40 39 46 37
leaf_count=43 51 69 37 37 59 37 50 69 37 36 47 37 40 39 46 37
internal_value=7.27459e-05 -0.0126605 -0.0261551 0.003123 0.000868529 -0.00147547 -0.0114782 0.00486291 0.000634296 0.00156531 -0.0017542 -0.0075116 0.000745365 0.0193196 -0.0101729 -0.0172191
internal_weight=771 149 80 622 546 495 192 303 142 266 230 161 87 76 83 74
internal_count=771 149 80 622 546 495 192 303 142 266 230 161 87 76 83 74
is_linear=0
shrinkage=0.0430483


Tree=42
num_leaves=16
num_cat=0
split_feature=9 13 13 4 12 9 1 10 7 7 4 1 12 7 1
split_gain=16.2662 15.2293 19.5139 13.7597 16.6003 10.7033 14.4057 9.74192 7.33542 13.7491 10.9665 9.36313 8.85848 8.16423 4.89167
threshold=1.7500000000000002 2.6462461322125814 2.9624233963661357 0.89309379682046119 2.4107142857142869 0.34999999999999792 83.65000000000002 1.2500000000000002 3357.5000000000005 4958.0000000000009 -0.14250536273956088 90.250000000000014 2.1714285714285722 5987.5000000000009 92.200000000000003
decision_type=2 2 2 2 2 2 2 2 2 2 2 2 2 2 2
left_child=3 8 -3 4 5 7 -7 -1 -2 10 -10 13 -13 -11 -8
right_child=1 2 -4 -5 -6 6 14 -9 9 11 -12 12 -14 -15 -16
leaf_value=0.0071522665755836675 -0.0099530379731685645 0.047059559993809535 0.007092891820806988 -0.025460189863058577 -0.023469566258753995 0.030719176076802888 -0.0091468279603497907 -0.020924045139724387 0.00010791862760632641 -0.028080728943335603 0.029067132849472987 -0.0048370575997557768 0.022342475778122012 0.00091123774797651218 0.01209051458000612
leaf_weight=43 69 36 61 55 53 46 44 49 39 36 64 50 40 36 37
leaf_count=43 69 36 61 55 53 46 44 49 39 36 64 50 40 36 37
internal_value=0.00141734 0.00691021 0.0219259 -0.0058225 -0.00185164 0.00338009 0.0114801 -0.00780142 0.00254937 0.00580472 0.018102 -0.00201392 0.00724273 -0.0135847 0.00055418
internal_weight=758 431 97 327 272 219 127 92 334 265 103 162 90 72 81
internal_count=758 431 97 327 272 219 127 92 334 265 103 162 90 72 81
is_linear=0
shrinkage=0.0430483


Tree=43
num_leaves=16
num_cat=0
split_feature=9 13 13 4 12 2 6 12 6 2 9 4 12 0 2
split_gain=14.8958 13.9912 20.0978 12.6006 15.2018 10.4506 11.9881 19.8274 6.1006 14.4209 8.51336 29.0751 12.6708 31.2417 8.1386
threshold=1.7500000000000002 2.6351997778535834 2.9010666151821369 0.89309379682046119 2.4107142857142869 12.450000000000005 9.6500000000000004 1.6964285714285727 11.050000000000002 17.250000000000004 3.0999999999999983 0.046214085385334856 2.2785714285714298 73.250000000000014 22.250000000000007
decision_type=2 2 2 2 2 2 2 2 2 2 2 2 2 2 2
left_child=3 8 -3 4 5 -1 -7 -8 9 -2 12 -12 13 -10 -11
right_child=1 2 -4 -5 -6 6 7 -9 10 14 11 -13 -14 -15 -16
leaf_value=-0.017288944398682636 -0.012286395276183186 0.045358188317633275 0.0057186345241601946 -0.024364172013729448 -0.022459240778801449 0.025231421674762607 -0.015448848212957713 0.018210854190380411 0.044403793943113855 0.034697721038478513 0.012120934203460569 -0.037091996318586312 -0.012148705567692189 -0.011538127972670467 0.0076411853666067883
leaf_weight=38 37 38 63 55 53 51 68 62 37 38 45 44 47 37 45
leaf_count=38 37 38 63 55 53 51 68 62 37 38 45 44 47 37 45
internal_value=0.00135633 0.00661274 0.0206325 -0.00557185 -0.00177193 0.00323458 0.00754339 0.00060424 0.00232183 0.0100648 -0.00210269 -0.0122091 0.00533091 0.0164328 0.0200285
internal_weight=758 431 101 327 272 219 181 130 330 120 210 89 121 74 83
internal_count=758 431 101 327 272 219 181 130 330 120 210 89 121 74 83
is_linear=0
shrinkage=0.0430483


end of trees

feature_importances:
forecast_diurnal_range=75
lag_low_1d=72
forecast_low=69
forecast_radiation=64
roll_low_14d_mean=64
forecast_wind=53
forecast_evap=47
day_cos=46
roll_low_7d_std=46
forecast_high=37
day_sin=37
lag_low_2d=32
roll_low_7d_mean=32
forecast_precip=3

parameters:
[boosting: gbdt]
[objective: regression]
[metric: l2]
[tree_learner: serial]
[device_type: cpu]
[data_sample_strategy: bagging]
[data: ]
[valid: ]
[num_iterations: 44]
[learning_rate: 0.0430483]
[num_leaves: 39]
[num_threads: 2]
[seed: 42]
[deterministic: 0]
[force_col_wise: 0]
[force_row_wise: 0]
[histogram_pool_size: -1]
[max_depth: -1]
[min_data_in_leaf: 36]
[min_sum_hessian_in_leaf: 0.001]
[bagging_fraction: 0.95683]
[pos_bagging_fraction: 1]
[neg_bagging_fraction: 1]
[bagging_freq: 2]
[bagging_seed: 400]
[bagging_by_query: 0]
[feature_fraction: 0.701397]
[feature_fraction_bynode: 1]
[feature_fraction_seed: 30056]
[extra_trees: 0]
[extra_seed: 12879]
[early_stopping_round: 0]
[early_stopping_min_delta: 0]
[first_metric_only: 0]
[max_delta_step: 0]
[lambda_l1: 6.66618e-07]
[lambda_l2: 8.68691e-08]
[linear_lambda: 0]
[min_gain_to_split: 0]
[drop_rate: 0.1]
[max_drop: 50]
[skip_drop: 0.5]
[xgboost_dart_mode: 0]
[uniform_drop: 0]
[drop_seed: 17869]
[top_rate: 0.2]
[other_rate: 0.1]
[min_data_per_group: 100]
[max_cat_threshold: 32]
[cat_l2: 10]
[cat_smooth: 10]
[max_cat_to_onehot: 4]
[top_k: 20]
[monotone_constraints: ]
[monotone_constraints_method: basic]
[monotone_penalty: 0]
[feature_contri: ]
[forcedsplits_filename: ]
[refit_decay_rate: 0.9]
[cegb_tradeoff: 1]
[cegb_penalty_split: 0]
[cegb_penalty_feature_lazy: ]
[cegb_penalty_feature_coupled: ]
[path_smooth: 0]
[interaction_constraints: ]
[verbosity: -1]
[saved_feature_importance_type: 0]
[use_quantized_grad: 0]
[num_grad_quant_bins: 4]
[quant_train_renew_leaf: 0]
[stochastic_rounding: 1]
[linear_tree: 0]
[max_bin: 255]
[max_bin_by_feature: ]
[min_data_in_bin: 3]
[bin_construct_sample_cnt: 200000]
[data_random_seed: 175]
[is_enable_sparse: 1]
[enable_bundle: 1]
[use_missing: 1]
[zero_as_missing: 0]
[feature_pre_filter: 1]
[pre_partition: 0]
[two_round: 0]
[header: 0]
[label_column: ]
[weight_column: ]
[group_column: ]
[ignore_column: ]
[categorical_feature: ]
[forcedbins_filename: ]
[precise_float_parser: 0]
[parser_config_file: ]
[objective_seed: 16083]
[num_class: 1]
[is_unbalance: 0]
[scale_pos_weight: 1]
[sigmoid: 1]
[boost_from_average: 1]
[reg_sqrt: 0]
[alpha: 0.9]
[fair_c: 1]
[poisson_max_delta_step: 0.7]
[tweedie_variance_power: 1.5]
[lambdarank_truncation_level: 30]
[lambdarank_norm: 1]
[label_gain: ]
[lambdarank_position_bias_regularization: 0]
[eval_at: ]
[multi_error_top_k: 1]
[auc_mu_weights: ]
[num_machines: 1]
[local_listen_port: 12400]
[time_out: 120]
[machine_list_filename: ]
[machines: ]
[gpu_platform_id: -1]
[gpu_device_id: -1]
[gpu_use_dp: 0]
[num_gpu: 1]

end of parameters

pandas_categorical:[]
