tree
version=v4
num_class=1
num_tree_per_iteration=1
label_index=0
max_feature_idx=13
objective=regression
feature_names=forecast_low forecast_high forecast_diurnal_range day_sin day_cos forecast_precip forecast_wind forecast_radiation forecast_evap lag_low_1d lag_low_2d roll_low_7d_mean roll_low_14d_mean roll_low_7d_std
feature_infos=[19.300000000000001:80.700000000000003] [33.700000000000003:100.09999999999999] [3.1999999999999962:33.600000000000001] [-0.99999942202469239:0.99998555065071859] [-0.99997919295908244:0.9999907524084426] [0:7.3849999999999998] [4.2999999999999998:32.799999999999997] [248:8470] [0.014999999999999999:0.29399999999999998] [-5.2000000000000028:9.4000000000000004] [-5.2000000000000028:9.4000000000000004] [-2.5857142857142854:5.3428571428571434] [-1.6785714285714288:4.7214285714285724] [0.5336308693862305:4.7243039295802731]
tree_sizes=4398 4598 4586 4589 4609 4640 4657 4643 4692 4672 4640 4687 4685 4640 4639

Tree=0
num_leaves=47
num_cat=0
split_feature=12 0 3 1 2 2 0 10 1 2 12 1 9 13 2 2 2 6 7 0 12 11 1 11 9 2 10 6 9 7 2 0 10 7 7 3 2 11 8 0 7 9 2 3 6 12
split_gain=308.428 128.205 88.156 68.9219 62.3584 54.511 51.1223 44.3622 49.679 44.4321 51.1146 44.5378 45.3877 41.1086 60.4492 39.7276 37.8105 34.5286 37.1303 30.8221 25.8485 25.4577 26.1602 25.3097 28.2276 26.7307 23.3652 23.8005 22.1137 22.0701 19.8009 18.4894 17.8309 15.0148 16.1602 14.3656 16.4256 29.6443 12.9416 12.5052 12.4481 14.7365 12.2431 23.8229 12.6534 11.4169
threshold=1.428571428571429 38.100000000000009 0.15951094710994368 63.550000000000004 16.650000000000009 8.4500000000000046 77.850000000000009 3.7500000000000004 79.65000000000002 26.050000000000011 1.7000000000000004 69.15000000000002 1.9500000000000031 2.6371881816349991 17.150000000000002 15.950000000000005 12.700000000000001 11.550000000000002 3224.0000000000005 76.550000000000011 0.51428571428571435 1.3714285714285712 76.850000000000009 2.1785714285714302 2.7500000000000004 15.250000000000002 5.4500000000000037 12.450000000000001 3.5999999999999983 5841.5000000000009 11.050000000000002 69.750000000000014 -1.0000000180025095e-35 6137.5000000000009 4414.5000000000009 -0.013976118469459398 20.950000000000006 2.6357142857142857 0.10150000000000002 70.550000000000011 2272.0000000000005 0.34999999999999792 20.250000000000004 0.96687895796550427 14.950000000000001 2.5607142857142864
decision_type=2 2 2 2 2 2 2 2 2 2 2 2 2 2 2 2 2 2 2 2 2 2 2 2 2 2 2 2 2 2 2 2 2 2 2 2 2 2 2 2 2 2 2 2 2 2
left_child=3 -2 4 13 5 -3 15 9 28 10 -4 -12 33 40 -15 30 -14 20 -19 23 32 -6 -23 24 -7 39 27 -10 -9 -22 -5 -29 -17 34 -13 36 37 -24 -32 -25 -1 -42 44 -44 -18 -38
right_child=1 2 7 6 21 19 -8 8 26 -11 11 12 16 14 -16 17 42 18 -20 -21 29 22 35 25 -26 -27 -28 31 -30 -31 38 -33 -34 -35 -36 -37 45 -39 -40 -41 41 -43 43 -45 -46 -47
leaf_value=1.698750512068554 1.7267723864490485 1.8606513649709646 1.9797609998090453 1.9918956133534906 2.103731992161948 2.0848208771402814 1.7390787615940844 2.0019924782497358 1.9384879814282598 1.9217348597706114 2.2662345525191854 2.0626805458720354 1.988155262861236 2.1055767926515525 1.7828147434489647 2.1625082996071079 2.1438209543740858 1.9952717340583779 2.2656971408357749 1.974514784507267 1.8398939693541043 1.8031270033183342 1.9594072625828785 2.1553938213961774 2.2614115661622125 1.952809636239063 2.1903831564696059 2.2031320157725505 1.8315928896975564 1.9970505219354693 1.8237761399004639 2.0246267118305687 1.9751083949090271 2.1133614907216431 1.9039436821864673 2.0842271071376337 1.9771636884709682 1.7734750415028782 1.9469056952182417 2.0588208068552656 1.7425269332226614 1.8731041032337252 2.1761497480421639 2.3688859689857207 2.2602122122176844 2.1055765227836551
leaf_weight=8.9999999999999982 7.9999999999999991 7.9999999999999991 12.999999999999998 12.999999999999998 8.9999999999999982 12.000000000000002 6.9999999999999991 21.000000000000004 8.0000000000000018 6.9999999999999991 20 12.000000000000002 6.9999999999999991 7.9999999999999991 7.9999999999999991 7 33 6.9999999999999982 7 13.999999999999998 11.000000000000002 6.9999999999999991 38 18 12.999999999999998 9.9999999999999982 13.999999999999998 7.9999999999999991 6.9999999999999991 13.999999999999998 17.000000000000004 7.9999999999999991 6.9999999999999982 15.999999999999998 6.9999999999999991 6.9999999999999991 15.000000000000002 6.9999999999999991 8.9999999999999982 19 11.000000000000002 12.999999999999998 12.000000000000002 6.9999999999999991 7.9999999999999991 6.9999999999999991
leaf_count=9 8 8 13 13 9 12 7 21 8 7 20 12 7 8 8 7 33 7 7 14 11 7 38 18 13 10 14 8 7 14 17 8 7 16 7 7 15 7 9 19 11 13 12 7 8 7
internal_value=2.01792 2.0558 2.06252 1.91551 2.02066 2.06795 1.95537 2.09955 2.04331 2.12569 2.13627 2.15294 2.13073 1.83498 1.9442 1.97183 2.17076 2.01864 2.13049 2.08724 1.97848 1.97126 1.95654 2.10915 2.17665 2.07325 2.10514 2.05542 1.95939 1.9279 1.90823 2.11388 2.06881 2.0541 2.0042 1.97105 1.95923 1.93048 1.8664 2.1058 1.78203 1.81325 2.19207 2.24716 2.16653 2.01802
internal_weight=548 400 392 148 184 94 99 208 66 142 135 122 102 49 16 92 67 53 14 86 39 90 81 72 25 47 38 24 28 25 39 16 14 35 19 74 67 45 26 37 33 24 60 19 41 22
internal_count=548 400 392 148 184 94 99 208 66 142 135 122 102 49 16 92 67 53 14 86 39 90 81 72 25 47 38 24 28 25 39 16 14 35 19 74 67 45 26 37 33 24 60 19 41 22
is_linear=0
shrinkage=1


Tree=1
num_leaves=47
num_cat=0
split_feature=12 0 3 0 2 2 3 12 2 3 0 2 2 13 7 8 9 10 0 11 7 6 13 11 2 11 1 13 0 4 10 12 0 7 9 0 0 8 12 1 10 8 9 2 4 2
split_gain=259.339 107.8 74.1251 60.0817 70.599 52.4334 49.2332 61.1115 45.8351 39.7737 47.6202 46.3837 55.6672 37.1628 33.3963 33.4589 40.6065 46.2414 25.9165 23.6139 23.4251 22.9713 22.3379 28.065 24.5577 21.4059 21.9966 19.2471 18.8496 18.5721 18.3932 21.2677 19.6819 17.9478 15.7209 15.1578 25.0968 15.7104 15.1447 14.1072 13.7535 13.7367 13.4348 14.6615 13.0357 12.8561
threshold=1.428571428571429 38.100000000000009 0.15951094710994368 37.45000000000001 15.450000000000005 16.650000000000009 -0.30983472475487861 1.203571428571429 8.4500000000000046 0.99374995976406788 59.45000000000001 23.250000000000007 12.700000000000001 1.9689856958635468 3945.5000000000005 0.12700000000000003 4.549999999999998 4.3499999999999988 76.550000000000011 0.27857142857142753 5852.0000000000009 8.4500000000000011 2.6831484700472932 2.1714285714285713 14.300000000000006 1.3714285714285712 76.850000000000009 2.7233994578703871 57.550000000000004 -0.45273527932988084 -1.6500000000000001 0.51428571428571435 52.20000000000001 4867.5000000000009 2.3499999999999983 63.750000000000007 75.550000000000011 0.090500000000000011 0.51428571428571435 49.050000000000004 3.0999999999999983 0.19350000000000003 5.049999999999998 20.450000000000006 0.020426410361618304 12.950000000000005
decision_type=2 2 2 2 2 2 2 2 2 2 2 2 2 2 2 2 2 2 2 2 2 2 2 2 2 2 2 2 2 2 2 2 2 2 2 2 2 2 2 2 2 2 2 2 2 2
left_child=3 -2 5 39 19 8 13 30 -3 11 -11 12 21 29 28 -16 17 20 22 38 27 -4 23 24 -10 -7 -27 -17 -14 -6 -8 -32 -33 45 -19 37 -37 -21 -5 -1 -18 -22 43 -28 -12 -25
right_child=1 2 9 4 6 25 7 -9 18 10 44 -13 14 -15 15 16 40 34 -20 35 41 -23 -24 33 -26 26 42 -29 -30 -31 31 32 -34 -35 -36 36 -38 -39 -40 -41 -42 -43 -44 -45 -46 -47
leaf_value=-0.14323072832090641 -0.26479142188352067 -0.14202784438747423 -0.16053964587319436 -0.1468909515849435 0.042316424005562701 0.080870823463549069 -0.033368599812409791 -0.18172406507042513 0.10862029335500711 0.2770285121880493 0.13605473438869387 -0.054242596004465952 0.29864704095910877 -0.21866544916754907 -0.037437940508955513 -0.058403372296767828 0.29144657334658669 0.019058479944162519 -0.037617986429368117 -0.22297770916481313 0.23774057549887873 0.014214758011331057 -0.044961117966582587 0.067704690480449095 0.2964212024733523 -0.19477624698242391 -0.084137741834999891 0.12516122069697505 0.13114690647728361 -0.13068051613204426 0.044741167010283751 0.28790595163927135 0.091015167489265678 0.018895258813761483 -0.14317159191478721 0.041837823210132748 -0.15545775514050239 -0.066875132612468385 -0.29212242210435685 -0.2807469090713835 0.1483676668935125 0.11714755018285759 0.068654004545912015 -0.0049540675239100026 -0.0061375887326298069 0.20603412719121861
leaf_weight=9.0000000000000018 7.9999999999999991 7.9999999999999991 7.0000000000000027 11.000000000000002 11.000000000000002 8.9999999999999982 6.9999999999999991 6.9999999999999991 12.000000000000002 13.999999999999998 10.000000000000002 21 8.0000000000000018 10.999999999999998 13.999999999999998 8.9999999999999982 8.0000000000000018 10.000000000000002 13.999999999999998 10.000000000000002 7.9999999999999991 20 7.9999999999999991 11.000000000000002 7.9999999999999991 6.9999999999999991 40 6.9999999999999991 10.999999999999998 7.0000000000000027 14.000000000000002 6.9999999999999982 7 25 6.9999999999999991 10.000000000000002 7.9999999999999991 7.9999999999999991 8.9999999999999982 11.999999999999998 10.999999999999998 35 6.9999999999999991 27 7.9999999999999991 7.9999999999999991
leaf_count=9 8 8 7 11 11 9 7 7 12 14 10 21 8 11 14 9 8 10 14 10 8 20 8 11 8 7 40 7 11 7 14 7 7 25 7 10 8 8 9 12 11 35 7 27 8 8
internal_value=0.00217906 0.0369219 0.0430794 -0.0917205 -0.0702089 0.00469249 -0.0152315 0.0422191 0.0480609 0.0770371 0.162184 0.0615557 0.0772446 -0.0984357 0.100097 0.0823904 0.100049 0.072908 0.0657438 -0.139912 0.107672 -0.0310925 0.085842 0.102192 0.183742 -0.0406034 -0.0541006 0.0219064 0.201675 -0.0249606 0.0870083 0.117103 0.189463 0.0651237 -0.0477427 -0.0997253 -0.0458496 -0.1536 -0.212247 -0.221813 0.208613 0.139584 -0.0407931 -0.052228 0.0728585 0.12595
internal_weight=548 400 392 148 127 184 71 42 94 208 32 176 155 29 128 109 95 76 86 56 59 27 72 64 20 90 81 16 19 18 35 28 14 44 17 36 18 18 20 21 19 43 74 67 18 19
internal_count=548 400 392 148 127 184 71 42 94 208 32 176 155 29 128 109 95 76 86 56 59 27 72 64 20 90 81 16 19 18 35 28 14 44 17 36 18 18 20 21 19 43 74 67 18 19
is_linear=0
shrinkage=0.0830273


Tree=2
num_leaves=47
num_cat=0
split_feature=12 0 3 1 2 0 2 3 0 2 2 10 9 6 2 6 7 9 11 13 11 3 12 11 6 2 13 1 7 0 10 10 0 2 13 13 7 1 12 9 13 6 2 0 2 11
split_gain=218.063 90.6429 62.3523 50.7772 48.3918 38.981 38.8382 33.8657 40.0409 39.7481 42.9867 31.9856 30.5698 29.0522 28.4001 25.5329 28.3047 25.2434 23.2908 21.6551 20.7133 19.7206 19.6173 19.4856 19.3153 18.1289 35.6033 17.0789 15.6865 15.1664 18.7913 14.9776 14.7003 14.2605 13.3495 21.3442 15.9426 16.7438 12.5878 12.568 12.4073 12.0397 11.4711 13.5579 11.4315 25.2124
threshold=1.428571428571429 38.100000000000009 0.10837544681456417 63.550000000000004 16.750000000000004 77.850000000000009 8.4500000000000046 0.99374995976406788 59.45000000000001 25.250000000000007 12.700000000000001 2.5999999999999983 3.5999999999999983 7.8500000000000005 15.950000000000005 11.550000000000002 3224.0000000000005 1.9500000000000031 1.8071428571428581 1.7697151088564433 2.2142857142857157 0.89404822654372251 0.51428571428571435 1.3714285714285712 8.4500000000000011 17.150000000000002 2.6223781578049228 76.850000000000009 5841.5000000000009 72.850000000000009 3.7500000000000004 -1.0000000180025095e-35 69.65000000000002 11.050000000000002 2.400639734702267 2.7233994578703871 6609.0000000000009 90.950000000000017 0.73214285714285732 5.049999999999998 2.3445403532805935 12.450000000000001 15.250000000000002 70.750000000000014 20.950000000000006 2.657142857142857
decision_type=2 2 2 2 2 2 2 2 2 2 2 2 2 2 2 2 2 2 2 2 2 2 2 2 2 2 2 2 2 2 2 2 2 2 2 2 2 2 2 2 2 2 2 2 2 2
left_child=3 -2 4 12 6 14 -3 9 -9 10 24 17 25 -13 33 22 -17 18 -12 29 -21 41 31 -6 -4 26 38 -25 -24 30 32 -16 -8 -5 36 -36 -15 -38 -1 44 -26 -19 43 -22 45 -29
right_child=1 2 7 5 23 -7 19 8 -10 -11 11 13 -14 34 15 16 -18 21 -20 20 42 -23 28 27 40 -27 -28 39 -30 -31 -32 -33 -34 -35 35 -37 37 -39 -40 -41 -42 -43 -44 -45 -46 -47
leaf_value=-0.1398120960752344 -0.24280692232544698 -0.13023587885507887 -0.14721076250282009 -0.018293795709015039 0.074156456203738536 -0.238764090939591 0.26005887410588729 0.25402783195297313 0.066809360126254477 -0.078324861483651434 0.16865587105663865 -0.093244062564396907 0.0074047558965188737 -0.027825599501712824 0.13408841642956842 -0.017820861334295848 0.21828807975975942 0.17182084744686213 0.003477860039899167 0.10911218095448388 0.10759771794412 0.24967971090564817 -0.1487370923424515 -0.17860485707738721 0.078429039299147699 -0.25714795861293493 0.020729560760281856 -0.050553556147632309 -0.016244253662303584 0.038928255251619741 0.030800765173439843 -0.037664144896110335 0.11697525378844087 -0.12479705349456434 0.20666392969497679 0.052035860978666526 0.15770210153264863 -0.003450396032599621 -0.26971107079748724 0.062953970255282973 -0.052359944597431575 0.066961516261506704 -0.098431261846679247 -0.035722585445418599 -0.0042970530799892135 -0.2231639447970146
leaf_weight=12.000000000000005 7.9999999999999991 7.9999999999999991 7.0000000000000027 12.999999999999998 8.9999999999999982 6.9999999999999991 9.0000000000000053 13.999999999999998 18 13.999999999999998 9.0000000000000018 8.9999999999999982 6.9999999999999991 15.999999999999998 7 6.9999999999999982 7 18.000000000000004 17 11.999999999999998 7.0000000000000062 12.999999999999998 11.000000000000002 6.9999999999999991 10.000000000000002 13.999999999999998 6.9999999999999991 35 13.999999999999998 17 7.9999999999999991 6.9999999999999982 10.999999999999998 26 10.000000000000002 15.999999999999998 10.000000000000002 7.9999999999999991 8.9999999999999982 6.9999999999999991 9.9999999999999982 12.999999999999998 8.9999999999999982 12.999999999999998 21 6.9999999999999991
leaf_count=12 8 8 7 13 9 7 9 14 18 14 9 9 7 16 7 7 7 18 17 12 7 13 11 7 10 14 7 35 14 17 8 7 11 26 10 16 10 8 9 7 10 13 9 13 21 7
internal_value=0.00199814 0.0338564 0.0395027 -0.0841053 0.0035662 -0.0498911 0.0447433 0.0700148 0.148718 0.056023 0.0673536 0.0859748 -0.153232 0.0458588 -0.0355199 0.00405145 0.100235 0.125518 0.0606556 0.0610206 0.0173723 0.163845 -0.030476 -0.0414413 -0.0285111 -0.180004 -0.141431 -0.0549529 -0.0745417 0.100789 0.138347 0.0482125 0.181364 -0.0892962 0.0667245 0.111509 0.032477 0.0860792 -0.195485 -0.0425873 0.0130346 0.127848 -0.0205894 0.0144399 -0.0543142 -0.0793227
internal_weight=548 400 392 148 180 99 94 212 32 180 166 139 49 69 92 53 14 70 26 86 41 44 39 86 27 42 28 77 25 45 28 14 20 39 60 26 34 18 21 70 20 31 29 20 63 42
internal_count=548 400 392 148 180 99 94 212 32 180 166 139 49 69 92 53 14 70 26 86 41 44 39 86 27 42 28 77 25 45 28 14 20 39 60 26 34 18 21 70 20 31 29 20 63 42
is_linear=0
shrinkage=0.0830273


Tree=3
num_leaves=47
num_cat=0
split_feature=12 0 0 0 2 3 9 6 3 12 2 0 2 1 13 1 10 11 0 13 6 12 1 6 11 6 2 13 2 3 6 3 4 6 11 12 12 12 0 0 8 12 12 4 4 10
split_gain=183.356 76.2163 55.0124 44.5616 53.021 42.4881 40.3358 41.329 37.0592 45.9796 33.9984 33.6681 30.1359 31.2708 28.3856 27.6152 23.2869 28.3894 22.7355 27.1391 22.0778 20.1209 19.7987 19.7767 18.3432 17.3265 16.9136 24.9314 16.849 14.5 17.4673 16.8318 14.1246 13.0854 12.0336 17.8236 12.9841 11.8355 11.7898 20.1667 12.341 11.7239 11.0683 10.9609 10.0155 9.67683
threshold=1.428571428571429 38.100000000000009 77.15000000000002 37.45000000000001 15.450000000000005 0.99374995976406788 1.1500000000000024 7.8500000000000005 -0.30983472475487861 1.203571428571429 25.250000000000007 59.45000000000001 8.8000000000000025 69.350000000000009 1.9689856958635468 74.550000000000011 3.6500000000000008 3.5214285714285722 69.65000000000002 2.0209611660843745 6.4500000000000011 1.7892857142857141 79.550000000000011 11.850000000000003 0.27857142857142753 12.050000000000002 18.450000000000006 2.6371881816349991 24.050000000000004 1.0000000180025095e-35 9.4500000000000011 0.39036257410962039 -0.45273527932988084 15.350000000000003 1.8071428571428581 2.532142857142857 2.171428571428573 0.51428571428571435 63.750000000000007 75.550000000000011 0.090500000000000011 0.62500000000000167 3.024999999999999 0.020426410361618304 -0.42179730054635828 2.6500000000000026
decision_type=2 2 2 2 2 2 2 2 2 2 2 2 2 2 2 2 2 2 2 2 2 2 2 2 2 2 2 2 2 2 2 2 2 2 2 2 2 2 2 2 2 2 2 2 2 2
left_child=3 -2 5 41 24 6 12 20 14 26 16 -7 -3 -14 32 -15 18 42 19 25 45 -21 -22 -23 37 -9 27 -10 -28 30 -20 -31 -6 -25 44 36 -36 -5 40 -40 -26 -1 -18 -13 -17 -8
right_child=1 2 -4 4 8 11 7 10 9 -11 -12 43 13 15 -16 34 17 -19 29 21 22 23 -24 33 38 -27 28 -29 -30 31 -32 -33 -34 -35 35 -37 -38 -39 39 -41 -42 -43 -44 -45 -46 -47
leaf_value=-0.26079347666951652 -0.2226477022048455 -0.17639837784824736 -0.073819732318746736 -0.12497882869948068 0.039745739619828781 0.23293681617724532 0.12043375321115597 0.22301825595021052 0.03763104035357092 -0.15535716888202639 -0.089523340834778434 0.1192117347017614 0.15904363333190583 -0.12370511907904394 -0.18821703186908237 0.14664333009419475 0.032006792412972621 -0.088113133305669056 -0.075866887618477874 -0.051788722701242518 -0.17628483788106775 0.018844209367593401 -0.01337911044462642 0.2226642492021968 -0.19258636396028408 0.10729292103227289 -0.033790378701705037 0.2592262793243747 0.11648996385719931 0.17280496065953987 0.057096103627969637 0.041605115962426158 -0.11112189265175705 0.074652482521135488 -0.00021724671276148114 0.046287610496007998 -0.11544910261767952 -0.25336671251582521 0.042535819254247792 -0.13432256090112826 -0.054232398100443405 -0.13543098120013172 0.11615477507363117 -0.011174907920769955 0.010653306456474833 -0.017620397225601599
leaf_weight=9.0000000000000018 7.9999999999999991 6.9999999999999991 29 11.000000000000002 11.000000000000002 13.999999999999998 6.9999999999999982 22 6.9999999999999982 6.9999999999999991 8.9999999999999982 10.000000000000002 7.9999999999999991 12.999999999999998 10.999999999999998 7 33 10.999999999999998 8.9999999999999982 6.9999999999999991 9.0000000000000018 11.000000000000002 11.999999999999998 10.000000000000002 10.000000000000002 14.999999999999998 12.000000000000002 7 8.9999999999999982 13.000000000000002 28 13.999999999999998 7.0000000000000027 6.9999999999999991 14.000000000000002 21 12.999999999999998 8.9999999999999982 10.000000000000002 7.9999999999999991 7.9999999999999991 11.999999999999998 15.999999999999998 7.9999999999999991 7.9999999999999982 7
leaf_count=9 8 7 29 11 11 14 7 22 7 7 9 10 8 13 11 7 33 11 9 7 9 11 12 10 10 15 12 7 9 13 28 14 7 7 14 21 13 9 10 8 8 12 16 8 8 7
internal_value=0.00183224 0.0310455 0.036223 -0.0771223 -0.0585963 0.0450143 0.0361822 0.0540293 -0.0109523 0.0388918 0.0682656 0.136371 -0.010887 0.00290584 -0.0831401 -0.01353 0.0755111 0.0324243 0.0945199 0.126526 -0.0293551 0.0741144 -0.0831967 0.10559 -0.119002 0.176103 0.0777421 0.14843 0.0306158 0.0585132 0.0247535 0.104776 -0.0189253 0.16172 0.00920479 -0.0110802 -0.0556997 -0.182755 -0.0835829 -0.0360683 -0.131097 -0.189159 0.059484 0.0612624 0.0741163 0.0514071
internal_weight=548 400 392 148 127 363 331 240 71 42 205 32 91 84 29 76 196 60 136 72 35 35 21 28 56 37 35 14 21 64 37 27 18 17 63 48 27 20 36 18 18 21 49 18 15 14
internal_count=548 400 392 148 127 363 331 240 71 42 205 32 91 84 29 76 196 60 136 72 35 35 21 28 56 37 35 14 21 64 37 27 18 17 63 48 27 20 36 18 18 21 49 18 15 14
is_linear=0
shrinkage=0.0830273


Tree=4
num_leaves=47
num_cat=0
split_feature=12 0 0 1 9 3 0 2 2 10 3 2 9 10 1 1 11 0 11 13 2 2 6 7 1 7 0 6 1 9 12 7 12 9 13 7 7 2 9 11 10 13 2 11 4 6
split_gain=154.174 64.0859 46.2566 38.034 35.9509 32.7582 29.8095 26.2388 30.409 23.8241 23.7438 33.3354 27.7596 27.2005 28.0502 49.9613 26.3697 24.1751 22.6371 21.3327 37.1575 20.4901 20.0925 20.7582 18.3496 17.4065 17.3435 16.5939 16.2925 20.1252 15.5822 15.1765 12.6479 12.4572 12.0857 10.3088 10.9315 10.1962 10.0957 9.96853 9.78328 15.5249 9.51953 9.44046 9.38482 9.05239
threshold=1.428571428571429 38.100000000000009 77.15000000000002 63.550000000000004 -2.4500000000000024 1.0000000180025095e-35 77.850000000000009 16.199999999999999 9.1000000000000032 6.549999999999998 0.99053107487289871 23.250000000000007 6.400000000000003 -0.099999999999997827 75.350000000000009 72.350000000000009 2.8285714285714287 59.45000000000001 1.7214285714285722 2.6371881816349991 17.150000000000002 15.950000000000005 11.550000000000002 3224.0000000000005 87.850000000000009 5736.0000000000009 71.550000000000011 13.450000000000001 83.450000000000017 3.0999999999999983 0.66428571428571392 5841.5000000000009 2.171428571428573 1.7500000000000002 2.1420949987828908 2272.0000000000005 3790.5000000000005 11.050000000000002 2.5999999999999983 2.5857142857142867 3.7500000000000004 2.362402597445231 16.650000000000009 3.6142857142857152 -0.16799793862756093 12.050000000000002
decision_type=2 2 2 2 2 2 2 2 2 2 2 2 2 2 2 2 2 2 2 2 2 2 2 2 2 2 2 2 2 2 2 2 2 2 2 2 2 2 2 2 2 2 2 2 2 2
left_child=3 -2 4 19 -3 7 21 8 -6 10 11 12 13 42 15 16 34 -12 -9 35 -21 37 30 -24 27 -26 40 44 38 39 -23 -32 -28 -27 -15 -1 -37 -5 -20 -30 41 -10 -7 -19 -16 -4
right_child=1 2 45 6 5 9 -8 18 26 -11 17 -13 -14 14 24 -17 -18 43 28 20 -22 22 23 -25 25 33 32 -29 29 -31 31 -33 -34 -35 -36 36 -38 -39 -40 -41 -42 -43 -44 -45 -46 -47
leaf_value=-0.24447249948389363 -0.20416221406205384 -0.13277852102333457 -0.036572220849257604 -0.014180242029551361 -0.092647404934555394 0.25688398841099813 -0.20627383829010834 0.066323487128653907 0.18280491625828596 -0.074500958231426911 0.21367475849694897 -0.044772034689207485 -0.078518718773833304 0.22548807907540858 0.12165302748184771 -0.12307124469625814 -0.019150389132341277 0.027972951052050665 -0.058299375817334291 0.074657555800705253 -0.17839472132017478 0.037364813081083623 -0.010705982581997902 0.1914926930081737 -0.064513466970935116 -0.0045012517999157399 0.099749116505296151 0.19047880820455382 -0.090933323712519235 0.067540031066419579 -0.15344606696123805 -0.015253422597859738 -0.010150661812461272 0.10941294014193018 0.080025212655391378 -0.052947461170075073 -0.17622905289357013 -0.10423680662656067 -0.19124782062975854 0.019549311841940437 0.028398749323808366 0.035888341939741157 0.12429867674024594 0.14929905544800151 0.013574149515799038 -0.13684094061641847
leaf_weight=8.9999999999999982 7.9999999999999991 7.9999999999999991 20.000000000000004 12.999999999999998 8.9999999999999982 6.9999999999999991 6.9999999999999991 15.999999999999998 17.000000000000007 7.9999999999999991 14.999999999999998 19 7.9999999999999991 7.0000000000000062 17.999999999999996 12.999999999999998 11.999999999999998 12.000000000000002 8.9999999999999982 7.9999999999999991 7.9999999999999991 15.999999999999998 6.9999999999999982 7 6.9999999999999991 8.9999999999999982 10.999999999999998 19 19.000000000000004 12.999999999999998 9.0000000000000018 13.999999999999998 21 25 8.9999999999999982 7.0000000000000027 17 26 6.9999999999999991 7.9999999999999991 6.9999999999999991 6.9999999999999991 7.9999999999999991 6.9999999999999991 8.0000000000000053 8.9999999999999982
leaf_count=9 8 8 20 13 9 7 7 16 17 8 15 19 8 7 18 13 12 12 9 8 8 16 7 7 7 9 11 19 19 13 9 14 21 25 9 7 17 26 7 8 7 7 8 7 8 9
internal_value=0.0016801 0.0284679 0.0332155 -0.0707192 0.0412769 0.0451993 -0.0411078 0.0146693 0.0501108 0.066035 0.0715734 0.058837 0.0719608 0.0804386 0.06795 0.0114374 0.0738882 0.13488 -0.0207722 -0.130546 -0.051869 -0.0285405 0.00507141 0.0903942 0.0948919 0.0547125 0.070505 0.1315 -0.0456568 -0.0173328 -0.0255575 -0.0693295 0.0276276 0.0792592 0.143667 -0.168692 -0.140273 -0.0742182 -0.116466 -0.0581977 0.114765 0.139955 0.186174 0.072673 0.0883983 -0.0676907
internal_weight=548 400 392 148 363 355 99 144 72 211 203 169 150 142 127 41 28 34 72 49 16 92 53 14 86 41 63 45 56 40 39 23 32 34 16 33 24 39 16 27 31 24 15 19 26 29
internal_count=548 400 392 148 363 355 99 144 72 211 203 169 150 142 127 41 28 34 72 49 16 92 53 14 86 41 63 45 56 40 39 23 32 34 16 33 24 39 16 27 31 24 15 19 26 29
is_linear=0
shrinkage=0.0830273


Tree=5
num_leaves=47
num_cat=0
split_feature=12 0 0 9 2 2 3 9 6 2 0 2 1 1 3 6 6 12 0 1 10 2 9 7 2 4 9 1 2 9 11 2 12 9 12 2 4 12 4 9 13 11 1 6 9 4
split_gain=129.635 53.8861 38.8945 33.9657 34.3815 37.843 30.3841 28.9066 28.7296 25.1578 24.5503 23.0434 23.7821 22.2801 18.6516 17.7638 17.1788 15.8141 20.3231 15.4174 14.4048 15.2048 23.0121 17.2515 17.3695 18.802 16.776 14.3131 27.8323 15.923 13.7466 13.6344 13.4386 10.4243 17.7544 10.7441 10.3418 10.124 11.7071 11.4115 9.97377 9.43466 8.39542 10.7745 9.23166 8.15322
threshold=1.428571428571429 38.100000000000009 77.15000000000002 -2.8499999999999974 15.450000000000005 18.199999999999999 0.99374995976406788 1.1500000000000024 7.8500000000000005 25.250000000000007 59.45000000000001 8.8000000000000025 69.350000000000009 74.550000000000011 -0.99467753128998015 17.650000000000002 6.4500000000000011 1.1142857142857154 57.550000000000004 79.550000000000011 6.4500000000000037 13.049999999999999 4.549999999999998 3766.5000000000005 16.650000000000009 0.21652257995689159 5.3499999999999988 63.550000000000004 20.950000000000006 0.84999999999999798 0.27857142857142753 20.250000000000004 2.9464285714285725 4.549999999999998 2.8345238095238092 10.050000000000006 0.90803977035715633 0.92857142857142849 0.82293497932636273 1.5999999999999981 2.6805291943717515 2.6642857142857146 92.750000000000014 13.450000000000001 -0.95000000000000273 0.020426410361618304
decision_type=2 2 2 2 2 2 2 2 2 2 2 2 2 2 2 2 2 2 2 2 2 2 2 2 2 2 2 2 2 2 2 2 2 2 2 2 2 2 2 2 2 2 2 2 2 2
left_child=3 -2 6 -1 30 17 7 11 16 14 -8 -3 -13 -14 -10 20 -9 18 -6 -18 21 33 23 -23 32 31 -24 -7 29 -29 36 41 -25 35 -35 -16 -5 38 -32 -39 -30 -26 43 44 -15 -12
right_child=1 2 -4 4 5 27 10 8 9 -11 45 12 13 42 15 -17 19 -19 -20 -21 -22 22 26 24 25 -27 -28 28 40 -31 37 -33 -34 34 -36 -37 -38 39 -40 -41 -42 -43 -44 -45 -46 -47
leaf_value=-0.20521670077914769 -0.18721150237525563 -0.15419570874906413 -0.062070615984539571 -0.22867422591166231 0.18745376939963834 -0.14120826641477602 0.19756527949293898 0.047207867187648016 -0.032503692871551401 -0.078373345533354413 0.10094763830593141 0.13875996112799086 -0.11069966488516798 -0.082288690370223683 -0.017252439228744646 -0.05056735239226761 -0.15367140514732666 -0.038524421948752642 0.0099094445539808854 -0.0099161555506557045 -0.040747324987172866 0.19854128720763314 0.20787690804037995 0.13090910268324721 -0.032425979515707255 -0.096141864549292078 0.092864492776955576 -0.19230411762018587 0.084487905376009698 -0.043427606589369408 -0.087131836788801598 0.11093738286342815 0.015231293213466193 -0.10340712409159709 0.077652155437319223 0.10496575449926665 -0.10869070024892032 -0.1699424668342992 0.040553325000184749 -0.043878193479762254 -0.040217136315618546 0.070326143527817603 -0.053799997469118822 0.10065711512311841 0.022414528954348974 -0.011506081445693428
leaf_weight=10.999999999999998 7.9999999999999991 6.9999999999999991 29 8.0000000000000018 10.000000000000005 10.999999999999998 13.999999999999998 13.999999999999998 12.999999999999998 8.9999999999999982 10.000000000000002 7.9999999999999991 12.999999999999998 6.999999999999992 7.0000000000000027 7.9999999999999991 9.0000000000000018 6.9999999999999991 7.9999999999999991 11.999999999999998 6.9999999999999991 6.9999999999999991 18 30 14.000000000000002 6.9999999999999991 17 8.0000000000000018 12.000000000000002 12.999999999999998 11.000000000000002 15.999999999999998 8.9999999999999982 7.9999999999999982 7 17 12.999999999999998 11.000000000000002 8.9999999999999982 8.9999999999999982 6.9999999999999991 10.999999999999998 11.999999999999998 9.9999999999999982 34.000000000000007 7.9999999999999991
leaf_count=11 8 7 29 8 10 11 14 14 13 9 10 8 13 7 7 8 9 7 8 12 7 7 18 30 14 7 17 8 12 13 11 16 9 8 7 17 13 11 9 9 7 11 12 10 34 8
internal_value=0.0015406 0.0261043 0.0304577 -0.0648476 -0.0535769 -0.0163136 0.0378498 0.030381 0.0454894 0.0573591 0.115105 -0.00946551 0.00259558 -0.0117377 0.0635917 0.0704182 -0.0240326 0.0673662 0.108546 -0.0715263 0.075949 0.0808114 0.0945454 0.0731471 0.0630575 0.0296173 0.152014 -0.0573332 -0.0342671 -0.100144 -0.100003 0.0510887 0.104214 0.0353836 -0.0189127 0.0693188 -0.1544 -0.0714443 -0.0296735 -0.113214 0.0385439 0.012785 0.00868316 0.0233852 0.00453809 0.0509684
internal_weight=548 400 392 148 137 76 363 331 240 205 32 91 84 76 196 183 35 25 18 21 175 168 129 94 87 48 35 51 40 21 61 41 39 39 15 24 21 40 20 20 19 25 63 51 41 18
internal_count=548 400 392 148 137 76 363 331 240 205 32 91 84 76 196 183 35 25 18 21 175 168 129 94 87 48 35 51 40 21 61 41 39 39 15 24 21 40 20 20 19 25 63 51 41 18
is_linear=0
shrinkage=0.0830273


Tree=6
num_leaves=47
num_cat=0
split_feature=12 2 0 12 6 13 1 9 5 8 12 3 11 11 7 0 3 2 2 4 6 7 12 9 12 12 8 4 4 4 0 11 0 5 12 1 10 3 8 3 8 7 2 6 1 10
split_gain=125.607 77.8577 34.0227 33.6837 30.0664 30.4621 26.9888 31.5421 27.0871 26.8516 31.7677 26.215 20.7617 29.2351 24.5937 21.8279 18.8389 17.8139 19.8262 34.6384 31.7463 23.7832 16.7754 15.8743 19.3162 16.0171 14.9444 14.2875 13.2084 13.1007 12.9211 12.5664 11.3523 11.2114 10.8789 10.4337 10.2399 11.1973 10.1477 9.63964 9.42761 8.38211 7.9784 7.39655 7.12982 6.92193
threshold=1.639285714285714 7.8000000000000052 35.550000000000004 0.87857142857142978 16.650000000000002 2.0054684888611711 89.15000000000002 4.7500000000000009 1.2125000000000001 0.11750000000000001 0.66428571428571392 0.99374995976406788 0.77857142857143014 2.0357142857142856 3950.0000000000005 58.850000000000001 0.9893236546938301 24.100000000000001 15.4 0.48877522411129343 7.8500000000000005 3875.5000000000005 0.95714285714285752 1.6500000000000024 2.532142857142857 3.024999999999999 0.22650000000000003 0.66367808336324663 0.071972700440407558 0.16587474750015926 74.750000000000014 3.8071428571428574 70.350000000000009 1.0000000180025095e-35 0.064285714285714918 97.600000000000009 0.1500000000000021 0.29342972903661901 0.12950000000000003 0.55656748448714433 0.17550000000000002 7680.0000000000009 15.450000000000005 10.950000000000001 83.250000000000014 3.7500000000000004
decision_type=2 2 2 2 2 2 2 2 2 2 2 2 2 2 2 2 2 2 2 2 2 2 2 2 2 2 2 2 2 2 2 2 2 2 2 2 2 2 2 2 2 2 2 2 2 2
left_child=2 -2 3 -1 5 9 8 26 11 10 34 16 15 14 -14 22 17 18 29 20 -20 -21 42 43 -25 -26 36 -12 31 32 44 -13 -3 45 -4 41 -8 -38 -16 -39 -19 -28 -7 -22 -11 -31
right_child=1 6 4 -5 -6 12 7 -9 -10 30 27 28 13 -15 38 -17 -18 40 19 21 23 -23 -24 24 25 -27 35 -29 -30 33 -32 -33 -34 -35 -36 -37 37 39 -40 -41 -42 -43 -44 -45 -46 -47
leaf_value=-0.31118108535563149 -0.18290601656801808 -0.064421534452365495 -0.056051377096997181 -0.073712038435542734 0.10893816230874258 -0.10558614513461305 0.0513720750200794 0.11885717191072505 -0.08055897748336352 0.040745566429306532 -0.050726559637513539 0.040195524662580383 0.072932384080766258 -0.1925149398486187 -0.14642041664443539 -0.21864405907584347 -0.090591096296877449 0.015835289380872038 -0.010011268771985982 0.088416733471880976 0.0024734792421606069 -0.062772424830051035 -0.18635794858140456 0.23629012917948106 0.063963920977626681 0.19265893976650633 0.11043023902487954 -0.19397240501719332 0.22994793664818938 0.11553607986702202 -0.0077127606468220889 0.18249946059986824 0.023689533752441306 -0.0028830681092907109 0.061203687671566268 -0.057628800130296955 -0.033354253154618617 -0.18824912846306427 -0.023523946449170437 -0.050458115105504769 -0.10540725013581319 0.013530279335908807 0.012599472233941924 0.1193389826150648 0.15924867539852833 0.028506229184364001
leaf_weight=7.0000000000000027 11.999999999999998 13.999999999999998 10.000000000000002 9.9999999999999982 7.9999999999999991 7.0000000000000062 6.9999999999999991 12.999999999999998 10.999999999999998 7.0000000000000018 8.0000000000000018 11.000000000000005 12.999999999999998 7.9999999999999991 8.0000000000000018 13.999999999999998 6.9999999999999991 12.000000000000002 11.999999999999998 13.000000000000002 6.9999999999999991 15.999999999999998 7.9999999999999991 15.999999999999998 15.000000000000002 11.999999999999998 10.000000000000002 11.999999999999998 6.9999999999999991 21.000000000000004 17 6.9999999999999991 36 12.999999999999998 11.999999999999998 7.9999999999999991 41 6.9999999999999982 10.999999999999998 7 6.9999999999999991 15.999999999999998 8.9999999999999982 7.9999999999999991 7 8.9999999999999982
leaf_count=7 12 14 10 10 8 7 7 13 11 7 8 11 13 8 8 14 7 12 12 13 7 16 8 16 15 12 10 12 7 21 17 7 36 13 12 8 41 7 11 7 7 16 9 8 7 9
internal_value=-0.00199061 0.0251671 -0.059855 -0.171495 -0.0479184 -0.0562288 0.0320456 -0.00251352 0.0468761 -0.017681 -0.0609424 0.0526448 -0.0923054 -0.0505541 -0.0150631 -0.136254 0.0434098 0.0478554 0.0554444 0.0813035 0.112914 0.00500207 -0.0881917 0.138347 0.164001 0.121163 -0.0189493 -0.136675 0.133173 0.0279168 0.0409311 0.0955371 -0.000981649 0.0615197 0.00790583 0.0252871 -0.0432081 -0.0552457 -0.0752707 -0.119355 -0.0288334 0.0508 -0.0391071 0.0648024 0.0999983 0.0894275
internal_weight=551 375 176 17 159 151 363 109 254 73 42 243 78 40 32 38 218 211 192 99 70 29 24 58 43 27 96 20 25 93 31 18 50 43 22 34 62 55 19 14 19 26 16 15 14 30
internal_count=551 375 176 17 159 151 363 109 254 73 42 243 78 40 32 38 218 211 192 99 70 29 24 58 43 27 96 20 25 93 31 18 50 43 22 34 62 55 19 14 19 26 16 15 14 30
is_linear=0
shrinkage=0.0830273


Tree=7
num_leaves=47
num_cat=0
split_feature=12 2 0 12 6 13 0 9 5 3 3 8 12 11 11 7 0 2 12 13 4 13 6 7 4 12 13 3 12 2 6 11 6 4 3 0 8 2 2 12 0 2 13 13 1 0
split_gain=105.616 65.4659 28.6078 28.3227 25.2811 25.6138 23.1593 25.9356 25.5781 26.6937 26.0328 22.578 26.7116 17.4573 24.5821 20.7909 18.3538 15.7839 14.1055 12.5069 12.0135 11.9308 11.9247 26.1161 18.7599 18.4132 15.6862 18.5446 16.3024 15.6447 13.3749 13.1526 11.5542 11.5517 11.4358 10.8646 10.7825 9.99521 9.35144 9.14745 8.49917 8.48086 8.19909 7.64606 7.5466 7.0476
threshold=1.639285714285714 7.8000000000000052 35.550000000000004 0.87857142857142978 16.650000000000002 2.0054684888611711 73.750000000000014 3.4500000000000033 1.0745000000000002 0.99552231814189462 0.99818282439137029 0.11750000000000001 0.66428571428571392 0.77857142857143014 2.0357142857142856 4004.5000000000005 58.850000000000001 25.100000000000005 0.95714285714285752 3.1365353434305496 0.66367808336324663 1.1756444589089803 8.7500000000000018 3875.5000000000005 0.78724360164103002 3.1464285714285718 1.7032876189011332 0.55656748448714433 3.024999999999999 18.600000000000005 9.5500000000000025 2.5142857142857147 11.850000000000003 -0.99052477729077237 0.8697513045430848 74.750000000000014 0.12950000000000003 15.4 26.550000000000001 0.064285714285714918 71.950000000000017 23.150000000000009 2.5289625824084427 2.0541479489289016 85.250000000000014 63.20000000000001
decision_type=2 2 2 2 2 2 2 2 2 2 2 2 2 2 2 2 2 2 2 2 2 2 2 2 2 2 2 2 2 2 2 2 2 2 2 2 2 2 2 2 2 2 2 2 2 2
left_child=2 -2 3 -1 5 11 8 21 9 17 -11 12 39 16 15 19 18 22 -7 -15 -14 -8 23 -3 26 29 27 40 34 31 -28 -25 43 -23 -29 -13 -17 42 -19 -4 -24 44 -34 -32 -31 -45
right_child=1 6 4 -5 -6 13 7 -9 -10 10 -12 35 20 14 -16 36 -18 38 -20 -21 -22 33 24 25 -26 -27 30 28 -30 41 32 -33 37 -35 -36 -37 -38 -39 -40 -41 -42 -43 -44 45 -46 -47
leaf_value=-0.28534512093994779 -0.16772001578444326 0.13445012395773437 -0.051397655310885235 -0.067592019494285588 0.099893492092357539 -0.035860233820734368 -0.11271348545710366 0.064036244285934851 -0.076799085882993751 0.26916824221349434 0.067694161487882404 0.091695928027553511 -0.046514949348606748 0.14054591429472726 -0.17653124627862188 -0.15338739778832952 -0.20049083247712279 -0.1137188236278746 -0.1708854431340166 -0.016403086885460331 -0.17786760310584593 0.058137123812745585 0.1121001421778438 -0.021509709726995577 -0.074819867206389487 -0.12197819307817886 0.18091163158695345 -0.031160354703231006 -0.13018266448972748 -0.12116169606447805 0.093824684233384498 0.11031514124899471 0.090100448008057665 -0.036777292742820988 0.10237243082792322 -0.007072396187534173 -0.021570842126505986 0.12506298322586912 0.021994341381705289 0.056122175958487369 0.015635527651461621 0.034658213871802651 -0.021353379515311126 0.051476295516189631 -0.015179823811715388 -0.044829313512695208
leaf_weight=7.0000000000000027 11.999999999999998 10.999999999999998 10.000000000000002 9.9999999999999982 7.9999999999999991 16.000000000000004 10.999999999999998 26 11.999999999999998 7.0000000000000027 11.999999999999998 14.000000000000002 8.0000000000000018 6.9999999999999982 7.9999999999999991 7.0000000000000027 13.999999999999998 6.9999999999999982 7.9999999999999991 7 11.999999999999998 10.999999999999998 17.000000000000004 8.0000000000000018 6.9999999999999991 7.9999999999999991 8.9999999999999982 12.000000000000005 6.9999999999999991 8.0000000000000053 10.000000000000002 14.999999999999998 13.000000000000002 45 6.9999999999999991 17 10.999999999999998 34 7 11.999999999999998 9.9999999999999982 9.9999999999999982 6.9999999999999991 11.000000000000002 10.999999999999998 9.9999999999999982
leaf_count=7 12 11 10 10 8 16 11 26 12 7 12 14 8 7 8 7 14 7 8 7 12 11 17 8 7 8 9 12 7 8 10 15 13 45 7 17 11 34 7 12 10 10 7 11 11 10
internal_value=-0.00182534 0.0230775 -0.0548854 -0.157257 -0.0439399 -0.0515603 0.029385 -0.00634814 0.041693 0.0472043 0.141923 -0.016213 -0.0558826 -0.0846417 -0.0463568 -0.0138125 -0.124941 0.0396743 -0.0808695 0.062072 -0.125327 -0.0336616 0.0449966 0.0168462 0.0579751 -0.00471478 0.0642987 0.0281786 -0.0218693 0.013326 0.0846642 0.0644631 0.074473 -0.0181333 0.0180363 0.0375328 -0.0728338 0.0976664 -0.0458626 0.00724942 0.0763729 -0.0272311 0.0510916 0.0340711 -0.0598045 0.0056164
internal_weight=551 375 176 17 159 151 363 93 270 258 19 73 42 78 40 32 38 239 24 14 20 67 225 71 154 60 147 53 26 52 94 23 85 56 19 31 18 54 14 22 27 29 20 31 19 21
internal_count=551 375 176 17 159 151 363 93 270 258 19 73 42 78 40 32 38 239 24 14 20 67 225 71 154 60 147 53 26 52 94 23 85 56 19 31 18 54 14 22 27 29 20 31 19 21
is_linear=0
shrinkage=0.0830273


Tree=8
num_leaves=47
num_cat=0
split_feature=12 2 2 8 0 12 13 6 13 10 0 5 3 7 9 6 10 12 4 11 2 2 11 11 6 0 8 9 11 3 13 1 6 2 10 12 4 12 10 6 11 6 0 2 6 6
split_gain=88.8059 55.0464 24.7232 30.9255 31.8725 34.5027 33.6031 27.7745 20.5625 21.221 19.4733 22.3894 33.3741 22.1694 21.8076 20.905 16.4572 15.1061 14.8679 13.3448 13.188 12.2358 16.3695 12.0376 11.8959 11.7228 13.3025 10.5309 10.4118 10.0367 10.0319 10.2044 9.67488 11.9454 9.55224 11.0558 9.32347 8.12989 15.7064 7.39703 10.8796 9.19367 8.57177 7.0286 6.90982 8.9791
threshold=1.639285714285714 7.8000000000000052 8.8000000000000025 0.054500000000000007 66.050000000000011 1.2642857142857142 2.1957208925734304 12.450000000000001 2.9566704304836713 -1.0499999999999969 73.750000000000014 0.10050000000000002 0.99552231814189462 3337.0000000000005 3.4500000000000033 9.0500000000000025 2.7500000000000004 3.1464285714285718 0.58307701883076835 3.5428571428571431 16.850000000000005 18.600000000000005 2.5142857142857147 -0.24999999999999992 13.350000000000003 75.15000000000002 0.14550000000000002 -0.95000000000000273 2.3000000000000007 0.2603727204637144 1.1756444589089803 97.600000000000009 9.2500000000000018 24.100000000000001 1.0000000180025095e-35 3.1892857142857145 0.73136292505298039 2.1214285714285723 1.4000000000000024 11.850000000000003 3.7214285714285702 11.050000000000002 66.950000000000017 15.700000000000001 13.950000000000001 11.350000000000003
decision_type=2 2 2 2 2 2 2 2 2 2 2 2 2 2 2 2 2 2 2 2 2 2 2 2 2 2 2 2 2 2 2 2 2 2 2 2 2 2 2 2 2 2 2 2 2 2
left_child=2 -2 36 7 5 8 25 -4 9 23 11 12 13 20 30 17 28 21 32 -14 -3 22 -15 -5 -18 26 -6 -11 -13 -20 -12 34 -17 39 -32 -36 -1 -23 -39 41 -41 42 -34 -16 45 -29
right_child=1 10 3 4 6 -7 -8 -9 -10 27 14 16 19 15 43 18 24 -19 29 -21 -22 37 -24 -25 -26 -27 -28 44 -30 -31 31 -33 33 -35 35 -37 -38 38 -40 40 -42 -43 -44 -45 -46 -47
leaf_value=-0.076845846232773449 -0.15379485395586476 0.058377265529592999 0.13732480872976752 -0.090761173762818032 0.0063468362403683023 -0.19419120464827444 -0.13321222411251452 -0.045324450856871229 0.045166227973330204 0.03567079904802016 -0.10335532020869864 0.11854769733680304 0.097371592106067509 -0.029893042368800065 0.0083089619218946944 0.15739568951414579 0.022486414239389359 -0.095574270871189929 0.046992678564332625 0.25022420322576622 0.18190122327671532 -0.094133806941330597 0.11362756981391842 -0.24474119901241115 -0.10859273367867132 -0.014140951004373249 0.14245490360683224 -0.077109150338067992 -0.0054680000131476451 -0.080818939061787692 0.08656200715546232 -0.11039774627050471 0.12708048954500853 -0.029581620523953144 -0.038860738415368669 0.069619917420197866 -0.18761804823107844 0.098374752153177897 -0.041442490262464854 0.10164597206345813 -0.0097926409131847102 -0.035602480359483733 0.02579555183558201 0.09568668450611377 -0.14366099733180823 0.030285301173338327
leaf_weight=10.000000000000002 11.999999999999998 13.000000000000002 12.000000000000002 7 9.0000000000000018 15.999999999999998 9.9999999999999982 10.999999999999998 10.999999999999998 7.999999999999992 10.999999999999998 7.0000000000000027 8.9999999999999982 9.0000000000000018 11.000000000000002 6.9999999999999991 7.0000000000000027 10.999999999999998 8.0000000000000018 6.9999999999999991 10.999999999999998 7.9999999999999991 13.999999999999998 6.9999999999999982 14.999999999999998 15.999999999999998 10.999999999999998 23.000000000000011 13.999999999999998 8.9999999999999982 6.9999999999999991 6.9999999999999991 9.0000000000000018 9.9999999999999982 34 7.9999999999999991 10.999999999999998 8.0000000000000018 18 44 6.9999999999999991 8.9999999999999982 15.999999999999998 14.999999999999998 6.9999999999999991 6.9999999999999991
leaf_count=10 12 13 12 7 9 16 10 11 11 8 11 7 9 9 11 7 7 11 8 7 11 8 14 7 15 16 11 23 14 9 7 7 9 10 34 8 11 8 18 44 7 9 16 15 7 7
internal_value=-0.00167381 0.0211615 -0.0503285 -0.0388743 -0.054355 -0.0841931 0.00142926 0.049971 -0.0590503 -0.0784806 0.0269452 0.0382314 0.0486374 0.0398707 -0.00582107 0.0302292 -0.0167022 -0.00649432 0.051214 0.164246 0.114993 0.0106967 0.0574674 -0.167753 -0.0668858 0.0388301 0.0812069 -0.0507064 0.035871 -0.0206723 -0.0308668 -0.0166277 0.0631951 0.0562537 -0.00323163 -0.0181975 -0.13487 -0.0209423 0.00157845 0.0663521 0.0863505 0.0363542 0.0622587 0.0587195 -0.0693827 -0.0520504
internal_weight=551 375 176 155 132 86 46 23 70 59 363 270 227 211 93 187 43 68 119 16 24 57 23 14 22 36 20 45 21 17 67 56 102 95 49 42 21 34 26 85 51 34 25 26 37 30
internal_count=551 375 176 155 132 86 46 23 70 59 363 270 227 211 93 187 43 68 119 16 24 57 23 14 22 36 20 45 21 17 67 56 102 95 49 42 21 34 26 85 51 34 25 26 37 30
is_linear=0
shrinkage=0.0830273


Tree=9
num_leaves=47
num_cat=0
split_feature=12 2 0 12 6 13 0 5 3 3 9 8 12 11 11 8 0 2 12 7 13 11 3 10 4 4 4 2 2 10 11 3 4 6 13 8 6 13 8 4 11 12 13 2 10 4
split_gain=74.6716 46.2853 22.3037 22.2297 20.1409 18.4906 16.3739 19.238 18.7943 22.0552 18.3368 16.2495 21.544 13.8887 19.5076 15.8831 13.872 11.5705 11.4896 10.3111 16.5268 10.7961 12.3959 11.804 9.64704 9.3302 9.03495 9.27745 13.3161 11.3278 13.7994 13.5655 12.3005 9.9603 9.61465 16.9977 8.99627 8.8137 8.69385 7.60253 7.56448 7.45715 7.26442 7.15481 6.49398 6.18917
threshold=1.639285714285714 7.8000000000000052 35.550000000000004 0.87857142857142978 16.650000000000002 2.0054684888611711 73.750000000000014 0.97350000000000014 0.99552231814189462 0.99818282439137029 3.4500000000000033 0.11750000000000001 0.66428571428571392 0.77857142857143014 2.0357142857142856 0.074500000000000011 58.850000000000001 25.100000000000005 0.95714285714285752 7261.0000000000009 2.0541479489289016 1.7428571428571429 0.24372619187392147 0.4500000000000029 0.66367808336324663 -0.99273797715557011 -0.59867820553660911 18.000000000000007 15.750000000000002 3.8499999999999983 2.3785714285714299 0.2603727204637144 0.45082531555062549 12.550000000000002 1.5891746725802236 0.19250000000000003 8.2500000000000018 1.1756444589089803 0.13050000000000003 -0.59867820553660911 2.8571428571428572 0.064285714285714918 1.6915754788545994 26.550000000000001 2.1500000000000026 -0.7614016681079937
decision_type=2 2 2 2 2 2 2 2 2 2 2 2 2 2 2 2 2 2 2 2 2 2 2 2 2 2 2 2 2 2 2 2 2 2 2 2 2 2 2 2 2 2 2 2 2 2
left_child=2 -2 3 -1 5 11 7 8 17 -10 25 12 41 16 15 -15 18 19 -7 21 -21 22 -3 -23 -14 -8 42 28 29 30 31 -28 -32 -30 35 -29 -13 -27 -31 -38 44 -4 -25 -19 -36 -12
right_child=1 6 4 -5 -6 13 10 -9 9 -11 45 36 24 14 -16 -17 -18 43 -20 20 -22 23 -24 26 -26 37 27 34 33 38 32 -33 -34 -35 40 -37 39 -39 -40 -41 -42 -43 -44 -45 -46 -47
leaf_value=-0.2500180935277328 -0.14102584221022496 0.022977783980225885 -0.043162882074276272 -0.057104221808100306 0.091895721304250749 -0.02840316518559094 0.029383634505898353 -0.063482586088524057 0.23662832718290888 0.051184147631275642 0.078432063681018169 0.097156357851272773 -0.038650378509628089 0.078505420236543458 -0.1532087130398401 -0.0476917745908974 -0.17302089364699585 -0.098882428699527763 -0.15026676531832545 0.1646892427201718 0.028693725796020291 0.095937754756789895 0.1218409184200088 -0.10667703831703827 -0.15635703124979899 -0.13161122009127507 0.050778125312190871 -0.13370822648160785 0.044085493767504084 -0.06978391061530817 0.036019797384816171 -0.099920695226223488 0.15161195174636555 0.16448233826550346 0.026548094531447707 0.038796796228062792 -0.050917887433452963 -0.031462866644779278 0.036371537024185926 0.049107492989028723 0.059172457413467376 0.053916015395870105 0.0091390838470642617 0.019826052257773147 -0.073812612777691355 -0.012894078723168322
leaf_weight=7.0000000000000027 11.999999999999998 17 10.000000000000002 9.9999999999999982 7.9999999999999991 16.000000000000004 14.999999999999998 12.999999999999998 7.0000000000000027 11.999999999999998 19.000000000000004 10.000000000000002 8.0000000000000018 9.9999999999999982 7.9999999999999991 22 13.999999999999998 6.9999999999999982 7.9999999999999991 11.000000000000002 13.999999999999998 13.999999999999998 18 6.9999999999999991 11.999999999999998 6.9999999999999991 10.000000000000002 8.9999999999999982 10.000000000000002 13.000000000000002 15.000000000000002 6.9999999999999991 10.999999999999998 8.9999999999999982 10.000000000000002 6.9999999999999991 10.000000000000002 45 8.9999999999999982 10.999999999999998 17 11.999999999999998 7.9999999999999991 7 7.9999999999999991 6.9999999999999991
leaf_count=7 12 17 10 10 8 16 15 13 7 12 19 10 8 10 8 22 14 7 8 11 14 14 18 7 12 7 10 9 10 13 15 7 11 9 10 7 10 45 9 11 17 12 8 7 8 7
internal_value=-0.00153484 0.0194045 -0.04615 -0.136541 -0.0364854 -0.0432871 0.0247081 0.0350572 0.0400417 0.119507 -0.00533776 -0.0132544 -0.0469083 -0.0713946 -0.0372462 -0.00825491 -0.10734 0.0336978 -0.0690251 0.0382745 0.0885325 0.0319606 0.073822 0.0230267 -0.109275 -0.028304 0.0162215 0.0230138 0.0399733 0.0221005 0.0468926 -0.0112746 0.0849248 0.101117 -0.00491947 -0.0582375 0.0323412 -0.0449448 -0.0263566 0.00147625 0.0194546 0.00978917 -0.0449088 -0.0395285 -0.0180568 0.0538443
internal_weight=551 375 176 17 159 151 363 270 257 19 93 73 42 78 40 32 38 238 24 224 25 199 35 164 20 67 150 135 84 65 43 17 26 19 51 16 31 52 22 21 35 22 15 14 18 26
internal_count=551 375 176 17 159 151 363 270 257 19 93 73 42 78 40 32 38 238 24 224 25 199 35 164 20 67 150 135 84 65 43 17 26 19 51 16 31 52 22 21 35 22 15 14 18 26
is_linear=0
shrinkage=0.0830273


Tree=10
num_leaves=47
num_cat=0
split_feature=12 2 2 8 11 0 6 11 6 11 9 0 5 3 7 6 9 12 12 4 10 13 6 6 2 12 11 2 8 12 2 0 9 6 4 10 13 11 4 0 8 4 10 11 10 2
split_gain=62.787 38.9186 19.7376 24.8732 23.9028 26.6829 22.5437 18.6149 18.9968 18.3183 20.2285 13.7679 16.9757 25.1411 17.7729 16.1774 15.4183 13.2044 11.9022 11.7129 11.4119 11.3398 20.0887 11.3307 11.0159 10.9171 10.718 10.4693 10.4426 9.70455 8.63633 11.6144 8.47967 8.47302 7.84521 7.63674 8.59552 13.5035 7.27933 7.10722 13.0671 6.73514 6.66095 6.4362 5.9711 5.5561
threshold=1.639285714285714 7.8000000000000052 8.8000000000000025 0.054500000000000007 0.73571428571428565 35.550000000000004 12.450000000000001 1.8428571428571436 13.950000000000001 -0.48571428571428543 -0.24999999999999992 73.750000000000014 0.10050000000000002 0.99552231814189462 3337.0000000000005 8.7500000000000018 3.4500000000000033 2.7142857142857144 3.1464285714285718 0.58307701883076835 1.6500000000000024 1.6915754788545994 9.2500000000000018 14.950000000000001 14.65 3.024999999999999 3.5428571428571431 16.850000000000005 0.12450000000000001 2.0571428571428574 18.600000000000005 71.550000000000011 3.2500000000000004 15.15 -0.99273797715557011 3.9000000000000026 1.6514783370548356 2.1142857142857152 0.73136292505298039 59.750000000000007 0.19450000000000003 0.69521084835931835 0.75000000000000011 1.1285714285714288 0.95000000000000295 15.700000000000001
decision_type=2 2 2 2 2 2 2 2 2 2 2 2 2 2 2 2 2 2 2 2 2 2 2 2 2 2 2 2 2 2 2 2 2 2 2 2 2 2 2 2 2 2 2 2 2 2
left_child=2 -2 38 6 5 -5 -4 8 42 -7 -11 12 13 14 27 18 34 23 28 21 -9 29 -23 -14 -19 33 -15 -3 -16 -17 31 -30 -12 -24 -13 36 37 -36 -1 -31 -41 -21 43 -6 -32 -18
right_child=1 11 3 4 7 9 -8 20 -10 10 32 16 17 26 15 19 45 24 -20 41 -22 22 25 -25 -26 -27 -28 -29 30 39 44 -33 -34 -35 35 -37 -38 -39 -40 40 -42 -43 -44 -45 -46 -47
leaf_value=-0.066585846922108755 -0.12931699477394348 0.050417255882165682 0.12629416901923157 -0.23456192306934856 0.0029222856555604498 0.033526438851923343 -0.038259540548933754 -0.026742766568596411 0.14114717562371365 -0.15484437021270231 -0.016891586674557573 0.026944014825295674 0.090179383187361628 0.081616136252127214 -0.08213091355628406 0.088908778221453474 0.0045537618469273459 -0.016627161263861608 -0.098286122079181248 -0.083714507260911133 -0.16809086341593091 0.20495497503308591 0.016240205359164914 -0.035435985175778478 -0.13727016230198286 0.10617644096188805 0.21860108308840309 0.16047474833722292 0.1493718636319358 -0.07629116895923177 0.051975464726273658 0.0099302720516178545 -0.11671051674850649 0.11070446929390698 -0.040943630415160637 0.020214838803142756 -0.020593852494637424 -0.18020297701008003 -0.16446445169023094 -0.041722061370018756 0.09773556912848573 0.020464715840379233 0.016363251021837177 -0.10966723390977623 -0.033532141098795668 0.082241220481638649
leaf_weight=10.000000000000002 11.999999999999998 13.000000000000002 12.000000000000002 6.9999999999999991 6.9999999999999982 10.999999999999998 10.999999999999998 8.9999999999999982 6.9999999999999991 17.999999999999996 22.000000000000007 14.999999999999998 11.000000000000002 8.9999999999999982 7.9999999999999991 8.9999999999999982 11.000000000000002 15.000000000000002 8.9999999999999982 7.0000000000000027 6.9999999999999991 6.9999999999999991 36 8.9999999999999982 7.9999999999999991 21 6.9999999999999991 10.999999999999998 7.0000000000000027 8.0000000000000018 8.0000000000000018 9.9999999999999982 7.9999999999999991 7.9999999999999991 12.000000000000002 10.999999999999998 21 7.9999999999999991 10.999999999999998 11.000000000000002 7.9999999999999991 10.999999999999998 29 7 19 14.999999999999998
leaf_count=10 12 13 12 7 7 11 11 9 7 18 22 15 11 9 8 9 11 15 9 7 7 7 36 9 8 21 7 11 7 8 8 10 8 8 12 11 21 8 11 11 8 11 29 7 19 15
internal_value=-0.00140741 0.0177934 -0.0423183 -0.032084 -0.0459675 -0.0812986 0.0475948 -0.0106362 0.0143071 -0.0631142 -0.0852611 0.0226567 0.0321465 0.0412075 0.0335986 0.0249659 -0.00489459 -0.0156868 -0.0101315 0.0419575 -0.0885837 0.052292 0.0713157 0.0336525 -0.0585906 0.0569234 0.141549 0.100861 0.00512625 0.0142444 0.0209915 0.0673483 -0.0435105 0.0334159 -0.025954 -0.0412132 -0.0576939 -0.0966484 -0.117856 -0.010644 0.0169972 -0.0200497 -0.00634161 -0.0533729 -0.00819634 0.0493737
internal_weight=551 375 176 155 132 66 23 66 50 59 48 363 270 227 211 187 93 43 61 126 16 108 72 20 23 65 16 24 52 36 44 17 30 44 67 52 41 20 21 27 19 18 43 14 27 26
internal_count=551 375 176 155 132 66 23 66 50 59 48 363 270 227 211 187 93 43 61 126 16 108 72 20 23 65 16 24 52 36 44 17 30 44 67 52 41 20 21 27 19 18 43 14 27 26
is_linear=0
shrinkage=0.0830273


Tree=11
num_leaves=47
num_cat=0
split_feature=12 2 8 2 7 2 1 9 8 1 5 6 6 12 13 10 8 6 0 0 3 4 13 6 10 11 1 8 12 12 13 11 4 7 2 6 10 1 1 4 9 9 0 4 10 4
split_gain=53.1586 33.7915 18.4647 30.1026 27.9535 22.1107 17.7804 13.9542 16.4216 16.0578 16.3953 13.8569 13.6884 13.6676 13.0187 12.5432 12.1919 11.7736 11.6533 19.5875 11.2779 11.1577 11.0159 10.5735 9.83025 9.25369 8.58918 8.43697 8.16076 13.4613 12.1445 10.1944 7.67693 7.61924 15.3123 7.49886 7.30533 6.45733 11.4946 10.3264 6.07064 7.07711 9.31272 5.01926 4.86465 4.60472
threshold=1.8142857142857156 7.8000000000000052 0.12700000000000003 16.850000000000005 3807.5000000000005 8.8000000000000025 61.650000000000013 4.7500000000000009 0.11750000000000001 89.15000000000002 1.2125000000000001 7.8500000000000005 13.450000000000001 1.053571428571429 1.830170431824262 2.5999999999999983 0.22150000000000003 11.450000000000001 48.300000000000004 57.250000000000007 0.34235194516023087 0.071972700440407558 2.3701014001735792 14.050000000000002 0.54999999999999727 1.2857142857142863 97.15000000000002 0.056500000000000009 4.1642857142857155 3.175000000000002 2.0330015333654479 3.4142857142857146 0.68274389090025245 3337.0000000000005 17.600000000000001 8.6500000000000004 1.4000000000000024 88.250000000000014 86.950000000000017 -0.52765736634565841 0.099999999999997854 3.3499999999999983 66.250000000000014 -0.39036009226888668 3.7500000000000004 -0.074115882986646578
decision_type=2 2 2 2 2 2 2 2 2 2 2 2 2 2 2 2 2 2 2 2 2 2 2 2 2 2 2 2 2 2 2 2 2 2 2 2 2 2 2 2 2 2 2 2 2 2
left_child=2 -2 4 12 5 32 27 9 15 10 28 -5 17 18 -10 -9 20 -4 -8 -20 36 43 -21 24 -6 -15 35 -7 29 31 -31 33 -1 34 -3 -13 -11 38 39 -35 -41 45 -43 -16 -38 -42
right_child=1 7 3 11 23 6 13 8 14 16 -12 26 -14 25 21 -17 -18 -19 19 22 -22 -23 -24 -25 -26 -27 -28 -29 -30 30 -32 -33 -34 37 -36 -37 44 -39 -40 40 41 42 -44 -45 -46 -47
leaf_value=-0.037324834734778038 -0.11858028885027791 0.024307355829406345 0.09259499799928507 0.065096410699453988 -0.17050606771312654 0.14269325586839191 -0.096912850251868563 0.068663515625938323 0.019495304916687963 0.029284849779938827 -0.074485446929790242 -0.10977221870977383 0.17273780821607621 -0.15270573174889041 0.12640032254502551 -0.057241382102349948 0.023857137688685248 -0.047798379311880551 0.10605190687482227 0.027814529709815131 -0.11412361647961804 0.20292573951717924 -0.090176586451895524 -0.026841103145169281 -0.082465280160970711 -0.032901902039821587 -0.12790105609059357 0.013785206271340184 0.1226558274297657 -0.096958570483569678 0.02692909998760111 0.13140434499293516 -0.14673471344952521 0.10153808028980819 0.16311683499645865 -0.0084975746470495848 -0.069964559232663689 0.090027972492905547 -0.060099256894439339 -0.032970474733813544 0.0012900581327420682 -0.091072561626300064 0.033789497889134781 0.045124688901714928 0.0022604456307132401 0.058348644764498775
leaf_weight=7.0000000000000027 11.999999999999998 14.000000000000002 10.000000000000005 6.9999999999999991 18 6.9999999999999982 6.9999999999999991 10.000000000000002 12.999999999999998 13.999999999999998 9.9999999999999982 7.0000000000000027 6.9999999999999991 8.0000000000000018 11.000000000000002 11.999999999999998 35 6.9999999999999991 11.999999999999998 12.000000000000002 10.999999999999998 7.9999999999999991 9.9999999999999982 8.9999999999999982 17 9.9999999999999982 9.9999999999999982 7 6.9999999999999991 10.000000000000002 11.999999999999998 7.9999999999999991 11.999999999999998 11.999999999999998 8.9999999999999982 18 18.000000000000004 9.9999999999999982 10.999999999999998 12.999999999999998 12.999999999999984 7.0000000000000027 9.9999999999999982 10.000000000000002 9.9999999999999982 39.000000000000014
leaf_count=7 12 14 10 7 18 7 7 10 13 14 10 7 7 8 11 12 35 7 12 12 11 8 10 9 17 10 10 7 7 10 12 8 12 12 9 18 18 10 11 13 13 7 10 10 10 39
internal_value=-0.00129056 0.0183293 -0.0351881 0.000845911 -0.0526753 -0.0266435 -0.00587786 0.0232044 0.0580983 0.0150241 0.0289121 -0.041541 0.0750228 -0.0258383 0.0885368 -1.17216e-05 -0.0141721 0.0347859 0.000639792 0.0207246 -0.0392857 0.119486 -0.025818 -0.107105 -0.127744 -0.086149 -0.0628687 0.0782402 0.0348206 0.0311607 -0.0293837 0.0402838 -0.106427 0.0350013 0.0786249 -0.036855 -0.019685 0.0262765 0.0202048 0.0296022 0.0190748 0.0288805 -0.0176245 0.0876983 -0.04417 0.0440841
internal_weight=551 349 202 66 136 92 73 337 64 273 185 42 24 59 42 22 88 17 41 34 53 29 22 44 35 18 35 14 175 168 22 146 19 138 23 25 42 115 105 94 82 69 17 21 28 52
internal_count=551 349 202 66 136 92 73 337 64 273 185 42 24 59 42 22 88 17 41 34 53 29 22 44 35 18 35 14 175 168 22 146 19 138 23 25 42 115 105 94 82 69 17 21 28 52
is_linear=0
shrinkage=0.0830273


Tree=12
num_leaves=47
num_cat=0
split_feature=9 2 3 3 3 5 10 7 4 9 1 2 3 2 7 13 7 11 3 6 0 4 11 10 8 2 12 7 0 9 0 1 12 7 11 11 12 13 9 10 3 11 6 10 9 10
split_gain=55.5805 37.8167 51.4336 40.7019 36.8673 30.2772 25.9204 24.7759 24.8883 24.048 22.294 21.3338 21.8582 19.2831 17.9691 17.229 16.1058 15.9433 15.4831 14.7164 13.9503 13.6743 19.7701 15.4519 12.176 11.4659 15.7837 10.0195 10.7063 9.83971 9.76552 8.69086 8.50558 11.5466 7.83734 13.983 7.43059 7.27922 7.13165 6.84754 11.3685 6.76601 6.70414 6.08124 5.61429 5.57069
threshold=-2.5499999999999967 14.049999999999999 1.0000000180025095e-35 -0.61237985104942771 0.99053107487289871 0.12850000000000003 -1.4000000000000019 3945.5000000000005 0.24164313636530541 5.049999999999998 78.250000000000014 6.8000000000000016 0.93237596376505805 22.650000000000009 3861.5000000000005 1.7984119199570798 3070.0000000000005 0.34999999999999937 0.70290292807158605 16.450000000000003 52.20000000000001 0.78724360164103002 1.8214285714285716 1.0499999999999974 0.068500000000000019 16.950000000000003 1.9821428571428574 5289.5000000000009 77.050000000000011 4.0999999999999988 71.450000000000017 72.950000000000017 2.5107142857142857 6633.5000000000009 2.0071428571428584 2.7642857142857147 1.2892857142857144 1.4307837589392511 5.2500000000000009 3.7500000000000004 -0.85227431625818906 3.5142857142857147 8.5500000000000025 2.4500000000000033 0.84999999999999798 1.2500000000000002
decision_type=2 2 2 2 2 2 2 2 2 2 2 2 2 2 2 2 2 2 2 2 2 2 2 2 2 2 2 2 2 2 2 2 2 2 2 2 2 2 2 2 2 2 2 2 2 2
left_child=-1 3 9 30 6 7 -5 16 19 10 13 -8 21 17 -12 -10 -4 -3 -18 29 -19 34 23 -23 -7 26 -16 42 44 32 43 -17 33 -9 36 -36 -13 -30 -31 40 -32 -40 -27 -2 -29 -34
right_child=1 2 5 4 -6 24 11 8 15 -11 14 12 -14 -15 25 31 18 20 -20 -21 -22 22 -24 -25 -26 27 -28 28 37 38 39 -33 45 -35 35 -37 -38 -39 41 -41 -42 -43 -44 -45 -46 -47
leaf_value=-0.14671675443588186 0.037157297561813886 0.04117371855682439 0.065833298742665594 0.073661338174149632 0.083770754699730957 -0.12751667536702554 -0.2117015169568382 0.020558962089048942 -0.08905987480459418 0.10798380786871305 0.099856251775432225 -0.029015478394828147 -0.21084779737150755 -0.19581640898055361 0.11135412625520259 0.064451187857343606 0.26531478818468346 -0.012446731802467565 0.10196185577109203 0.16684765103399032 -0.15954363514041098 -0.12972717867301037 -0.22291850401337246 -0.0017141116912692256 0.0026687401486687875 -0.035871502201700642 -0.021614481330952829 0.070937566902591953 -0.0075751196538548626 0.1306028147245806 -0.00080130719367378265 -0.025729680649317153 -0.034889537782057813 0.15355625454150257 0.052797031358109252 -0.058784851713226005 -0.14054980507086784 -0.11166274664187796 0.015006398048275634 -0.057355495995977071 0.12137530562770348 0.119424857605399 -0.14713369977509894 0.13953149299948897 -0.0089734797113174922 0.034224392430327037
leaf_weight=17 7.9999999999999991 9.0000000000000018 15.999999999999998 7.9999999999999991 11.999999999999998 8.0000000000000018 7.9999999999999991 9.0000000000000018 12.999999999999998 9.9999999999999982 9.9999999999999982 10.000000000000002 6.9999999999999991 7.9999999999999991 10.000000000000002 17.000000000000004 7.9999999999999991 8.0000000000000018 7.9999999999999991 8.9999999999999982 9.9999999999999982 13.000000000000002 6.9999999999999991 12.999999999999998 12.999999999999998 6.9999999999999991 15.999999999999998 7.9999999999999991 8.0000000000000018 17 21 12.999999999999998 9.9999999999999982 8.9999999999999982 15.000000000000002 15.999999999999998 6.9999999999999991 10.999999999999998 11.000000000000002 7.9999999999999991 7.0000000000000027 6.9999999999999991 7.9999999999999991 7.9999999999999991 25 41
leaf_count=17 8 9 16 8 12 8 8 9 13 10 10 10 7 8 10 17 8 8 8 9 10 13 7 13 13 7 16 8 8 17 21 13 10 9 15 16 7 11 11 8 7 7 8 8 25 41
internal_value=0.00103596 0.00582038 0.0211067 -0.0266631 -0.054025 0.0476264 -0.0699246 0.0581881 0.0445369 -0.0163433 -0.0253526 -0.0818902 -0.0700888 -0.0826005 -0.00589938 -0.00922326 0.124737 -0.049054 0.18364 0.0649943 -0.094168 -0.0579241 -0.0990669 -0.0657211 -0.0469262 -0.0172711 0.0295276 -0.0354319 -0.0181872 0.0561798 0.0343749 0.0253728 0.0379908 0.0870584 -0.0296381 -0.00479356 -0.0749423 -0.0678369 0.0920378 0.0103878 0.0297433 0.0556143 -0.0952123 0.0883453 0.0103991 0.0206725
internal_weight=542 525 357 168 116 209 104 188 156 148 138 96 88 35 103 43 32 27 16 113 18 81 33 26 21 93 26 67 52 104 52 30 69 18 48 31 17 19 35 36 28 18 15 16 33 51
internal_count=542 525 357 168 116 209 104 188 156 148 138 96 88 35 103 43 32 27 16 113 18 81 33 26 21 93 26 67 52 104 52 30 69 18 48 31 17 19 35 36 28 18 15 16 33 51
is_linear=0
shrinkage=0.0830273


Tree=13
num_leaves=47
num_cat=0
split_feature=9 2 3 3 3 5 10 7 4 9 2 3 13 12 2 13 8 2 8 2 2 6 4 9 8 11 7 9 9 0 3 1 12 7 3 8 1 7 3 6 12 10 3 11 6 10
split_gain=46.7343 31.7979 43.2475 34.2239 30.9995 25.4583 21.7949 20.8326 20.9271 20.2983 17.9383 18.3793 16.1211 18.5188 27.554 14.4868 14.2276 14.0472 12.6497 13.8966 15.4657 12.3742 10.6326 10.4115 10.2381 9.04308 9.32891 8.4441 8.27363 8.21126 7.79007 7.30763 7.15185 9.70889 6.40235 6.66389 6.37809 9.91849 9.83228 7.83733 5.76251 5.7577 9.55908 5.30157 5.26915 5.11335
threshold=-2.5499999999999967 14.049999999999999 1.0000000180025095e-35 -0.61237985104942771 0.99053107487289871 0.12850000000000003 -1.4000000000000019 3945.5000000000005 0.24164313636530541 4.2500000000000009 6.8000000000000016 0.93237596376505805 2.7710625391121813 2.4928571428571429 22.650000000000009 1.7984119199570798 0.08950000000000001 21.450000000000006 0.051500000000000004 10.750000000000002 9.7500000000000018 16.450000000000003 0.73136292505298039 2.5999999999999983 0.068500000000000019 0.84999999999999931 3224.0000000000005 2.4500000000000033 4.0999999999999988 71.450000000000017 -0.86976336936302323 72.950000000000017 2.5107142857142857 6633.5000000000009 0.92273069556937581 0.20550000000000002 97.750000000000014 7160.0000000000009 -0.8041866928211282 10.850000000000003 1.4071428571428577 3.7500000000000004 -0.85227431625818906 2.6642857142857146 11.550000000000002 2.4500000000000033
decision_type=2 2 2 2 2 2 2 2 2 2 2 2 2 2 2 2 2 2 2 2 2 2 2 2 2 2 2 2 2 2 2 2 2 2 2 2 2 2 2 2 2 2 2 2 2 2
left_child=-1 3 9 29 6 7 -5 17 21 12 -8 18 13 14 16 -10 -3 25 -12 20 -20 28 -21 44 -7 -4 -27 -24 32 45 -11 -17 33 -9 -30 -36 37 38 39 -18 -22 42 -31 -34 -15 -2
right_child=1 2 5 4 -6 24 10 8 15 30 11 -13 -14 23 -16 31 36 -19 19 22 40 -23 27 -25 -26 26 -28 -29 34 41 -32 -33 43 -35 35 -37 -38 -39 -40 -41 -42 -43 -44 -45 -46 -47
leaf_value=-0.13453536689787357 0.034072286011927133 0.10934890022545904 0.0051960870363879554 0.06754555098413359 0.076815583623486533 -0.11692950745602716 -0.1941248471745978 0.018852036230378465 -0.081665561138613507 0.11461767463999598 -0.14591769467419197 -0.19334205644009114 -0.12323712624164378 -0.0031356146402522944 -0.11820625356574956 0.059100027714708625 0.0064461524345167786 0.21833916807501969 -0.059633744957585215 -0.035267550952960469 0.012859963716813711 0.15299497297129969 -0.074703097897097281 -0.16739136459290599 0.0024471644988243351 0.062947689708333976 0.18323845373982833 -0.18944977633486748 0.11514918460353045 -0.00073477777436611923 0.010982613414256173 -0.023593440132196952 -0.018901263351442689 0.14080710790631373 -0.0083743501911272885 0.1025514615626469 -0.066291823252847173 0.088206052680492086 -0.036823252576604806 0.10998111934518476 0.11939513603332383 -0.052593515948145424 0.11129805949988117 0.037884915765889787 -0.092978644345338771 0.12794678708188095
leaf_weight=17 7.9999999999999991 9.9999999999999982 7.0000000000000027 7.9999999999999991 11.999999999999998 8.0000000000000018 7.9999999999999991 9.0000000000000018 12.999999999999998 10.000000000000002 8.9999999999999982 6.9999999999999991 10.999999999999998 9.0000000000000053 11.999999999999998 17.000000000000004 17.999999999999996 6.9999999999999991 13.000000000000002 26 6.9999999999999982 8.9999999999999982 12.000000000000002 6.9999999999999991 12.999999999999998 10.000000000000002 7.9999999999999991 6.9999999999999991 20 21 9.9999999999999982 12.999999999999998 17 8.9999999999999982 7.9999999999999982 7 7.9999999999999991 9.9999999999999982 27.000000000000007 6.9999999999999991 7 7.9999999999999991 7.0000000000000027 34 8.9999999999999982 7.9999999999999991
leaf_count=17 8 10 7 8 12 8 8 9 13 10 9 7 11 9 12 17 18 7 13 26 7 9 12 7 13 10 8 7 20 21 10 13 17 9 8 7 8 10 27 7 7 8 7 34 9 8
internal_value=0.000949946 0.00533713 0.0193543 -0.0244494 -0.0495395 0.0436721 -0.0641191 0.053357 0.0408391 -0.0149864 -0.0750912 -0.0642697 -0.0271407 -0.0181058 -0.000886648 -0.00845749 0.0167115 0.114381 -0.0531149 -0.0415142 0.00557619 0.0595981 -0.0697684 -0.081472 -0.0430301 0.0852714 0.116411 -0.116979 0.0515154 0.0315209 0.0628007 0.0232662 0.0348365 0.0798303 0.0843962 0.0433914 0.00347731 0.0124799 -0.00208295 0.0354365 0.0661284 0.00952532 0.0272738 0.0189562 -0.0480576 0.0810104
internal_weight=542 525 357 168 116 209 104 188 156 148 96 88 128 117 92 43 80 32 81 72 27 113 45 25 21 25 18 19 104 52 20 30 69 18 35 15 70 62 52 25 14 36 28 51 18 16
internal_count=542 525 357 168 116 209 104 188 156 148 96 88 128 117 92 43 80 32 81 72 27 113 45 25 21 25 18 19 104 52 20 30 69 18 35 15 70 62 52 25 14 36 28 51 18 16
is_linear=0
shrinkage=0.0830273


Tree=14
num_leaves=47
num_cat=0
split_feature=9 5 3 2 4 9 3 7 4 6 13 2 2 1 9 9 12 0 3 3 6 6 9 0 4 13 3 6 0 10 2 2 9 6 3 8 9 1 8 1 2 10 7 10 5 3
split_gain=39.2961 26.9407 30.6576 39.5505 29.5226 21.1797 21.1308 19.6313 23.9691 18.3142 18.1911 15.4707 18.5983 15.9983 13.6528 12.0613 11.2752 14.4888 11.2687 16.4921 13.342 13.4358 10.9968 12.8546 10.6729 16.8437 12.0162 9.54298 9.39996 8.69693 8.68287 7.84449 9.43603 9.95926 7.71867 7.56264 7.39675 7.15038 6.80628 6.88335 6.22731 5.93052 5.14739 5.08249 4.55553 4.55454
threshold=-2.5499999999999967 0.12000000000000001 1.0000000180025095e-35 7.8000000000000052 0.96177147954086906 -1.3499999999999976 0.77244481603295057 3766.5000000000005 0.5475998096715059 17.250000000000004 2.3542260137645035 14.200000000000001 12.15 74.550000000000011 -0.90000000000000202 0.34999999999999792 3.1142857142857143 74.450000000000017 0.84313847884979054 0.9550229469509578 15.550000000000002 10.950000000000001 4.2500000000000009 64.950000000000017 0.0032254414201910004 1.7600053644550531 0.99274428880883148 10.050000000000002 60.45000000000001 2.4500000000000033 13.1 22.650000000000009 4.0999999999999988 8.6500000000000004 -1.0000000180025095e-35 0.15850000000000003 3.6500000000000008 68.750000000000014 0.11050000000000001 72.050000000000011 11.9 2.1500000000000026 5319.5000000000009 0.65000000000000224 0.29400000000000004 -0.96235977360714686
decision_type=2 2 2 2 2 2 2 2 2 2 2 2 2 2 2 2 2 2 2 2 2 2 2 2 2 2 2 2 2 2 2 2 2 2 2 2 2 2 2 2 2 2 2 2 2 2
left_child=43 2 4 -4 7 6 -5 10 16 11 28 12 13 -7 -3 -6 17 22 20 -20 21 40 23 35 26 29 31 -10 -2 -26 -14 32 33 -13 -22 -9 38 -38 39 -27 -16 44 -40 -1 -23 -25
right_child=1 14 3 5 15 9 -8 8 27 -11 -12 24 30 -15 18 -17 -18 -19 19 -21 34 41 -24 45 25 36 -28 -29 -30 -31 -32 -33 -34 -35 -36 -37 37 -39 42 -41 -42 -43 -44 -45 -46 -47
leaf_value=-0.17762636720224814 -0.047320757632148339 -0.14946346982739409 -0.12099665390491514 0.24111966064388346 -0.058308676982589992 0.082477955881281415 0.037112540082685171 0.0068502758261394714 -0.13445997539439791 0.16589048034582915 0.1781423567120235 0.13191904071128835 -0.15197440060774794 -0.069531515200535063 -0.10915246001417227 -0.19772383974345537 -0.089070323988604441 -0.02318916979490504 -0.17449271216274392 -0.0059043313325436988 -0.019036887090545181 0.025000325200923369 0.10991269835172486 0.013981407636527542 -0.0067935849983812259 0.05178536027480829 0.15653528238318834 -0.02078442355603196 0.06549836842375463 -0.12517759614039095 -0.033685508476860949 -0.012111313804949691 0.10433780141696201 0.025128381390190146 -0.13437229815479809 -0.10821480473638669 0.059809768167597262 -0.047532872594916294 -0.035529591009566423 0.14485392607986247 -0.0019212500008336827 0.00013782316309207801 0.054057962555724585 -0.085380367230379686 0.11233152952739678 0.072434334121499661
leaf_weight=7.0000000000000027 8.0000000000000053 6.9999999999999991 10.999999999999998 6.9999999999999982 11.000000000000002 15.000000000000002 7 8.9999999999999982 14.000000000000002 6.9999999999999991 6.9999999999999991 6.9999999999999991 7.0000000000000027 6.9999999999999991 6.9999999999999991 6.9999999999999991 8.9999999999999982 57 7.9999999999999991 7.9999999999999991 8 7.0000000000000062 10.999999999999998 16.999999999999993 11.000000000000002 14.000000000000002 7.9999999999999991 7.9999999999999991 13.999999999999998 6.9999999999999991 10.999999999999998 11.999999999999998 23 43 7.9999999999999973 6.9999999999999991 7.0000000000000027 10.999999999999998 7.0000000000000027 8.9999999999999982 7.9999999999999991 11.999999999999998 11.999999999999998 9.9999999999999982 9.9999999999999982 20.000000000000007
leaf_count=7 8 7 11 7 11 15 7 9 14 7 7 7 7 7 7 7 9 57 8 8 8 7 11 17 11 14 8 8 14 7 11 12 23 43 8 7 7 11 7 9 8 12 12 10 10 20
internal_value=0.000871079 0.00489401 0.0130443 0.0328323 -0.0111189 0.040126 0.139118 -0.00103402 -0.0129776 0.0337686 0.0615665 0.0293853 -0.0170984 0.0341111 -0.0385088 -0.112527 0.000585699 0.00725445 -0.028289 -0.0901995 -0.0117793 0.0118304 0.0343683 0.018689 0.0402587 0.0176091 0.0592551 -0.0931239 0.0244731 -0.0528326 -0.0796877 0.050099 0.0603254 0.0400795 -0.0767054 -0.0434911 0.0387418 -0.00578826 0.0578261 0.0882043 -0.0519632 0.0448272 0.0210519 -0.123365 0.0763723 0.0455778
internal_weight=542 525 442 243 199 232 14 181 152 218 29 211 40 22 83 18 130 121 76 16 60 44 64 53 171 78 93 22 22 18 18 85 73 50 16 16 60 18 42 23 15 29 19 17 17 37
internal_count=542 525 442 243 199 232 14 181 152 218 29 211 40 22 83 18 130 121 76 16 60 44 64 53 171 78 93 22 22 18 18 85 73 50 16 16 60 18 42 23 15 29 19 17 17 37
is_linear=0
shrinkage=0.0830273


end of trees

feature_importances:
forecast_diurnal_range=95
roll_low_14d_mean=67
forecast_low=66
forecast_wind=60
day_sin=54
lag_low_1d=53
roll_low_7d_mean=50
lag_low_2d=43
roll_low_7d_std=42
day_cos=41
forecast_high=39
forecast_radiation=38
forecast_evap=31
forecast_precip=11

parameters:
[boosting: gbdt]
[objective: regression]
[metric: l2]
[tree_learner: serial]
[device_type: cpu]
[data_sample_strategy: bagging]
[data: ]
[valid: ]
[num_iterations: 15]
[learning_rate: 0.0830273]
[num_leaves: 47]
[num_threads: 2]
[seed: 42]
[deterministic: 0]
[force_col_wise: 0]
[force_row_wise: 0]
[histogram_pool_size: -1]
[max_depth: -1]
[min_data_in_leaf: 7]
[min_sum_hessian_in_leaf: 0.001]
[bagging_fraction: 0.704616]
[pos_bagging_fraction: 1]
[neg_bagging_fraction: 1]
[bagging_freq: 6]
[bagging_seed: 400]
[bagging_by_query: 0]
[feature_fraction: 0.977151]
[feature_fraction_bynode: 1]
[feature_fraction_seed: 30056]
[extra_trees: 0]
[extra_seed: 12879]
[early_stopping_round: 0]
[early_stopping_min_delta: 0]
[first_metric_only: 0]
[max_delta_step: 0]
[lambda_l1: 2.20388e-05]
[lambda_l2: 0.000150716]
[linear_lambda: 0]
[min_gain_to_split: 0]
[drop_rate: 0.1]
[max_drop: 50]
[skip_drop: 0.5]
[xgboost_dart_mode: 0]
[uniform_drop: 0]
[drop_seed: 17869]
[top_rate: 0.2]
[other_rate: 0.1]
[min_data_per_group: 100]
[max_cat_threshold: 32]
[cat_l2: 10]
[cat_smooth: 10]
[max_cat_to_onehot: 4]
[top_k: 20]
[monotone_constraints: ]
[monotone_constraints_method: basic]
[monotone_penalty: 0]
[feature_contri: ]
[forcedsplits_filename: ]
[refit_decay_rate: 0.9]
[cegb_tradeoff: 1]
[cegb_penalty_split: 0]
[cegb_penalty_feature_lazy: ]
[cegb_penalty_feature_coupled: ]
[path_smooth: 0]
[interaction_constraints: ]
[verbosity: -1]
[saved_feature_importance_type: 0]
[use_quantized_grad: 0]
[num_grad_quant_bins: 4]
[quant_train_renew_leaf: 0]
[stochastic_rounding: 1]
[linear_tree: 0]
[max_bin: 255]
[max_bin_by_feature: ]
[min_data_in_bin: 3]
[bin_construct_sample_cnt: 200000]
[data_random_seed: 175]
[is_enable_sparse: 1]
[enable_bundle: 1]
[use_missing: 1]
[zero_as_missing: 0]
[feature_pre_filter: 1]
[pre_partition: 0]
[two_round: 0]
[header: 0]
[label_column: ]
[weight_column: ]
[group_column: ]
[ignore_column: ]
[categorical_feature: ]
[forcedbins_filename: ]
[precise_float_parser: 0]
[parser_config_file: ]
[objective_seed: 16083]
[num_class: 1]
[is_unbalance: 0]
[scale_pos_weight: 1]
[sigmoid: 1]
[boost_from_average: 1]
[reg_sqrt: 0]
[alpha: 0.9]
[fair_c: 1]
[poisson_max_delta_step: 0.7]
[tweedie_variance_power: 1.5]
[lambdarank_truncation_level: 30]
[lambdarank_norm: 1]
[label_gain: ]
[lambdarank_position_bias_regularization: 0]
[eval_at: ]
[multi_error_top_k: 1]
[auc_mu_weights: ]
[num_machines: 1]
[local_listen_port: 12400]
[time_out: 120]
[machine_list_filename: ]
[machines: ]
[gpu_platform_id: -1]
[gpu_device_id: -1]
[gpu_use_dp: 0]
[num_gpu: 1]

end of parameters

pandas_categorical:[]
