tree
version=v4
num_class=1
num_tree_per_iteration=1
label_index=0
max_feature_idx=13
objective=regression
feature_names=forecast_low forecast_high forecast_diurnal_range day_sin day_cos forecast_precip forecast_wind forecast_radiation forecast_evap lag_low_1d lag_low_2d roll_low_7d_mean roll_low_14d_mean roll_low_7d_std
feature_infos=[-5.4000000000000004:81.799999999999997] [18.199999999999999:104.5] [2.2999999999999972:42.799999999999997] [-0.99999942202469239:0.99998555065071859] [-0.99997919295908244:0.9999907524084426] [0:6.7050000000000001] [3.6000000000000001:25.5] [374:8688] [0.0080000000000000002:0.32100000000000001] [-6.2999999999999972:18.699999999999999] [-6.2999999999999972:18.699999999999999] [-3.128571428571429:14.814285714285717] [-0.58571428571428596:13.171428571428573] [0.57981934789247114:8.3483959109348831]
tree_sizes=999 975 1065 1136 974 1058 967 1064 1138 1060 987 1072 1061 988 988 989 1064 1069 1069 1063 1158 1071 1148 1067 982 898 1067 1070 1150 992 986 1066 1074 980 1154 997 992 1068 1161 1076 1071 987 993 996 986 976 1074 991 1081 1235 1076 1161 1154 994 1152 1079 1076 1075 1076 1074 1059 997 1073 1075 906 990 1000 993 1155 1149 967 1069 1000 1081 985 1155 1075 1073 1061 1079 981 1074 1075 1164

Tree=0
num_leaves=11
num_cat=0
split_feature=11 0 2 0 0 13 10 13 7 2
split_gain=720.643 282.161 266.448 129.066 91.3516 48.054 43.9911 42.5758 31.338 16.0452
threshold=4.885714285714287 41.550000000000004 19.050000000000001 37.750000000000007 68.300000000000026 1.9755032126192469 3.0999999999999983 2.502140853465785 3352.5000000000005 23.849999999999998
decision_type=2 2 2 2 2 2 2 2 2 2
left_child=2 -2 3 -1 6 -5 9 -8 -7 -4
right_child=1 -3 4 5 -6 8 7 -9 -10 -11
leaf_value=3.5648096958165802 3.8945038709213007 3.6230281484038338 3.550559483668752 3.486498299546986 3.4893576147324401 3.3184390481699499 3.7366780070216228 3.6126548063233614 3.4321450311072788 3.6287006759036529
leaf_weight=66 68 49 38 48 38 39 45 38 41 39
leaf_count=66 68 49 38 48 38 39 45 38 41 39
internal_value=3.59426 3.78158 3.53814 3.46645 3.60855 3.41611 3.63715 3.68047 3.37502 3.59011
internal_weight=509 117 392 194 198 128 160 83 80 77
internal_count=509 117 392 194 198 128 160 83 80 77
is_linear=0
shrinkage=1


Tree=1
num_leaves=10
num_cat=0
split_feature=9 0 2 5 0 3 12 13 2
split_gain=759.063 350.749 177.233 171.494 82.704 72.4057 66.6079 45.2765 33.089
threshold=3.8499999999999983 26.950000000000003 13.050000000000002 0.095000000000000015 64.950000000000017 0.19337368024598431 4.7107142857142863 2.0990920850154571 20.600000000000009
decision_type=2 2 2 2 2 2 2 2 2
left_child=2 -2 -1 6 5 -4 8 -7 -3
right_child=1 3 4 -5 -6 7 -8 -9 -10
leaf_value=-0.2108814066649331 0.35375389940547403 0.0034986642566020489 0.07219120005274042 -0.094505620173292421 -0.13330832819144067 0.012474828856570022 0.18690505404484895 -0.10996658718251148 0.10417170080134919
leaf_weight=72 38 38 46 38 65 38 53 54 67
leaf_count=72 38 38 46 38 65 38 53 54 67
internal_value=0.00194874 0.115997 -0.095139 0.0689241 -0.0535665 -0.0155756 0.108447 -0.0596499 0.0679738
internal_weight=509 234 275 196 203 138 158 92 105
internal_count=509 234 275 196 203 138 158 92 105
is_linear=0
shrinkage=0.0862736


Tree=2
num_leaves=11
num_cat=0
split_feature=11 0 7 11 8 3 3 3 3 5
split_gain=591.255 239.078 294.854 84.7591 75.617 59.4479 70.9522 50.2343 32.8968 17.8714
threshold=6.0785714285714283 62.750000000000007 2392.5000000000005 4.885714285714287 0.23199999999999998 -0.452744437932114 0.88621069759564464 0.70290292807158605 0.10837544681456417 1.0000000180025095e-35
decision_type=2 2 2 2 2 2 2 2 2 2
left_child=1 2 8 5 9 -4 7 -7 -1 -3
right_child=-2 4 3 -5 -6 6 -8 -9 -10 -11
leaf_value=-0.085370951200444301 0.28238385719355202 -0.13352590222188315 0.10456146932274096 0.1607230138678338 -0.034131680660178458 0.0033305674922112483 0.077205871200113615 -0.12061748347581021 -0.19949719374712013 -0.21188699559087953
leaf_weight=38 46 47 51 40 40 63 54 39 40 51
leaf_count=38 46 47 51 40 40 63 54 39 40 51
internal_value=-0.0104843 -0.0399226 0.000537943 0.0467525 -0.134783 0.024312 -0.00223575 -0.044507 -0.145017 -0.175389
internal_weight=509 463 325 247 138 207 156 102 78 98
internal_count=509 463 325 247 138 207 156 102 78 98
is_linear=0
shrinkage=0.0862736


Tree=3
num_leaves=12
num_cat=0
split_feature=9 0 9 12 2 1 7 3 13 13 2
split_gain=537.466 216.916 187.266 105.76 92.8263 75.0676 55.8039 45.5729 30.3567 23.3701 21.5483
threshold=5.1500000000000012 35.650000000000013 0.65000000000000047 2.4535714285714287 12.450000000000001 74.550000000000011 3425.0000000000005 -0.77245553105869302 2.4066310397607462 1.9755032126192469 21.899999999999999
decision_type=2 2 2 2 2 2 2 2 2 2 2
left_child=2 -2 6 9 -5 8 -1 -3 -6 -4 -7
right_child=1 7 3 4 5 10 -8 -9 -10 -11 -12
leaf_value=-0.25108274826048271 0.30262007219403986 0.13619902690180141 -0.064412337778003023 -0.1072868804803138 0.14150322909946939 -0.070790527402879208 -0.10974453378409812 0.013290970337865707 0.035800555086673756 -0.15470482555523821 0.019873844355663334
leaf_weight=38 41 38 47 42 44 38 49 54 38 41 39
leaf_count=38 41 38 47 42 44 38 49 54 38 41 39
internal_value=-0.00959641 0.139069 -0.0623264 -0.0287602 0.00583998 0.0360254 -0.172828 0.0646334 0.09316 -0.107274 -0.0250792
internal_weight=509 133 376 289 201 159 87 92 82 88 77
internal_count=509 133 376 289 201 159 87 92 82 88 77
is_linear=0
shrinkage=0.0862736


Tree=4
num_leaves=10
num_cat=0
split_feature=11 0 5 9 0 2 12 2 0
split_gain=438.855 184.803 169.282 145.716 106.61 37.1729 30.5599 28.1547 27.6929
threshold=4.821428571428573 38.750000000000007 0.12250000000000001 0.20000000000000107 64.950000000000017 14.450000000000003 2.6821428571428574 24.199999999999999 36.550000000000004
decision_type=2 2 2 2 2 2 2 2 2
left_child=2 -2 3 -1 6 -4 -5 8 -8
right_child=1 -3 5 4 -6 -7 7 -9 -10
leaf_value=-0.16853078801935287 0.28574349420370893 0.063653943478903824 -0.21106225090751929 -0.0085129265526921235 -0.078633300940606443 -0.089784625113861344 0.08337951261670927 0.1222441335292941 -0.0075168457181357977
leaf_weight=38 45 73 40 61 73 38 50 43 49
leaf_count=38 45 73 40 61 73 38 50 43 49
internal_value=0.00399259 0.149408 -0.0399484 -0.0115773 0.010364 -0.153161 0.042511 0.064371 0.0386253
internal_weight=510 118 392 314 276 78 203 142 99
internal_count=510 118 392 314 276 78 203 142 99
is_linear=0
shrinkage=0.0862736


Tree=5
num_leaves=11
num_cat=0
split_feature=11 2 5 9 12 1 2 9 10 2
split_gain=367.279 159.195 141.78 122.447 81.7772 60.9554 29.8637 29.4932 23.019 14.3496
threshold=4.821428571428573 17.500000000000007 0.11649999999999995 0.20000000000000107 2.6821428571428574 65.750000000000014 14.450000000000003 3.4000000000000026 3.2500000000000004 19.100000000000009
decision_type=2 2 2 2 2 2 2 2 2 2
left_child=2 -2 3 -1 7 -3 -4 -5 -6 -10
right_child=1 5 6 4 8 -7 -8 -9 9 -11
leaf_value=-0.15422614718451788 -0.00082987560554688747 0.28703951315656884 -0.19030993882658148 -0.081518313583763588 0.08285121541121554 0.13024614183234731 -0.082163840480843617 0.012558041737779708 -0.021973249849201168 0.046800487144502662
leaf_weight=38 41 38 41 70 75 39 38 38 38 54
leaf_count=38 41 38 41 70 75 39 38 38 38 54
internal_value=0.00364718 0.136676 -0.0365511 -0.010381 0.00980025 0.209312 -0.139343 -0.0485355 0.0475666 0.0184373
internal_weight=510 118 392 313 275 77 79 108 167 92
internal_count=510 118 392 313 275 77 79 108 167 92
is_linear=0
shrinkage=0.0862736


Tree=6
num_leaves=10
num_cat=0
split_feature=9 2 0 9 10 3 10 2 2
split_gain=403.977 159.328 123.598 101.133 49.1246 44.7455 37.2264 35.9242 32.1196
threshold=5.1500000000000012 12.85 60.850000000000001 7.9500000000000002 0.90000000000000224 0.21022171450811272 3.7000000000000015 23.400000000000009 21.750000000000007
decision_type=2 2 2 2 2 2 2 2 2
left_child=1 -1 4 7 -3 -6 -7 -2 -4
right_child=3 2 8 -5 5 6 -8 -9 -10
leaf_value=-0.16772596986051316 0.032351534940922466 -0.053729265535375409 -0.12206862642020497 0.24417852019466257 0.11475200702939131 0.068940707999383288 -0.045783618920688565 0.13535595692667493 -0.031642779106283769
leaf_weight=66 56 43 74 38 51 42 41 46 49
leaf_count=66 56 43 74 38 51 42 41 46 49
internal_value=0.000656895 -0.0470271 -0.0201801 0.124972 0.0259702 0.0516761 0.012351 0.0793456 -0.0863872
internal_weight=506 366 300 140 177 134 83 102 123
internal_count=506 366 300 140 177 134 83 102 123
is_linear=0
shrinkage=0.0862736


Tree=7
num_leaves=11
num_cat=0
split_feature=9 0 5 0 13 8 4 13 4 9
split_gain=338.107 85.4024 83.0523 60.8261 99.2414 29.2502 25.0106 16.662 16.4598 16.3704
threshold=5.1500000000000012 33.350000000000001 0.018000000000000006 60.850000000000001 3.0342087043516641 0.07350000000000001 0.23328369003117272 1.9865619969780444 -0.72694848937061807 1.9000000000000024
decision_type=2 2 2 2 2 2 2 2 2 2
left_child=2 -2 3 4 5 -1 -3 -7 -5 -4
right_child=1 6 9 8 -6 7 -8 -9 -10 -11
leaf_value=0.12101543009085458 0.22388802523182538 0.10578758559915918 -0.14070838698151122 -0.037932955931842718 -0.097142827146621938 0.068389490314721774 0.017712276969854109 -0.011907989527244504 -0.11156739725437921 -0.074148565141251746
leaf_weight=38 38 63 49 55 40 38 39 38 39 69
leaf_count=38 38 63 49 55 40 38 39 38 39 69
internal_value=0.000618796 0.114348 -0.0430048 -0.014566 0.0188156 0.0598104 0.0724245 0.0284709 -0.0690182 -0.102383
internal_weight=506 140 366 248 154 114 102 76 94 118
internal_count=506 140 366 248 154 114 102 76 94 118
is_linear=0
shrinkage=0.0862736


Tree=8
num_leaves=12
num_cat=0
split_feature=2 0 11 0 4 6 4 4 4 0 13
split_gain=299.086 251.431 175.216 89.3243 65.1862 51.7188 44.9578 92.156 36.1257 54.5321 20.9527
threshold=12.450000000000001 60.150000000000013 5.2785714285714294 39.45000000000001 0.94066717844141279 11.550000000000002 0.68274389090025245 0.31595530242620651 -0.57077231802681661 69.550000000000011 2.37922553849701
decision_type=2 2 2 2 2 2 2 2 2 2 2
left_child=5 2 4 -4 6 -1 7 10 9 -3 -2
right_child=1 8 3 -5 -6 -7 -8 -9 -10 -11 -12
leaf_value=-0.19496865204734926 0.048615517576836749 0.032599335538841603 0.27911432813482007 0.09172957432937652 -0.056695524866712199 -0.061928578647438157 0.14222318970946668 -0.063276710521488214 -0.13259828139284707 -0.096239451429519715 0.12382059173059723
leaf_weight=51 67 46 39 38 43 39 39 46 40 51 48
leaf_count=51 67 46 39 38 43 39 39 46 40 51 48
internal_value=0.00505618 0.0334072 0.0752378 0.188121 0.0390777 -0.138142 0.0597814 0.0393386 -0.0641974 -0.035323 0.0805047
internal_weight=547 457 320 77 243 90 200 161 137 97 115
internal_count=547 457 320 77 243 90 200 161 137 97 115
is_linear=0
shrinkage=0.0862736


Tree=9
num_leaves=11
num_cat=0
split_feature=0 5 9 0 0 7 0 0 12 8
split_gain=242.82 146.612 108.756 44.7399 62.5933 41.8674 45.9293 25.3104 23.0875 13.3653
threshold=23.150000000000002 0.10050000000000002 3.0999999999999983 60.150000000000013 31.950000000000003 4639.5000000000009 62.750000000000007 44.95000000000001 3.9964285714285723 0.15100000000000002
decision_type=2 2 2 2 2 2 2 2 2 2
left_child=-1 2 5 4 -4 -2 -7 -3 9 -6
right_child=1 7 3 -5 8 6 -8 -9 -10 -11
leaf_value=0.19990285045660994 -0.092618233490868618 -0.046658795887151432 -0.028168699017700867 -0.022309041964727151 0.095662530854801225 0.055927162168990532 -0.06723479985115062 -0.13359450328983549 0.13119812165240841 0.024362283006928907
leaf_weight=43 70 41 39 51 41 46 43 67 68 38
leaf_count=43 70 41 39 51 41 46 43 67 68 38
internal_value=0.00463102 -0.0122559 0.0120815 0.0490624 0.0686412 -0.0430174 -0.00363192 -0.101049 0.094336 0.0618263
internal_weight=547 504 396 237 186 159 89 108 147 79
internal_count=547 504 396 237 186 159 89 108 147 79
is_linear=0
shrinkage=0.0862736


Tree=10
num_leaves=10
num_cat=0
split_feature=9 5 0 3 3 8 0 1 1
split_gain=173.957 133.773 104.248 58.4831 69.103 45.9248 67.6656 37.2445 26.3596
threshold=2.1500000000000026 0.065500000000000017 26.100000000000005 -0.51297808981038739 0.88621069759564464 0.057999999999999961 53.750000000000007 83.850000000000009 72.750000000000014
decision_type=2 2 2 2 2 2 2 2 2
left_child=5 2 -2 8 7 -1 -7 -5 -4
right_child=1 -3 3 4 -6 6 -8 -9 -10
leaf_value=-0.15018050704928371 0.18166668346367074 -0.080499923166890378 0.13168848396142205 -0.097864587673994946 0.068543743660465326 0.040211776850043707 -0.099384350787349432 0.014463474616858788 0.043305465306436898
leaf_weight=48 40 68 45 51 61 40 71 38 58
leaf_count=48 40 68 45 51 61 40 71 38 58
internal_value=-0.00509768 0.0280215 0.053325 0.0326364 -0.00178983 -0.0801082 -0.0491359 -0.0501377 0.0824804
internal_weight=520 361 293 253 150 159 111 89 103
internal_count=520 361 293 253 150 159 111 89 103
is_linear=0
shrinkage=0.0862736


Tree=11
num_leaves=11
num_cat=0
split_feature=9 11 5 10 9 2 9 1 0 12
split_gain=145.558 114.621 60.6283 32.9092 32.7289 22.3757 30.7055 20.3614 41.216 13.5383
threshold=2.1500000000000026 5.9785714285714295 0.13350000000000004 3.1500000000000008 0.65000000000000047 27.70000000000001 6.5500000000000016 50.650000000000013 48.850000000000009 2.9857142857142871
decision_type=2 2 2 2 2 2 2 2 2 2
left_child=3 2 5 4 -1 6 7 -2 -9 -10
right_child=1 -3 -4 -5 -6 -7 -8 8 9 -11
leaf_value=-0.089146708514840023 -0.059054826043528033 0.14079210416085927 -0.080175240562072703 -0.12848630569998445 0.0066851149140853801 0.078598317035201912 0.080356093182273727 0.081589884635118529 0.0082334098305620346 -0.057426423507111246
leaf_weight=57 39 54 51 53 49 43 38 42 53 41
leaf_count=57 39 54 51 53 49 43 38 42 53 41
internal_value=-0.00465251 0.0256429 0.00514393 -0.0732677 -0.0450674 0.0222949 0.0107319 -0.00461852 0.0111905 -0.0205955
internal_weight=520 361 307 159 106 256 213 175 136 94
internal_count=520 361 307 159 106 256 213 175 136 94
is_linear=0
shrinkage=0.0862736


Tree=12
num_leaves=11
num_cat=0
split_feature=9 2 8 2 10 0 9 10 1 4
split_gain=172.987 79.78 93.7463 64.0235 40.1863 36.4739 36.13 29.8648 42.8747 14.9116
threshold=3.2500000000000004 14.450000000000003 0.060500000000000005 12.350000000000007 3.7500000000000004 38.100000000000009 1.9000000000000024 4.200000000000002 71.950000000000017 -0.13398942717002901
decision_type=2 2 2 2 2 2 2 2 2 2
left_child=3 -2 -3 -1 5 -5 -7 9 -9 -4
right_child=1 2 7 4 -6 6 -8 8 -10 -11
leaf_value=-0.12910579859216678 -0.050737284914020665 0.19399449726794477 0.043385034444574505 0.066124223902016124 -0.091008777525903473 -0.07079464958603747 0.032613136296085941 0.14783588177693119 0.03180319742816301 -0.028137590060349254
leaf_weight=55 46 39 46 42 49 61 42 40 58 40
leaf_count=55 46 39 46 42 49 61 42 40 58 40
internal_value=0.00427962 0.0521885 0.0735022 -0.0474784 -0.0239966 -0.00105787 -0.0286859 0.0473932 0.0797998 0.0101557
internal_weight=518 269 223 249 194 145 103 184 98 86
internal_count=518 269 223 249 194 145 103 184 98 86
is_linear=0
shrinkage=0.0862736


Tree=13
num_leaves=10
num_cat=0
split_feature=9 10 0 2 3 4 10 0 9
split_gain=144.772 68.1345 81.5122 53.5729 46.374 43.3665 33.6406 30.5247 30.2307
threshold=3.2500000000000004 5.2500000000000009 40.750000000000007 12.350000000000007 -0.46801505794253101 0.51113019672828186 3.7500000000000004 38.100000000000009 1.9000000000000024
decision_type=2 2 2 2 2 2 2 2 2
left_child=3 4 -3 -1 -2 -6 7 -5 -9
right_child=1 2 -4 6 5 -7 -8 8 -10
leaf_value=-0.11809244545751779 0.078110608501584314 0.18257804241506695 0.028319084583632723 0.060503042955597539 0.024186097674445749 -0.085553567385382362 -0.083255946010985571 -0.064748844299054725 0.029840711630474026
leaf_weight=55 55 49 53 42 69 43 49 61 42
leaf_count=55 55 49 53 42 69 43 49 61 42
internal_value=0.00392557 0.0477536 0.103084 -0.0434238 0.0137007 -0.0181869 -0.0219438 -0.000956266 -0.026231
internal_weight=518 269 102 249 167 112 194 145 103
internal_count=518 269 102 249 167 112 194 145 103
is_linear=0
shrinkage=0.0862736


Tree=14
num_leaves=10
num_cat=0
split_feature=0 2 5 12 11 0 3 4 3
split_gain=156.15 117.407 61.6688 49.9987 28.1581 20.1064 27.5617 34.3489 4.01448
threshold=24.300000000000004 12.350000000000007 0.10500000000000001 3.9964285714285723 5.5785714285714292 62.750000000000007 -0.32614396506100213 0.5403928698825039 0.074116354202380164
decision_type=2 2 2 2 2 2 2 2 2
left_child=-1 8 3 5 -5 6 -3 -8 -2
right_child=1 2 -4 4 -6 -7 7 -9 -10
leaf_value=0.16129980715163963 -0.081167421544952947 0.06905124614179052 -0.082762041345550957 0.10549019140642858 0.013293014783784658 -0.043152662233225343 0.025361901904872142 -0.074512359857939622 -0.12228585807153719
leaf_weight=40 38 46 50 62 41 66 72 39 49
leaf_count=40 38 46 50 62 41 66 72 39 49
internal_value=-0.000887704 -0.015098 0.00585101 0.0195742 0.0690917 -0.00342613 0.013379 -0.00994963 -0.105033
internal_weight=503 463 376 326 103 223 157 111 87
internal_count=503 463 376 326 103 223 157 111 87
is_linear=0
shrinkage=0.0862736


Tree=15
num_leaves=10
num_cat=0
split_feature=0 2 5 12 11 2 1 10 10
split_gain=130.751 98.268 51.6015 41.8286 23.5501 18.4759 23.7376 29.4002 6.64026
threshold=24.300000000000004 12.350000000000007 0.10500000000000001 3.9964285714285723 5.5785714285714292 25.250000000000004 57.45000000000001 2.9000000000000026 3.1500000000000008
decision_type=2 2 2 2 2 2 2 2 2
left_child=-1 8 3 5 -5 6 -3 -8 -2
right_child=1 2 -4 4 -6 -7 7 -9 -10
leaf_value=0.14759784117345529 -0.070698831814531349 0.035827685920669747 -0.075709954046215916 0.096479941698972435 0.012163385789162555 0.038021565280393098 -0.0034300212169279206 -0.09059608515442541 -0.12069996450156539
leaf_weight=40 44 44 50 62 41 59 73 47 43
leaf_count=40 44 44 50 62 41 59 73 47 43
internal_value=-0.000814262 -0.0138176 0.00534805 0.0179013 0.0631926 -0.00313614 -0.018031 -0.0378624 -0.0960962
internal_weight=503 463 376 326 103 223 164 120 87
internal_count=503 463 376 326 103 223 164 120 87
is_linear=0
shrinkage=0.0862736


Tree=16
num_leaves=11
num_cat=0
split_feature=0 2 6 6 9 4 0 0 7 2
split_gain=190.485 78.0686 80.4873 43.5366 39.5916 20.7704 24.2562 19.4315 13.9573 5.07062
threshold=23.850000000000005 19.650000000000009 15.750000000000002 11.850000000000003 0.29999999999999899 0.56901594657981336 61.250000000000007 45.850000000000009 6713.0000000000009 24.250000000000007
decision_type=2 2 2 2 2 2 2 2 2 2
left_child=-1 2 4 8 -2 6 -6 -5 9 -3
right_child=1 3 -4 7 5 -7 -8 -9 -10 -11
leaf_value=0.19662562295184324 -0.13205711885626206 0.06028446975529976 0.07751797103139936 0.024420013051231742 0.021993854427503991 -0.082725085908794266 -0.055266779568905522 -0.051253082656293469 0.025179752693779679 0.10356034807008706
leaf_weight=38 41 40 39 56 58 53 62 45 44 50
leaf_count=38 41 40 39 56 58 53 62 45 44 50
internal_value=0.0121934 -0.00240111 -0.0356156 0.033357 -0.0563989 -0.0380578 -0.0180036 -0.00940351 0.0654811 0.0848747
internal_weight=526 488 253 235 214 173 120 101 134 90
internal_count=526 488 253 235 214 173 120 101 134 90
is_linear=0
shrinkage=0.0862736


Tree=17
num_leaves=11
num_cat=0
split_feature=9 2 6 13 3 8 13 13 12 13
split_gain=112.077 59.2713 90.0203 41.02 31.4414 28.2021 20.5345 17.3172 14.7861 0.999097
threshold=8.2000000000000028 19.650000000000009 15.750000000000002 3.29118574139402 -0.57078386445773377 0.066500000000000017 1.7188727627370579 1.6251006700395212 2.846428571428572 1.9392560689750784
decision_type=2 2 2 2 2 2 2 2 2 2
left_child=1 2 3 5 9 -1 -6 -7 -8 -3
right_child=-2 4 -4 -5 6 7 8 -9 -10 -11
leaf_value=0.013464810498221617 0.14701781725850319 0.064032453206729747 0.091046346014775292 -0.12525606959056493 -0.040519184296115819 -0.010425636343634448 -0.0092328334819185513 -0.082328386517226779 0.055698118644010412 0.087978469767634765
leaf_weight=65 41 38 39 43 44 38 44 73 63 38
leaf_count=65 41 38 39 43 44 38 44 73 63 38
internal_value=0.0111607 -0.000498455 -0.0287561 -0.050289 0.0316089 -0.031595 0.0087295 -0.0579091 0.0290989 0.076625
internal_weight=526 485 258 219 227 176 151 111 107 76
internal_count=526 485 258 219 227 176 151 111 107 76
is_linear=0
shrinkage=0.0862736


Tree=18
num_leaves=11
num_cat=0
split_feature=2 0 3 4 0 9 4 0 2 2
split_gain=112.776 67.1765 65.838 30.8428 65.1426 19.0436 26.1674 22.7488 18.0832 12.333
threshold=12.350000000000007 29.550000000000004 -0.94705910369513513 0.56191161272202661 39.050000000000004 5.5500000000000007 -0.3744658827978154 60.650000000000013 9.6999999999999975 21.300000000000008
decision_type=2 2 2 2 2 2 2 2 2 2
left_child=8 -2 -3 4 -4 6 7 -6 -1 -9
right_child=1 2 3 -5 5 -7 -8 9 -10 -11
leaf_value=-0.13165767758267954 0.10020188395633994 0.1000605829281635 0.096253950868711829 -0.065631707422543512 0.043924651292424358 0.034895198280756788 -0.086068566773226662 -0.060336359444286711 -0.052034069458295015 0.0022085838684925735
leaf_weight=48 54 41 42 70 38 38 48 56 40 40
leaf_count=48 54 41 42 70 38 38 48 56 40 40
internal_value=-0.0075192 0.0108473 -0.00223462 -0.0150316 -0.00138859 -0.0202492 -0.0318428 -0.0121094 -0.0960869 -0.0344301
internal_weight=515 427 373 332 262 220 182 134 88 96
internal_count=515 427 373 332 262 220 182 134 88 96
is_linear=0
shrinkage=0.0862736


Tree=19
num_leaves=11
num_cat=0
split_feature=9 5 9 2 1 7 0 0 2 9
split_gain=102.536 56.9968 50.4164 39.737 36.6715 46.4944 35.0665 24.7332 19.5716 26.9439
threshold=0.65000000000000047 0.27850000000000008 6.049999999999998 17.399999999999999 45.900000000000006 3100.5000000000005 37.750000000000007 45.45000000000001 24.199999999999999 3.0499999999999976
decision_type=2 2 2 2 2 2 2 2 2 2
left_child=3 2 4 -1 -2 -6 -4 -7 9 -9
right_child=1 -3 6 -5 5 7 -8 8 -10 -11
leaf_value=-0.15850495025370243 -0.066917685231433974 -0.076678450975146084 0.13261792504641165 -0.035110184069078426 0.088488617369351291 0.046113384396235586 0.025338065162746937 0.00050417667291925022 0.01801813844946816 -0.095170446886767554
leaf_weight=39 46 50 43 39 52 55 48 44 56 43
leaf_count=39 46 50 43 39 52 55 48 44 56 43
internal_value=-0.0068724 0.00943352 0.0206647 -0.0975766 0.00334666 0.0164098 0.0765892 -0.00273866 -0.0216467 -0.0471246
internal_weight=515 437 387 78 296 250 91 198 143 87
internal_count=515 437 387 78 296 250 91 198 143 87
is_linear=0
shrinkage=0.0862736


Tree=20
num_leaves=12
num_cat=0
split_feature=2 12 6 10 12 4 3 3 10 10 6
split_gain=46.3281 68.3323 54.3135 32.0444 34.9737 28.8715 29.5509 40.5708 26.3259 26.2226 6.5721
threshold=22.899999999999999 4.3571428571428568 11.750000000000002 6.2500000000000009 2.7821428571428579 0.78724360164103002 0.88621069759564464 0.12545942051955486 2.5499999999999976 3.7000000000000015 9.8500000000000032
decision_type=2 2 2 2 2 2 2 2 2 2 2
left_child=3 2 9 4 8 6 7 -6 10 -2 -1
right_child=1 -3 -4 -5 5 -7 -8 -9 -10 -11 -12
leaf_value=-0.042813237914196098 0.087487491003444093 0.11964346282918487 -0.081438942513784696 -0.079206677767897832 0.015729324588025853 0.07252555817606518 0.051408372924644972 -0.099991288739435968 -0.10359701199114073 -0.011467772434022437 0.0060896084020417192
leaf_weight=39 41 48 41 59 52 46 44 39 39 38 42
leaf_count=39 41 48 41 59 52 46 44 39 39 38 42
internal_value=-0.00396673 0.0333667 -0.00158483 -0.0214166 -0.00994843 0.0139914 -0.00619568 -0.0342088 -0.0459432 0.0401722 -0.0176036
internal_weight=528 168 120 360 301 181 135 91 120 79 81
internal_count=528 168 120 360 301 181 135 91 120 79 81
is_linear=0
shrinkage=0.0862736


Tree=21
num_leaves=11
num_cat=0
split_feature=0 9 0 3 2 2 3 12 0 12
split_gain=54.8878 29.1869 24.7632 40.4051 30.2304 38.1828 29.035 20.2533 16.1767 13.8422
threshold=24.950000000000003 0.75000000000000011 48.100000000000001 0.96234642434711437 14.100000000000007 21.300000000000008 0.69056404122701587 2.6821428571428574 70.350000000000009 3.0785714285714292
decision_type=2 2 2 2 2 2 2 2 2 2
left_child=-1 7 3 4 -3 -6 8 -2 9 -4
right_child=1 2 6 -5 5 -7 -8 -9 -10 -11
leaf_value=0.085762712965341992 -0.013942002511224167 -0.059241623703768766 0.034836730321027479 0.088772106622565267 0.086024683349992845 -0.022150076654867474 -0.081479890615692913 -0.098182196845296291 -0.052079901797306274 -0.025586129827107514
leaf_weight=46 41 47 71 47 42 56 48 44 40 46
leaf_count=46 41 47 71 47 42 56 48 44 40 46
internal_value=-0.0036312 -0.0122625 -0.00240559 0.0198256 -0.00280743 0.0244617 -0.023224 -0.0579468 -0.005161 0.011071
internal_weight=528 482 397 192 145 98 205 85 157 117
internal_count=528 482 397 192 145 98 205 85 157 117
is_linear=0
shrinkage=0.0862736


Tree=22
num_leaves=12
num_cat=0
split_feature=9 6 13 1 2 1 2 7 11 10 12
split_gain=88.0757 71.1271 72.5598 40.3011 36.1804 23.7842 19.8221 30.8886 18.4014 17.4119 14.1974
threshold=6.5500000000000016 15.350000000000003 3.5279788164706027 56.95000000000001 23.400000000000009 88.350000000000009 14.600000000000007 5935.5000000000009 3.2500000000000013 3.8499999999999983 3.0321428571428579
decision_type=2 2 2 2 2 2 2 2 2 2 2
left_child=1 2 4 -2 5 6 10 8 -8 -6 -1
right_child=3 -3 -4 -5 9 -7 7 -9 -10 -11 -12
leaf_value=-0.093681202818516121 0.13643222606639366 0.060016164803766925 -0.13981984930524027 0.015590186087714022 0.065460330993026034 -0.099409602557829616 -0.013094232433520141 -0.064491116357695361 0.071283826859911206 -0.0079240685837009567 -0.02295655463764721
leaf_weight=41 42 71 42 40 42 39 38 39 38 55 44
leaf_count=41 42 71 42 40 42 39 38 39 38 55 44
internal_value=-0.00382561 -0.0188657 -0.0337567 0.0780483 -0.020264 -0.0382716 -0.0260773 -0.0026628 0.029332 0.0240661 -0.0575053
internal_weight=531 449 378 82 336 239 200 115 76 97 85
internal_count=531 449 378 82 336 239 200 115 76 97 85
is_linear=0
shrinkage=0.0862736


Tree=23
num_leaves=11
num_cat=0
split_feature=0 9 3 6 2 7 1 3 0 11
split_gain=82.1956 60.4534 29.1068 29.4259 21.4431 32.3117 38.1449 25.2714 20.759 14.6962
threshold=23.150000000000002 0.65000000000000047 -0.82415615971448097 14.950000000000001 22.050000000000004 5797.0000000000009 56.95000000000001 0.63920241694561786 53.350000000000001 2.5642857142857154
decision_type=2 2 2 2 2 2 2 2 2 2
left_child=-1 9 8 4 5 6 -4 -6 -3 -2
right_child=1 2 3 -5 7 -7 -8 -9 -10 -11
leaf_value=0.11140683385383948 -0.044153514057070728 0.090361358758511479 -0.064358969536505758 0.038592640642289226 0.0451690848925351 -0.11071744465892461 0.035362154517254482 -0.044347413524820842 0.0038021816692987561 -0.11552976425766359
leaf_weight=42 47 40 65 69 55 40 50 40 42 41
leaf_count=42 47 40 65 69 55 40 50 40 42 41
internal_value=-0.00350495 -0.0135042 0.000746183 -0.0110544 -0.0248191 -0.0445379 -0.0210451 0.00743445 0.0463901 -0.0779882
internal_weight=531 489 401 319 250 155 115 95 82 88
internal_count=531 489 401 319 250 155 115 95 82 88
is_linear=0
shrinkage=0.0862736


Tree=24
num_leaves=10
num_cat=0
split_feature=1 4 4 12 6 5 10 6 2
split_gain=83.3012 50.4917 38.2341 34.8642 18.5777 12.4647 11.7589 8.72108 8.6022
threshold=41.650000000000013 0.5403928698825039 0.71952396275653763 2.846428571428572 10.250000000000002 1.0000000180025095e-35 4.9000000000000004 9.6500000000000004 23.250000000000004
decision_type=2 2 2 2 2 2 2 2 2
left_child=-1 3 -3 5 8 7 -6 -2 -5
right_child=1 2 -4 4 6 -7 -8 -9 -10
leaf_value=0.10230106883243004 -0.025518599133075335 -0.12378083298131595 -0.018321868768930837 -0.022916796874671411 0.033861116835380033 -0.051712963143467981 0.090155241473251185 0.026796606234974148 0.03096159611749361
leaf_weight=60 50 39 73 44 71 58 46 44 43
leaf_count=60 50 39 73 44 71 58 46 44 43
internal_value=0.00714552 -0.005174 -0.055527 0.0107369 0.0339977 -0.020493 0.056355 -0.00101539 0.00374363
internal_weight=528 468 112 356 204 152 117 94 87
internal_count=528 468 112 356 204 152 117 94 87
is_linear=0
shrinkage=0.0862736


Tree=25
num_leaves=9
num_cat=0
split_feature=9 6 13 2 3 2 2 5
split_gain=54.665 27.3979 44.3357 33.9981 36.8614 42.8978 27.0723 25.0254
threshold=7.7500000000000009 12.15 1.4099107805949636 23.349999999999998 -0.37447345805034538 16.600000000000009 21.950000000000006 1.0000000180025095e-35
decision_type=2 2 2 2 2 2 2 2
left_child=1 2 -1 4 -4 -6 7 -3
right_child=-2 6 3 -5 5 -7 -8 -9
leaf_value=0.063190559617012615 0.096801447830782664 0.079340488591377517 0.00051318655897503976 0.017217646819649223 -0.037863624636277016 -0.14516786542579183 -0.024956783537848932 0.0029354450560665178
leaf_weight=42 45 72 64 74 70 46 58 57
leaf_count=42 45 72 64 74 70 46 58 57
internal_value=0.00653331 -0.00199092 -0.0183093 -0.0319076 -0.0520933 -0.0809649 0.0238143 0.0457569
internal_weight=528 483 296 254 180 116 187 129
internal_count=528 483 296 254 180 116 187 129
is_linear=0
shrinkage=0.0862736


Tree=26
num_leaves=11
num_cat=0
split_feature=2 8 4 3 4 2 2 2 12 1
split_gain=54.8856 65.3038 48.2918 47.7035 33.6335 25.6713 23.3809 15.1899 12.9339 9.48229
threshold=20.300000000000008 0.071500000000000008 0.46611290379786346 0.091259403071267911 0.3484035575467645 17.950000000000006 12.350000000000007 22.349999999999998 3.475000000000001 75.850000000000009
decision_type=2 2 2 2 2 2 2 2 2 2
left_child=2 -2 5 -4 7 6 -1 -3 -9 -8
right_child=1 4 3 -5 -6 -7 9 8 -10 -11
leaf_value=-0.029853750027070056 0.12728328017089457 -0.019090710136982162 -0.019759507976401313 -0.12990957387215379 -0.062319026144669283 -0.06250696068753514 0.0748427086735758 0.013472386950138198 0.071888793840432286 0.015364301986021303
leaf_weight=49 38 45 60 57 43 39 40 63 51 40
leaf_count=49 38 45 60 57 43 39 40 63 51 40
internal_value=-0.00586454 0.0244988 -0.0314313 -0.0738272 0.0048304 -0.00174156 0.016842 0.0231631 0.0398554 0.0454529
internal_weight=525 240 285 117 202 168 129 159 114 80
internal_count=525 240 285 117 202 168 129 159 114 80
is_linear=0
shrinkage=0.0862736


Tree=27
num_leaves=11
num_cat=0
split_feature=2 6 4 0 8 3 1 10 12 0
split_gain=45.9279 56.373 40.4614 38.3652 35.2023 33.3991 37.4296 24.1499 14.3922 7.20279
threshold=20.300000000000008 11.350000000000003 0.10623888086365081 60.850000000000001 0.11749999999999995 -0.40614700388750385 41.650000000000013 2.2500000000000004 4.1178571428571438 60.150000000000013
decision_type=2 2 2 2 2 2 2 2 2 2
left_child=2 4 3 -1 -2 -4 -7 -5 -3 -6
right_child=1 8 5 7 9 6 -8 -9 -10 -11
leaf_value=0.067607005174135648 0.12707556823587646 -0.046801541583556691 0.0059446526931135708 0.017996151575750938 0.053728910397647725 -0.026503451776026272 -0.13015306327996995 -0.070453177849287257 0.018805194074199574 0.0055078914891589234
leaf_weight=47 40 70 41 44 47 46 60 47 38 45
leaf_count=47 40 70 41 44 47 46 60 47 38 45
internal_value=-0.0053607 0.0224146 -0.0287483 0.00481533 0.0601133 -0.0601441 -0.0855918 -0.0278553 -0.0237423 0.0303387
internal_weight=525 240 285 138 132 147 106 91 108 92
internal_count=525 240 285 138 132 147 106 91 108 92
is_linear=0
shrinkage=0.0862736


Tree=28
num_leaves=12
num_cat=0
split_feature=0 2 8 1 13 1 3 2 4 3 13
split_gain=32.4054 40.9505 26.828 26.7426 23.0198 20.8818 47.6984 16.3236 8.8803 8.71037 10.7573
threshold=73.65000000000002 12.950000000000005 0.043500000000000004 51.45000000000001 2.6718995902782416 66.200000000000003 0.48314048284850658 21.050000000000001 -0.3342621144462935 -0.9354548908432756 1.8879315294280352
decision_type=2 2 2 2 2 2 2 2 2 2 2
left_child=1 4 -3 -4 -1 7 9 -5 -8 -7 -11
right_child=-2 2 3 5 -6 6 8 -9 -10 10 -12
leaf_value=-0.0076302928508063415 -0.076121113481199515 0.083650352046238427 -0.055402629247773817 0.090045370272824346 -0.092891333077927102 0.069643963416575125 -0.021394009250762652 0.017978306370353834 -0.078206853714626254 0.047901336485644229 -0.0087889347449028547
leaf_weight=53 39 40 41 44 42 38 45 50 38 52 47
leaf_count=53 39 40 41 44 42 38 45 50 38 52 47
internal_value=-0.0010743 0.00498812 0.0172282 0.0096103 -0.0456852 0.0181924 0.00360516 0.0520835 -0.0477946 0.0348207 0.0211014
internal_weight=529 490 395 355 95 314 220 94 83 137 99
internal_count=529 490 395 355 95 314 220 94 83 137 99
is_linear=0
shrinkage=0.0862736


Tree=29
num_leaves=10
num_cat=0
split_feature=1 9 9 11 2 4 13 3 13
split_gain=27.3607 34.768 36.9788 25.1422 31.7324 35.1447 21.2835 13.8281 11.1466
threshold=93.550000000000011 0.20000000000000107 1.1500000000000006 2.7071428571428577 14.250000000000005 0.75438814418115718 2.2543079559633843 -0.83377653105606597 1.6237081966982474
decision_type=2 2 2 2 2 2 2 2 2
left_child=1 -1 -3 6 -5 7 -4 -6 -9
right_child=-2 2 3 4 5 -7 -8 8 -10
leaf_value=-0.05395846626313059 -0.070901325498628751 0.08781344788983951 0.0020757319614467672 -0.039276791692643372 0.051915289467039133 0.093944811405674719 -0.076306212290094086 -0.035867722537998185 0.018264774128576057
leaf_weight=65 38 44 61 56 49 53 44 45 74
leaf_count=65 38 44 61 56 49 53 44 45 74
internal_value=-0.00098479 0.00450947 0.0134966 0.00480714 0.0184297 0.0331217 -0.031027 0.0136565 -0.00228589
internal_weight=529 491 426 382 277 221 105 168 119
internal_count=529 491 426 382 277 221 105 168 119
is_linear=0
shrinkage=0.0862736


Tree=30
num_leaves=10
num_cat=0
split_feature=0 8 0 0 2 3 6 10 9
split_gain=44.9682 47.7921 18.9536 26.0981 30.1931 33.8178 29.43 15.7473 16.4016
threshold=23.850000000000005 0.039500000000000007 31.650000000000002 60.650000000000013 21.050000000000001 -0.70291267844185523 12.250000000000002 2.2999999999999994 3.9000000000000026
decision_type=2 2 2 2 2 2 2 2 2
left_child=-1 -2 -3 4 6 -6 -4 -5 -9
right_child=1 2 3 7 5 -7 -8 8 -10
leaf_value=0.085419926226597484 -0.082338875700384451 -0.048744827211644859 0.012104406598473247 0.0109590916338131 0.052811063444140098 -0.041862758644227775 0.10657147179526553 -0.071708932086044022 -0.00031729285179077967
leaf_weight=38 61 54 48 72 46 70 50 57 41
leaf_count=38 61 54 48 72 46 70 50 57 41
internal_value=-0.00427343 -0.011202 -0.0011917 0.00556375 0.025577 -0.00423792 0.0606716 -0.0196308 -0.0420322
internal_weight=537 499 438 384 214 116 98 170 98
internal_count=537 499 438 384 214 116 98 170 98
is_linear=0
shrinkage=0.0862736


Tree=31
num_leaves=11
num_cat=0
split_feature=0 8 3 11 2 6 12 11 11 10
split_gain=37.6509 39.9816 16.2644 37.1555 34.519 23.1756 15.3812 26.9249 13.4854 8.94138
threshold=23.850000000000005 0.039500000000000007 0.63920241694561786 2.4142857142857141 27.250000000000004 12.15 2.8107142857142873 4.6500000000000012 3.3142857142857154 1.5999999999999981
decision_type=2 2 2 2 2 2 2 2 2 2
left_child=-1 -2 4 -4 6 -5 9 8 -8 -3
right_child=1 2 3 5 -6 -7 7 -9 -10 -11
leaf_value=0.078169611297902855 -0.075307200198092242 0.0055621447543379643 0.040372265880700753 -0.094586192838744559 0.087055546249227331 -0.014708050337507895 0.01507547163874649 -0.031270498560370182 0.084662506081517916 -0.043997270300343928
leaf_weight=38 61 45 47 49 38 60 43 49 40 67
leaf_count=38 61 45 47 49 38 60 43 49 40 67
internal_value=-0.00390245 -0.0102423 -0.00108645 -0.0233856 0.0112737 -0.0509509 -0.000720582 0.0191914 0.0489932 -0.0241646
internal_weight=537 499 438 156 282 109 244 132 83 112
internal_count=537 499 438 156 282 109 244 132 83 112
is_linear=0
shrinkage=0.0862736


Tree=32
num_leaves=11
num_cat=0
split_feature=1 10 0 2 11 3 8 1 11 9
split_gain=56.1951 29.1276 31.3731 18.2145 26.5451 21.7701 37.9058 24.0258 21.6609 6.11021
threshold=41.650000000000013 7.7500000000000009 72.550000000000026 12.450000000000001 2.5071428571428593 -0.452744437932114 0.098500000000000018 75.350000000000009 1.6928571428571428 4.9000000000000004
decision_type=2 2 2 2 2 2 2 2 2 2
left_child=-1 2 3 -2 8 9 -7 -8 -5 -6
right_child=1 -3 -4 4 5 6 7 -9 -10 -11
leaf_value=0.085643075725681847 -0.041442781462789478 -0.08008587950444658 -0.071547519437028459 0.0017947945740694213 0.047265612298032791 -0.099461056663497124 0.047398951240498928 -0.038144986262608961 0.073944427758092554 0.0027123797186163821
leaf_weight=52 53 38 43 53 50 38 45 52 74 42
leaf_count=52 53 38 43 53 50 38 45 52 74 42
internal_value=0.000936602 -0.00818743 -0.00201342 0.0054313 0.0125098 -0.00517533 -0.0271813 0.0015897 0.0439909 0.0270815
internal_weight=540 488 450 407 354 227 135 97 127 92
internal_count=540 488 450 407 354 227 135 97 127 92
is_linear=0
shrinkage=0.0862736


Tree=33
num_leaves=10
num_cat=0
split_feature=1 10 1 3 2 3 1 6 9
split_gain=47.0321 24.3884 25.0686 17.8374 28.0185 27.1061 19.6256 40.8033 15.9596
threshold=41.650000000000013 7.7500000000000009 91.300000000000026 -0.039770090859911449 17.750000000000004 0.59868201182722736 75.850000000000009 12.15 4.7500000000000009
decision_type=2 2 2 2 2 2 2 2 2
left_child=-1 2 3 4 -2 -5 7 -7 -6
right_child=1 -3 -4 5 8 6 -8 -9 -10
leaf_value=0.078342036123688799 -0.014796665664173212 -0.073288309499706966 -0.058422728895909833 -0.057228710155187552 0.08415505258973531 -0.021120983655940766 -0.044295946188338542 0.078435634121035172 0.014470471400858907
leaf_weight=52 72 38 51 65 59 65 39 57 42
leaf_count=52 72 38 51 65 59 65 39 57 42
internal_value=0.00084863 -0.00749845 -0.00184898 0.00546226 0.026263 -0.0104889 0.00852937 0.0255558 0.0554443
internal_weight=540 488 450 399 173 226 161 122 101
internal_count=540 488 450 399 173 226 161 122 101
is_linear=0
shrinkage=0.0862736


Tree=34
num_leaves=12
num_cat=0
split_feature=1 6 3 5 4 1 3 7 7 2 2
split_gain=66.8256 24.0672 28.7069 35.1649 22.3903 20.6998 21.4811 15.9169 10.477 8.93807 2.56595
threshold=41.650000000000013 17.600000000000005 0.056951373111866661 0.045500000000000006 0.56901594657981336 74.550000000000011 0.70290292807158605 2805.0000000000005 4739.0000000000009 21.400000000000009 25.250000000000004
decision_type=2 2 2 2 2 2 2 2 2 2 2
left_child=-1 2 3 7 5 8 -7 -2 -4 -9 -11
right_child=1 -3 4 -5 -6 6 -8 9 -10 10 -12
leaf_value=0.089690190012900531 0.075563868873820356 0.05826573238012589 0.035763713700685117 -0.051295883704841332 -0.093888134836497369 -0.012361175666733497 -0.099220318289851978 -0.011496186553238648 -0.021803133520119422 0.048606763822024064 0.016612816424180877
leaf_weight=59 39 38 45 55 39 46 39 60 48 38 38
leaf_count=59 39 38 45 55 39 46 39 60 48 38 38
internal_value=0.00349707 -0.00709014 -0.0127197 0.00851168 -0.0351828 -0.0220371 -0.0526472 0.0274239 0.00610455 0.0133367 0.0328756
internal_weight=544 485 447 230 217 178 85 175 93 136 76
internal_count=544 485 447 230 217 178 85 175 93 136 76
is_linear=0
shrinkage=0.0862736


Tree=35
num_leaves=10
num_cat=0
split_feature=9 3 6 6 9 4 13 9 3
split_gain=57.8314 49.8453 26.8144 34.6446 27.4723 15.5802 16.4792 15.2843 13.4274
threshold=6.5500000000000016 0.12545942051955486 15.750000000000002 14.350000000000003 -0.099999999999997827 0.73136292505298039 1.555710447845811 1.6500000000000006 0.091259403071267911
decision_type=2 2 2 2 2 2 2 2 2
left_child=2 -2 3 4 -1 6 -6 -8 -9
right_child=1 -3 -4 -5 5 -7 7 8 -10
leaf_value=-0.076243201865434582 0.004604680752454752 0.13956985360247059 0.038799793350102384 -0.091066428463612764 0.026550467801252926 0.040539059075528121 0.018232841048007483 -0.0084306066243779905 -0.063366912575538725
leaf_weight=39 42 39 74 42 69 57 49 62 71
leaf_count=39 42 39 74 42 69 57 49 62 71
internal_value=0.00319877 0.0701586 -0.00859432 -0.0176579 -0.00862507 7.39304e-05 -0.00919318 -0.0227888 -0.0379166
internal_weight=544 81 463 389 347 308 251 182 133
internal_count=544 81 463 389 347 308 251 182 133
is_linear=0
shrinkage=0.0862736


Tree=36
num_leaves=10
num_cat=0
split_feature=11 0 4 3 9 8 4 13 6
split_gain=35.9577 66.3152 30.1648 38.0093 16.7955 13.2703 13.7874 14.5216 7.18661
threshold=5.1071428571428585 37.750000000000007 0.56901594657981336 -0.039770090859911449 0.65000000000000047 0.14650000000000002 -0.62587551141915865 1.6162108906853996 11.450000000000001
decision_type=2 2 2 2 2 2 2 2 2
left_child=2 -2 4 -4 -1 8 7 -7 -6
right_child=1 -3 3 -5 5 6 -8 -9 -10
leaf_value=-0.036709140437863039 0.13281145384929072 -0.011331659754444921 0.012670908518055558 -0.090117642971488776 0.016645990656183315 -0.02446022935640128 -0.040724353073668847 0.045248413765624163 0.060187914813906077
leaf_weight=60 40 57 45 65 67 38 49 52 49
leaf_count=60 40 57 45 65 67 38 49 52 49
internal_value=0.00135678 0.0485782 -0.00947629 -0.0482337 0.00412669 0.0138013 -0.00418634 0.0158501 0.0352625
internal_weight=522 97 425 110 315 255 139 90 116
internal_count=522 97 425 110 315 255 139 90 116
is_linear=0
shrinkage=0.0862736


Tree=37
num_leaves=11
num_cat=0
split_feature=10 3 1 13 6 5 12 6 12 3
split_gain=43.4803 47.0849 24.9438 30.6267 15.6622 17.896 10.8398 12.6496 8.95746 6.16664
threshold=6.650000000000003 0.056951373111866661 53.45000000000001 2.5465193952861753 8.5500000000000025 0.25050000000000006 3.3607142857142862 12.550000000000002 4.1750000000000016 -0.66528616069191593
decision_type=2 2 2 2 2 2 2 2 2 2
left_child=2 -2 3 -1 9 6 7 -6 -8 -4
right_child=1 -3 4 -5 5 -7 8 -9 -10 -11
leaf_value=0.012745688608985487 -0.001685546835308679 0.12814298624267897 0.003570040745653081 -0.08446413722291804 -0.0048589190737583299 -0.06338734323580146 -0.054098749442299164 0.05382391351589362 0.0027970052728533662 0.047130131133893992
leaf_weight=39 45 38 40 62 73 39 38 43 44 61
leaf_count=39 45 38 40 62 73 39 38 43 44 61
internal_value=0.00124634 0.0582672 -0.00960182 -0.04708 0.00166347 -0.0104624 0.000128803 0.017066 -0.023779 0.0300066
internal_weight=522 83 439 101 338 237 198 116 82 101
internal_count=522 83 439 101 338 237 198 116 82 101
is_linear=0
shrinkage=0.0862736


Tree=38
num_leaves=12
num_cat=0
split_feature=12 6 13 13 10 13 10 1 7 4 12
split_gain=22.2656 24.1769 13.2538 37.7852 21.4066 15.6661 12.6348 17.0775 16.8996 9.64923 2.80009
threshold=5.4500000000000002 6.8500000000000005 3.0689690796571099 2.5957836594489963 2.9000000000000026 2.2974816402331504 2.2999999999999994 74.250000000000014 5979.0000000000009 -0.7614016681079937 3.9714285714285715
decision_type=2 2 2 2 2 2 2 2 2 2 2
left_child=1 -1 3 5 -4 6 9 10 -9 -3 -8
right_child=-2 2 4 -5 -6 -7 7 8 -10 -11 -12
leaf_value=0.068937384387177406 -0.048330399358036312 -0.00018913116644103827 0.076946757724147399 -0.069861157399439613 -0.013482328344409829 0.055516072456786796 0.056886934369045183 -0.054416230933243097 0.02078576487526199 -0.060672976804100442 0.023248797749266983
leaf_weight=40 65 38 38 60 39 39 38 42 46 40 38
leaf_count=40 65 38 38 60 39 39 38 42 46 40 38
internal_value=-0.00132931 0.00539788 -0.000776231 -0.00808711 0.0314051 0.00522877 -0.00299744 0.0105991 -0.0152366 -0.0314421 0.0403945
internal_weight=523 458 418 341 77 281 242 164 88 78 76
internal_count=523 458 418 341 77 281 242 164 88 78 76
is_linear=0
shrinkage=0.0862736


Tree=39
num_leaves=11
num_cat=0
split_feature=2 4 10 10 0 13 9 8 7 13
split_gain=24.612 52.973 31.8459 24.2155 18.0394 17.8366 16.3691 8.20775 14.9323 5.27122
threshold=19.050000000000001 0.75438814418115718 3.2500000000000004 0.75000000000000011 39.750000000000007 2.5546390028052595 2.9000000000000026 0.14250000000000002 5861.5000000000009 1.7297111026683387
decision_type=2 2 2 2 2 2 2 2 2 2
left_child=2 4 3 -1 -2 -4 -5 -6 -9 -10
right_child=1 -3 5 6 7 -7 -8 8 9 -11
leaf_value=-0.042516693700115467 -0.047956866983787268 0.11051775762122736 -0.022693566859676391 0.062696054419573655 0.048522585123136591 -0.092183154385193103 -0.0093040059454132865 -0.037300113561649646 -0.0020816578859264934 0.037680441633615634
leaf_weight=49 44 38 60 54 38 51 41 45 41 62
leaf_count=49 44 38 60 54 38 51 41 45 41 62
internal_value=-0.00120893 0.0170278 -0.0203701 0.00641383 0.00132415 -0.0549584 0.0317645 0.0131035 0.00384372 0.0219357
internal_weight=523 268 255 144 230 111 95 186 148 103
internal_count=523 268 255 144 230 111 95 186 148 103
is_linear=0
shrinkage=0.0862736


Tree=40
num_leaves=11
num_cat=0
split_feature=1 7 7 0 9 10 12 8 7 6
split_gain=49.4456 34.6155 27.5253 15.1071 23.5363 28.4514 17.3741 11.5267 20.1959 11.1561
threshold=41.650000000000013 2471.5000000000005 1622.0000000000002 60.650000000000013 1.2500000000000002 2.6500000000000026 3.3071428571428578 0.14450000000000002 3712.5000000000005 10.950000000000001
decision_type=2 2 2 2 2 2 2 2 2 2
left_child=-1 2 -2 4 -3 -6 9 8 -7 -5
right_child=1 3 -4 6 5 7 -8 -9 -10 -11
leaf_value=0.071515387427365656 -0.019204418951312589 0.067822870844120142 -0.11576891059087767 0.016566009047759067 -0.0570824665221768 0.041013251237010759 -0.071863257147240914 0.057234551618872413 -0.039764521635099699 -0.041413450321159118
leaf_weight=56 50 44 39 65 50 47 40 40 44 39
leaf_count=56 50 44 39 65 50 47 40 40 44 39
internal_value=-0.00455199 -0.0139375 -0.0620311 -0.00225251 0.0117039 -0.00212462 -0.0240157 0.019023 0.00195105 -0.00529372
internal_weight=514 458 89 369 225 181 144 131 91 104
internal_count=514 458 89 369 225 181 144 131 91 104
is_linear=0
shrinkage=0.0862736


Tree=41
num_leaves=10
num_cat=0
split_feature=4 4 2 12 2 12 6 6 9
split_gain=30.2989 122.97 22.2742 43.6862 21.8724 22.7726 15.723 11.0269 6.11313
threshold=0.90803977035715633 0.78724360164103002 23.100000000000009 3.5678571428571435 18.550000000000001 2.6071428571428585 14.350000000000003 11.350000000000003 4.2999999999999998
decision_type=2 2 2 2 2 2 2 2 2
left_child=1 2 3 4 5 -1 8 -5 -4
right_child=-2 -3 6 7 -6 -7 -8 -9 -10
leaf_value=-0.013159844363427627 -0.057990407840719259 0.14710084065743753 0.056800459731172842 -0.10875328543217166 -0.039467735129006455 0.06591089454100009 -0.02992935090928648 -0.046447383406647343 0.015178852651444582
leaf_weight=58 67 40 47 39 65 50 39 49 60
leaf_count=58 67 40 47 39 65 50 39 49 60
internal_value=-0.00416879 0.00396809 -0.0103029 -0.0253763 -0.000143025 0.0236155 0.0166369 -0.0746321 0.0336848
internal_weight=514 447 407 261 173 108 146 88 107
internal_count=514 447 407 261 173 108 146 88 107
is_linear=0
shrinkage=0.0862736


Tree=42
num_leaves=10
num_cat=0
split_feature=1 4 4 4 1 1 4 3 9
split_gain=38.7417 37.8794 30.7717 21.9541 38.1674 10.7076 14.0397 8.73354 10.8013
threshold=36.250000000000007 0.8511460603353429 0.68274389090025245 0.48126256173783166 64.450000000000017 93.850000000000009 -0.88620506325989179 -0.79384350655589164 3.3499999999999983
decision_type=2 2 2 2 2 2 2 2 2
left_child=-1 2 3 4 -2 6 -6 -8 -9
right_child=1 -3 -4 -5 5 -7 7 8 -10
leaf_value=0.089710343479816879 0.069077570861526078 -0.058982757784097797 0.082847699360384636 -0.05611013713061333 0.048529483741332591 -0.04533279174055857 0.017634290848696502 -0.042909311973150281 0.0075935876441332343
leaf_weight=40 67 65 40 40 42 38 73 68 58
leaf_count=40 67 65 40 40 42 38 73 68 58
internal_value=0.00874247 0.00204072 0.0114245 0.00390129 0.0109276 -0.0031598 0.00358988 -0.00601702 -0.0197392
internal_weight=531 491 426 386 346 279 241 199 126
internal_count=531 491 426 386 346 279 241 199 126
is_linear=0
shrinkage=0.0862736


Tree=43
num_leaves=10
num_cat=0
split_feature=13 4 4 12 4 8 8 3 0
split_gain=30.9305 28.2512 28.8466 16.1124 15.4712 17.805 15.0565 11.5821 19.1819
threshold=3.9413853402608194 0.83258597624099873 0.66367808336324663 5.0535714285714306 0.38838672039864403 0.15100000000000002 0.097500000000000017 0.46800856592688467 69.350000000000009
decision_type=2 2 2 2 2 2 2 2 2
left_child=1 2 3 4 5 6 -1 8 -7
right_child=-2 -3 -4 -5 -6 7 -8 -9 -10
leaf_value=-0.0036981539995890773 0.080346047133120616 -0.047672903533200146 0.080657566051899526 0.050235538540651763 -0.047856668152181328 0.037628745624319726 0.057982244518355888 -0.045553062986831983 -0.034031955066719015
leaf_weight=54 40 72 39 47 49 56 64 56 54
leaf_count=54 40 72 39 47 49 56 64 56 54
internal_value=0.00799959 0.00201119 0.010607 0.00329709 -0.00340949 0.0043474 0.0298848 -0.0138497 0.00245633
internal_weight=531 491 419 380 333 284 118 166 110
internal_count=531 491 419 380 333 284 118 166 110
is_linear=0
shrinkage=0.0862736


Tree=44
num_leaves=10
num_cat=0
split_feature=9 8 0 1 8 9 6 12 11
split_gain=26.9639 27.85 48.3561 50.666 13.9281 21.131 13.2994 13.1038 9.24777
threshold=-0.84999999999999953 0.036500000000000005 31.950000000000003 57.45000000000001 0.21950000000000003 4.549999999999998 11.350000000000003 2.5785714285714296 3.8285714285714296
decision_type=2 2 2 2 2 2 2 2 2
left_child=-1 -2 -3 -4 5 7 -7 -5 -9
right_child=1 2 3 4 -6 6 -8 8 -10
leaf_value=-0.071637827815869706 0.056962927215701696 -0.06878022467510371 0.10176774589946079 -0.0035448287817336425 -0.03730568342315177 0.0046073206383280925 -0.059543746477504489 0.072120185044309865 0.015902297397419784
leaf_weight=38 62 72 38 63 68 52 44 50 39
leaf_count=38 62 72 38 63 68 52 44 50 39
internal_value=-0.00224677 0.00324129 -0.0046493 0.00849245 -0.00290282 0.00660024 -0.0249901 0.0265726 0.0477679
internal_weight=526 488 426 354 316 248 96 152 89
internal_count=526 488 426 354 316 248 96 152 89
is_linear=0
shrinkage=0.0862736


Tree=45
num_leaves=10
num_cat=0
split_feature=4 4 4 8 9 10 9 11 6
split_gain=22.7883 46.7792 23.2002 18.51 12.405 16.7533 12.4656 10.5596 6.30083
threshold=0.90803977035715633 0.75438814418115718 0.59003219687534991 0.20249999999999999 0.59999999999999798 2.6500000000000026 4.5999999999999988 2.5928571428571425 10.65
decision_type=2 2 2 2 2 2 2 2 2
left_child=1 2 3 4 -1 8 -7 -5 -6
right_child=-2 -3 -4 7 5 6 -8 -9 -10
leaf_value=-0.026295151254485224 -0.049210749948408863 0.087692576883362502 -0.063110858036837303 -0.0014912887804930698 0.030201792571390263 0.03035640332680857 -0.01987211510263882 -0.056354474533403212 0.080483578319892765
leaf_weight=45 66 45 44 54 38 75 71 50 38
leaf_count=45 66 45 44 54 38 75 71 50 38
internal_value=-0.00205186 0.00477197 -0.00433769 0.00272707 0.0147514 0.023122 0.0059496 -0.0280468 0.0557938
internal_weight=526 460 415 371 267 222 146 104 76
internal_count=526 460 415 371 267 222 146 104 76
is_linear=0
shrinkage=0.0862736


Tree=46
num_leaves=11
num_cat=0
split_feature=9 9 12 13 11 12 13 8 9 6
split_gain=19.9161 17.5847 25.4162 24.9343 24.679 21.825 18.7291 13.2401 13.8752 8.27056
threshold=-0.65000000000000202 4.2999999999999998 2.803571428571431 2.9971015827693361 2.5928571428571425 3.3892857142857147 2.4469122323827208 0.078500000000000014 5.650000000000003 11.850000000000003
decision_type=2 2 2 2 2 2 2 2 2 2
left_child=-1 2 4 7 9 -4 -7 -3 -9 -2
right_child=1 3 5 -5 -6 6 -8 8 -10 -11
leaf_value=-0.060578611930969417 -0.0091702401360037513 -0.077040852927980255 0.086172649715226049 0.029472246259279848 -0.063045257506507843 0.050724407514788857 -0.021539165706509367 -0.052375360552242053 0.011588181328833111 0.043144795378082565
leaf_weight=41 50 43 49 58 46 56 50 49 51 40
leaf_count=41 50 43 49 58 46 56 50 49 51 40
internal_value=-0.00327636 0.00156958 0.0151124 -0.0180233 -0.0120839 0.0389278 0.0167113 -0.0373317 -0.0198845 0.014218
internal_weight=533 492 291 201 136 155 106 143 100 90
internal_count=533 492 291 201 136 155 106 143 100 90
is_linear=0
shrinkage=0.0862736


Tree=47
num_leaves=10
num_cat=0
split_feature=6 9 10 0 0 4 10 4 0
split_gain=18.5193 30.9042 17.678 24.0808 22.4729 32.024 26.104 10.0306 15.7867
threshold=15.350000000000003 4.7500000000000009 1.3499999999999981 43.150000000000013 45.45000000000001 0.89309379682046119 5.7999999999999998 -0.30164489695395941 67.550000000000011
decision_type=2 2 2 2 2 2 2 2 2
left_child=2 -2 3 -1 5 6 -4 8 -6
right_child=1 -3 4 -5 7 -7 -8 -9 -10
leaf_value=-0.087910111458257806 0.064394263990847911 -0.032449082750181706 0.01601699752437789 -0.0054931528402466573 0.020851256200406999 -0.040838280843836575 0.1040579560246294 -0.049257563332860674 -0.045665872851520552
leaf_weight=46 67 38 69 61 65 41 39 63 44
leaf_count=46 67 38 69 61 65 41 39 63 44
internal_value=-0.00300002 0.0293616 -0.0109704 -0.0412293 -0.000823644 0.0236495 0.0482251 -0.0220331 -0.00610689
internal_weight=533 105 428 107 321 149 108 172 109
internal_count=533 105 428 107 321 149 108 172 109
is_linear=0
shrinkage=0.0862736


Tree=48
num_leaves=11
num_cat=0
split_feature=7 2 8 11 6 1 3 3 4 4
split_gain=19.633 16.7349 19.3156 10.2671 19.2032 16.2286 12.9916 18.5141 9.29039 8.64097
threshold=1195.0000000000002 24.250000000000007 0.12150000000000001 3.1857142857142864 8.1500000000000004 59.050000000000004 0.35846314187849704 -0.49813634056773481 -0.23537842981696172 -0.67801649466304881
decision_type=2 2 2 2 2 2 2 2 2 2
left_child=-1 3 -3 4 -2 -6 7 -5 -4 -7
right_child=1 2 8 6 5 9 -8 -9 -10 -11
leaf_value=-0.052780541719542218 0.067336913982586469 0.087222775776251191 0.037505727906618144 -0.0059482135663686507 0.047095883013099755 0.0023765154564595273 0.01250616458325767 -0.082108830174370928 -0.017418896417781573 -0.048229111480291249
leaf_weight=40 39 38 54 62 38 61 73 38 39 42
leaf_count=40 39 38 54 62 38 61 73 38 39 42
internal_value=0.00483788 0.00966162 0.0359162 -0.000127821 0.0142725 -0.000637143 -0.0151082 -0.0352193 0.0145103 -0.0184251
internal_weight=524 484 131 353 180 141 173 100 93 103
internal_count=524 484 131 353 180 141 173 100 93 103
is_linear=0
shrinkage=0.0862736


Tree=49
num_leaves=13
num_cat=0
split_feature=7 0 4 2 12 2 4 7 10 12 13 11
split_gain=16.4381 15.7557 19.8483 14.7505 31.6865 23.827 15.0573 13.0465 10.0959 5.98222 4.39743 4.12736
threshold=1195.0000000000002 60.45000000000001 -0.57077231802681661 23.100000000000009 3.539285714285715 26.100000000000005 0.50370931781787065 3529.5000000000005 4.2999999999999998 2.6821428571428574 2.1408163665983486 1.9214285714285715
decision_type=2 2 2 2 2 2 2 2 2 2 2 2
left_child=-1 3 9 4 7 -5 -6 -2 -8 11 -7 -3
right_child=1 2 -4 5 6 10 8 -9 -10 -11 -12 -13
leaf_value=-0.04829698263182769 0.080684464765543834 0.012003335985950816 -0.062855710311896254 0.095711536061065416 0.019595561214348793 0.035476346833421747 -0.012943471135916906 0.012705693564092369 -0.074647814086764297 0.033101964341931953 -0.0057789219188372591 -0.026700647128607601
leaf_weight=40 41 39 43 42 41 38 39 43 40 38 38 42
leaf_count=40 41 39 43 42 41 38 39 43 40 38 38 42
internal_value=0.00442539 0.00883924 -0.0130729 0.0198673 0.00578122 0.044061 -0.0226302 0.0462364 -0.0445266 0.00515005 0.0149697 -0.00811614
internal_weight=524 484 162 322 204 118 120 84 79 119 76 81
internal_count=524 484 162 322 204 118 120 84 79 119 76 81
is_linear=0
shrinkage=0.0862736


Tree=50
num_leaves=11
num_cat=0
split_feature=1 4 13 13 1 4 6 1 11 1
split_gain=38.9989 35.2453 27.386 31.9365 8.44684 27.0538 10.1317 17.6707 11.4821 5.03194
threshold=36.250000000000007 0.8511460603353429 3.5279788164706027 3.0689690796571099 64.350000000000009 0.48126256173783166 10.950000000000001 76.950000000000017 4.0071428571428589 83.950000000000017
decision_type=2 2 2 2 2 2 2 2 2 2
left_child=-1 2 3 4 5 -2 7 -6 -8 -9
right_child=1 -3 -4 -5 6 -7 8 9 -10 -11
leaf_value=0.080191775541622157 0.064735972624178753 -0.068733608994264436 -0.069532030903547246 0.078087014881406666 -0.03971685488224027 -0.02634869847133807 -0.048623778182110056 0.047965859977277273 0.0052630115412344563 0.0093368334704709115
leaf_weight=39 49 63 38 41 44 47 75 42 48 62
leaf_count=39 49 63 38 41 44 47 75 42 48 62
internal_value=-0.0022558 -0.00866354 -9.40516e-05 0.0064696 -0.00165032 0.0202604 -0.00944078 0.00576548 -0.0276744 0.0251302
internal_weight=548 509 446 408 367 96 271 148 123 104
internal_count=548 509 446 408 367 96 271 148 123 104
is_linear=0
shrinkage=0.0862736


Tree=51
num_leaves=12
num_cat=0
split_feature=1 4 13 13 0 0 3 0 0 9 10
split_gain=32.6516 29.4832 22.9363 26.7363 13.6456 18.5221 18.2549 9.80692 12.0689 12.4833 7.24286
threshold=36.250000000000007 0.8511460603353429 3.5279788164706027 3.0689690796571099 46.250000000000007 38.250000000000007 0.73865729060996177 73.65000000000002 56.850000000000001 3.9000000000000026 2.0999999999999983
decision_type=2 2 2 2 2 2 2 2 2 2 2
left_child=-1 2 3 4 5 -2 7 8 -6 10 -10
right_child=1 -3 -4 -5 6 -7 -8 -9 9 -11 -12
leaf_value=0.073382393013737848 -0.014489878105567762 -0.062861925572402777 -0.063630256417382652 0.071451253331700854 -0.031976130738156416 0.053255705867849133 -0.062383777206549362 -0.039867124558719789 0.026587664906620526 0.057659899890665396 -0.02624665534370638
leaf_weight=39 55 63 38 41 42 65 45 40 38 44 38
leaf_count=39 55 63 38 41 42 65 45 40 38 44 38
internal_value=-0.00205798 -0.00792113 -8.33838e-05 0.00592341 -0.0015061 0.0222914 -0.0130947 -0.001956 0.00752193 0.0214402 0.000171895
internal_weight=548 509 446 408 367 120 247 202 162 120 76
internal_count=548 509 446 408 367 120 247 202 162 120 76
is_linear=0
shrinkage=0.0862736


Tree=52
num_leaves=12
num_cat=0
split_feature=2 12 9 13 1 0 6 10 7 10 12
split_gain=42.4753 37.5416 24.293 16.1639 11.8439 21.6931 25.8427 21.6445 11.7693 10.7902 7.03716
threshold=24.199999999999999 4.1464285714285731 7.2500000000000009 3.3799816073265663 45.900000000000006 45.850000000000009 10.750000000000002 1.5499999999999974 5584.0000000000009 3.2500000000000004 2.9500000000000006
decision_type=2 2 2 2 2 2 2 2 2 2 2
left_child=2 9 3 4 -1 6 -6 -7 10 -2 -9
right_child=1 -3 -4 -5 5 7 -8 8 -10 -11 -12
leaf_value=-0.034317735279018664 0.044891288791219786 0.11194454130606488 -0.071449776666375725 -0.043774465591206284 0.00055975655725122684 0.038437890052222097 0.10077815908752294 0.018717955248201221 -0.062188517164655795 -0.014850065891570546 -0.030581409491881619
leaf_weight=47 43 43 42 59 38 61 38 43 40 46 42
leaf_count=47 43 43 42 59 38 61 38 43 40 46 42
internal_value=0.00392373 0.0463679 -0.00979095 -0.00264466 0.00528106 0.0124494 0.051082 -0.0034541 -0.0239869 0.0141254 -0.00568711
internal_weight=542 132 410 368 309 262 76 186 125 89 85
internal_count=542 132 410 368 309 262 76 186 125 89 85
is_linear=0
shrinkage=0.0862736


Tree=53
num_leaves=10
num_cat=0
split_feature=2 12 9 10 6 7 9 1 10
split_gain=35.5575 33.0333 20.3393 11.5678 19.4058 17.7225 18.5745 15.7353 4.4354
threshold=24.199999999999999 3.4642857142857149 7.2500000000000009 6.8500000000000005 15.350000000000003 6444.5000000000009 4.8500000000000005 56.150000000000006 2.0999999999999983
decision_type=2 2 2 2 2 2 2 2 2
left_child=2 -2 3 4 5 6 7 -1 -9
right_child=1 -3 -4 -5 -6 -7 -8 8 -10
leaf_value=-0.038104864897227822 0.0046443711809149562 0.091547742005621768 -0.065375872922482148 -0.045845994362558547 0.053883408595623697 -0.053041695938467796 0.058876292141664698 0.030366652904618048 -0.0025695852628624199
leaf_weight=73 75 57 42 40 47 48 38 55 67
leaf_count=73 75 57 42 40 47 48 38 55 67
internal_value=0.003591 0.0424252 -0.00895725 -0.00241831 0.00295482 -0.00566409 0.00421181 -0.00659472 0.0123578
internal_weight=542 132 410 368 328 281 233 195 122
internal_count=542 132 410 368 328 281 233 195 122
is_linear=0
shrinkage=0.0862736


Tree=54
num_leaves=12
num_cat=0
split_feature=11 10 13 11 10 6 13 13 10 6 0
split_gain=23.004 21.3158 16.2752 12.2875 8.58258 12.0631 34.6519 22.3078 14.1252 11.7776 6.93232
threshold=6.6428571428571432 7.1500000000000012 3.0689690796571099 3.2500000000000013 0.79999999999999905 11.15 1.7229539188250327 1.5221360322102997 4.7999999999999998 12.950000000000001 53.350000000000001
decision_type=2 2 2 2 2 2 2 2 2 2 2
left_child=1 2 4 -4 -1 7 -7 -6 10 -8 -9
right_child=-2 -3 3 -5 5 6 9 8 -10 -11 -12
leaf_value=-0.035006864462433895 0.062432955455664373 -0.065755168412332199 0.00088008617927180343 0.069993482083671052 0.038797214298096815 -0.041462316624106627 0.083545934271596498 -0.042429993013166814 -0.078123427899693745 0.021019573592269757 0.0070633431887708199
leaf_weight=70 39 40 38 38 39 49 39 38 39 53 46
leaf_count=70 39 40 38 38 39 49 39 38 39 53 46
internal_value=-0.000794499 -0.00591039 -0.000495069 0.0357256 -0.00792254 -0.0016063 0.0168056 -0.0176345 -0.0356331 0.0479099 -0.0154744
internal_weight=528 489 449 76 373 303 141 162 123 92 84
internal_count=528 489 449 76 373 303 141 162 123 92 84
is_linear=0
shrinkage=0.0862736


Tree=55
num_leaves=11
num_cat=0
split_feature=11 0 10 2 6 12 2 10 10 12
split_gain=20.9439 48.8029 22.7041 13.9994 17.9382 17.0858 30.8076 5.46098 9.43593 4.29718
threshold=4.9500000000000011 41.95000000000001 6.1500000000000012 27.400000000000009 15.350000000000003 3.3321428571428577 15.000000000000007 1.7000000000000013 3.8499999999999983 2.1035714285714291
decision_type=2 2 2 2 2 2 2 2 2 2
left_child=2 -2 3 4 5 7 -7 9 -9 -1
right_child=1 -3 -4 -5 -6 6 -8 8 -10 -11
leaf_value=0.00020025787086546803 0.084834366804364139 -0.029408947278568246 -0.066339941242264416 0.046018734046489186 0.036997779117700483 0.006183372759654973 -0.094603464616113714 0.03141854868849938 -0.019527315082676435 -0.040141378782707654
leaf_weight=40 60 51 46 39 54 42 48 64 46 38
leaf_count=40 60 51 46 39 54 42 48 64 46 38
internal_value=-0.000723818 0.0324733 -0.00959582 -0.00246049 -0.00823106 -0.0170798 -0.0478511 -0.00223911 0.0101239 -0.0196161
internal_weight=528 111 417 371 332 278 90 188 110 78
internal_count=528 111 417 371 332 278 90 188 110 78
is_linear=0
shrinkage=0.0862736


Tree=56
num_leaves=11
num_cat=0
split_feature=3 3 11 13 9 13 6 1 1 10
split_gain=15.8024 27.3181 25.4838 16.702 17.4798 22.0244 22.0494 16.2877 15.1401 5.1978
threshold=0.70290292807158605 0.83376496542330847 3.7142857142857149 3.6952987314867913 0.4500000000000029 2.3210729829676304 7.7500000000000009 59.250000000000007 89.250000000000014 3.9500000000000033
decision_type=2 2 2 2 2 2 2 2 2 2
left_child=3 -2 -3 4 -1 6 -6 -7 9 -8
right_child=1 2 -4 -5 5 7 8 -9 -10 -11
leaf_value=0.054150587878295672 -0.087750280137689651 0.035415698207673978 -0.045377848211134303 0.055191376962291538 -0.045939429481322638 -0.076629936697872339 0.02270329418801045 -0.0032335627466666601 -0.02091392490414918 0.061597530304738239
leaf_weight=38 39 58 57 46 41 48 52 42 38 52
leaf_count=38 39 58 57 46 41 48 52 42 38 52
internal_value=-0.00292897 -0.0259708 -0.0046586 0.00703862 -0.000179991 -0.00784883 0.00934676 -0.0426366 0.0254409 0.042402
internal_weight=511 154 115 357 311 273 183 90 142 104
internal_count=511 154 115 357 311 273 183 90 142 104
is_linear=0
shrinkage=0.0862736


Tree=57
num_leaves=11
num_cat=0
split_feature=12 2 4 8 6 2 3 10 2 1
split_gain=19.7783 18.4674 34.9854 16.1757 17.113 14.4004 10.4409 6.1677 10.7345 5.00793
threshold=3.6357142857142866 13.950000000000001 0.77652048701313048 0.044500000000000005 14.950000000000001 23.849999999999998 -0.26866367175705824 3.9000000000000026 20.250000000000004 83.350000000000009
decision_type=2 2 2 2 2 2 2 2 2 2
left_child=3 -2 5 -1 6 -3 9 8 -8 -5
right_child=1 2 -4 4 -6 -7 7 -9 -10 -11
leaf_value=0.061687084006486141 -0.070591729831178077 -0.057019051878259147 0.058525799202879765 -0.0043275792013032924 0.050289758373551804 0.0011904531789913209 -0.036083732452721659 -0.05119796145049383 0.023893995337180909 0.038616424722658194
leaf_weight=41 46 72 42 40 47 56 50 38 39 40
leaf_count=41 46 72 42 40 47 56 50 38 39 40
internal_value=-0.00268162 -0.0224824 -0.00925387 0.0118335 0.00365465 -0.0316703 -0.00705342 -0.0223894 -0.009818 0.0172772
internal_weight=511 216 170 295 254 128 207 127 89 80
internal_count=511 216 170 295 254 128 207 127 89 80
is_linear=0
shrinkage=0.0862736


Tree=58
num_leaves=11
num_cat=0
split_feature=10 13 13 0 9 11 12 0 10 13
split_gain=20.9218 13.3521 16.343 30.0254 20.9618 18.6028 16.5519 8.65448 11.537 11.0226
threshold=7.7500000000000009 3.7594595839794471 2.3585154388817311 37.050000000000004 0.90000000000000224 2.7214285714285724 3.8142857142857154 60.45000000000001 2.7500000000000004 1.9023791289462235
decision_type=2 2 2 2 2 2 2 2 2 2
left_child=1 2 3 -1 -4 -6 -7 9 -9 -5
right_child=-2 -3 4 7 5 6 -8 8 -10 -11
leaf_value=-0.077321713495160871 -0.064404269900401406 -0.049987505143828728 0.079249201389572185 0.039581610835006484 -0.036060071388906711 0.071912290034810117 -0.0076680930618944314 0.01135744706011208 -0.040689644816839683 -0.015762638750463544
leaf_weight=41 42 38 39 72 46 39 38 66 60 42
leaf_count=41 42 38 39 72 46 39 38 66 60 42
internal_value=-0.00647329 -0.0013379 0.0028997 -0.00967909 0.0246718 0.00705387 0.0328932 0.00204723 -0.0135053 0.0192168
internal_weight=523 481 443 281 162 123 77 240 126 114
internal_count=523 481 443 281 162 123 77 240 126 114
is_linear=0
shrinkage=0.0862736


Tree=59
num_leaves=11
num_cat=0
split_feature=2 10 2 4 0 0 4 13 12 6
split_gain=19.7511 17.3949 18.321 14.7541 16.856 10.8425 17.6222 9.79653 6.62301 4.63486
threshold=9.0500000000000025 6.2500000000000009 22.050000000000004 0.74298546529340237 42.850000000000001 60.150000000000013 -0.8611288361322974 2.0613133961410059 3.475000000000001 9.5500000000000025
decision_type=2 2 2 2 2 2 2 2 2 2
left_child=-1 3 -3 4 8 7 -7 -6 -2 -8
right_child=1 2 -4 -5 5 6 9 -9 -10 -11
leaf_value=-0.063699480077256065 -0.011700729442126559 -0.074605315161402036 0.0068048802690279953 0.04215288462241177 0.058904050289517694 0.024862458337984276 -0.012416486611100465 0.0052471745939325467 -0.061415731755323645 -0.055118870354278295
leaf_weight=40 42 44 38 70 49 74 38 52 38 38
leaf_count=40 42 44 38 70 49 74 38 52 38 38
internal_value=-0.00592405 -0.00106325 -0.0371124 0.00635464 -0.00128112 0.00972101 -0.00500034 0.0314808 -0.0356082 -0.0340429
internal_weight=523 483 82 401 331 251 150 101 80 76
internal_count=523 483 82 401 331 251 150 101 80 76
is_linear=0
shrinkage=0.0862736


Tree=60
num_leaves=11
num_cat=0
split_feature=2 8 0 0 6 3 9 11 1 4
split_gain=18.2927 33.129 29.4615 11.7532 8.05885 11.8537 9.74315 19.3661 11.271 1.95312
threshold=9.0500000000000025 0.043500000000000004 32.250000000000007 73.750000000000014 10.15 0.34235194516023087 6.1500000000000012 3.4500000000000006 77.550000000000011 -0.4831374111459158
decision_type=2 2 2 2 2 2 2 2 2 2
left_child=-1 -2 -3 4 5 9 7 8 -6 -4
right_child=1 2 3 -5 6 -7 -8 -9 -10 -11
leaf_value=-0.044830285224215331 0.067333754396612627 -0.054993735560338222 0.0019842692700965917 -0.035680132917663497 0.041933915041041485 -0.039972022117032623 -0.011271922146828529 0.074811193427734554 -0.02399447218599781 0.026287021444653894
leaf_weight=53 61 62 45 38 38 40 38 59 38 54
leaf_count=53 61 62 45 38 38 40 38 59 38 54
internal_value=0.00293195 0.00833581 -0.000488025 0.00924803 0.0147804 -0.000697568 0.0271742 0.0379982 0.00904283 0.015322
internal_weight=526 473 412 350 312 139 173 135 76 99
internal_count=526 473 412 350 312 139 173 135 76 99
is_linear=0
shrinkage=0.0862736


Tree=61
num_leaves=10
num_cat=0
split_feature=2 8 6 0 0 5 7 13 10
split_gain=15.3042 27.9155 16.1519 11.013 7.89076 12.201 11.9942 28.8616 9.19302
threshold=9.0500000000000025 0.037500000000000006 16.450000000000003 32.250000000000007 64.050000000000011 1.0000000180025095e-35 4202.5000000000009 2.1408163665983486 2.6500000000000026
decision_type=2 2 2 2 2 2 2 2 2
left_child=-1 -2 3 -3 5 6 -5 -8 -6
right_child=1 2 -4 4 8 -7 7 -9 -10
leaf_value=-0.041007664910450277 0.076002631910251861 -0.036901672286921511 0.045531944828998333 -0.032550837242125444 0.0038256263477995205 0.052260916425831534 -0.019325015509496796 0.071535628839638946 -0.046505005383112273
leaf_weight=53 40 66 53 53 66 43 64 43 45
leaf_count=53 40 66 53 53 66 43 64 43 45
internal_value=0.00267917 0.00762193 0.00120463 -0.00504243 0.00171406 0.0118167 0.000786403 0.0173923 -0.0167247
internal_weight=526 473 433 380 314 203 160 107 111
internal_count=526 473 433 380 314 203 160 107 111
is_linear=0
shrinkage=0.0862736


Tree=62
num_leaves=11
num_cat=0
split_feature=0 8 1 9 6 8 10 12 6 8
split_gain=25.009 25.0143 18.8843 20.1677 14.5087 12.6119 11.3423 13.2142 10.7663 6.53717
threshold=26.950000000000003 0.032500000000000008 67.350000000000009 4.549999999999998 12.350000000000003 0.071500000000000008 1.4000000000000024 2.9714285714285724 11.350000000000003 0.20249999999999999
decision_type=2 2 2 2 2 2 2 2 2 2
left_child=-1 -2 4 6 5 -3 -4 9 -5 -8
right_child=1 2 3 8 -6 -7 7 -9 -10 -11
leaf_value=0.056750191391208779 -0.069062826084766937 0.03369134952587103 0.034370047668249776 -0.016457778119480852 0.053682772938391542 -0.033920690960072074 -0.0080171607794279707 0.024551522341681672 -0.078016353451897003 -0.057332597387931991
leaf_weight=57 39 42 63 45 75 39 42 50 40 38
leaf_count=57 39 42 63 45 75 39 42 50 40 38
internal_value=0.00308806 -0.00344494 0.00254237 -0.0109349 0.0265075 0.00112695 0.00451138 -0.0100537 -0.0457843 -0.0317047
internal_weight=530 473 434 278 156 81 193 130 85 80
internal_count=530 473 434 278 156 81 193 130 85 80
is_linear=0
shrinkage=0.0862736


Tree=63
num_leaves=11
num_cat=0
split_feature=5 4 4 4 4 12 3 6 10 6
split_gain=18.7732 26.0356 28.7254 17.146 16.2282 14.2725 8.49105 8.87257 8.64836 5.9069
threshold=0.083000000000000004 0.75438814418115718 0.90070004940655357 0.089118976521498958 0.56191161272202661 4.6821428571428578 0.9193901325473397 12.250000000000002 2.5499999999999976 8.8500000000000032
decision_type=2 2 2 2 2 2 2 2 2 2
left_child=1 4 -3 -2 5 6 7 8 -1 -10
right_child=3 2 -4 -5 -6 -7 -8 -9 9 -11
leaf_value=0.016139727324827432 0.0011437592339364647 0.10657088321808418 0.011459338645217074 -0.0688459504085603 -0.053352510331706252 0.047795377924337731 -0.03857384530109971 0.039096439305609618 -0.048254159658741025 -0.0017897821675346094
leaf_weight=75 59 39 59 46 38 50 40 43 39 42
leaf_count=75 59 39 59 46 38 50 40 43 39 42
internal_value=0.00281557 0.0108916 0.049745 -0.0297442 -0.000825204 0.00618166 -0.00262602 0.00469775 -0.00490204 -0.0243596
internal_weight=530 425 98 105 327 289 239 199 156 81
internal_count=530 425 98 105 327 289 239 199 156 81
is_linear=0
shrinkage=0.0862736


Tree=64
num_leaves=9
num_cat=0
split_feature=1 4 0 0 11 6 1 2
split_gain=27.8571 23.9883 21.9398 21.0953 16.1455 13.0739 9.02832 7.09684
threshold=41.650000000000013 0.47369649395226454 36.550000000000004 60.650000000000013 3.5571428571428574 9.8500000000000032 63.550000000000004 18.950000000000006
decision_type=2 2 2 2 2 2 2 2
left_child=-1 3 -3 5 7 -2 -7 -5
right_child=1 2 -4 4 -6 6 -8 -9
leaf_value=0.061058562168807846 0.00072876665485753511 -0.0024163682772414458 -0.079272200650815736 -0.015560759936796606 -0.05800567387273016 0.084031870823712634 0.031680714213410184 0.025197801126642008
leaf_weight=62 62 66 47 64 40 38 71 62
leaf_count=62 62 66 47 64 40 38 71 62
internal_value=0.00714726 -0.000354851 -0.034643 0.0111852 -0.0107071 0.0323989 0.0503064 0.0045204
internal_weight=512 450 113 337 166 171 109 126
internal_count=512 450 113 337 166 171 109 126
is_linear=0
shrinkage=0.0862736


Tree=65
num_leaves=10
num_cat=0
split_feature=1 4 0 0 6 4 6 12 7
split_gain=23.3027 20.1513 25.4755 15.1717 13.448 11.5812 9.99495 7.81277 2.20223
threshold=41.650000000000013 0.56191161272202661 36.150000000000013 60.650000000000013 10.950000000000001 0.21652257995689159 13.050000000000002 3.2750000000000012 6171.0000000000009
decision_type=2 2 2 2 2 2 2 2 2
left_child=-1 3 -3 5 8 6 7 -2 -5
right_child=1 2 -4 4 -6 -7 -8 -9 -10
leaf_value=0.055843359006343456 -0.0017689391118860685 0.0016645996007977478 -0.088384005470322213 -0.00024819115590984573 -0.040214713368958106 -0.0049375643638786791 0.075502651381172681 0.0500324632164484 0.025788683564999759
leaf_weight=62 44 57 39 62 65 61 41 42 39
leaf_count=62 44 57 39 62 65 61 41 42 39
internal_value=0.00653563 -0.000325865 -0.0352525 0.00919117 -0.00979898 0.025936 0.0407166 0.0237078 0.00990236
internal_weight=512 450 96 354 166 188 127 86 101
internal_count=512 450 96 354 166 188 127 86 101
is_linear=0
shrinkage=0.0862736


Tree=66
num_leaves=10
num_cat=0
split_feature=0 13 8 1 6 12 4 0 13
split_gain=18.1967 34.6075 29.4786 23.5875 17.352 13.2481 13.5741 10.8425 6.96249
threshold=36.550000000000004 2.9156392565362039 0.036500000000000005 46.800000000000004 7.7500000000000009 4.7571428571428589 -0.013976481981245098 69.550000000000011 1.6354698756059032
decision_type=2 2 2 2 2 2 2 2 2
left_child=2 4 -1 -4 -2 6 7 8 -6
right_child=1 -3 3 -5 5 -7 -8 -9 -10
leaf_value=0.08665906236258214 -0.04757708244898471 -0.070652441742480615 -0.041440827856427408 0.037416360072815145 0.00035977082467197679 0.052557072098840751 -0.043030602911574664 -0.020599061040995931 0.044858654290867848
leaf_weight=39 48 63 53 59 44 42 43 53 64
leaf_count=39 48 63 53 59 44 42 43 53 64
internal_value=-0.00234493 -0.0129611 0.0227042 7.71393e-05 -0.000475093 0.00881275 -0.000326362 0.0112013 0.0268358
internal_weight=508 357 151 112 294 246 204 161 108
internal_count=508 357 151 112 294 246 204 161 108
is_linear=0
shrinkage=0.0862736


Tree=67
num_leaves=10
num_cat=0
split_feature=11 2 9 11 13 4 7 4 10
split_gain=14.2177 41.721 16.949 24.2027 16.1912 32.0441 17.8062 13.0364 8.37527
threshold=5.2785714285714294 22.250000000000004 1.1500000000000006 2.5642857142857154 3.4707605378627338 0.51113019672828186 5543.0000000000009 -0.62587551141915865 3.5499999999999976
decision_type=2 2 2 2 2 2 2 2 2
left_child=2 -2 3 -1 5 6 8 -8 -4
right_child=1 -3 4 -5 -6 -7 7 -9 -10
leaf_value=0.053516531464146457 -0.024378030023681201 0.09639587211274335 -0.0073967304148513371 -0.032629305055692309 0.033303075964011858 -0.077933291267007557 -0.0097782016319934145 -0.07147646311488208 0.04031056412617566
leaf_weight=65 47 38 58 38 39 66 64 42 51
leaf_count=65 47 38 58 38 39 66 64 42 51
internal_value=-0.00214278 0.0299243 -0.00862114 0.0217295 -0.0184135 -0.0256492 -0.00941999 -0.0345002 0.0150275
internal_weight=508 85 423 103 320 281 215 106 109
internal_count=508 85 423 103 320 281 215 106 109
is_linear=0
shrinkage=0.0862736


Tree=68
num_leaves=12
num_cat=0
split_feature=3 3 9 2 9 9 6 6 6 4 13
split_gain=18.7504 30.9128 19.1053 17.1018 25.1026 19.2665 14.1738 13.2719 16.7684 12.9298 3.91561
threshold=0.73865729060996177 0.52766072109828632 1.6500000000000006 19.050000000000001 4.7999999999999998 2.7500000000000004 10.750000000000002 9.9500000000000011 12.550000000000002 -0.065537083312030939 1.7839893625479746
decision_type=2 2 2 2 2 2 2 2 2 2 2
left_child=1 3 -2 4 5 6 -1 10 -9 -4 -5
right_child=2 -3 9 7 -6 -7 -8 8 -10 -11 -12
leaf_value=0.017680472960382516 0.031321964372658211 0.089314848578255029 -0.0056067160550853654 -0.014327479190265382 -0.068701103563659507 0.055062737950553178 -0.051627821486245312 0.093475229018516404 0.015407735859373863 -0.065968132083526115 0.022880200404481407
leaf_weight=46 40 39 49 42 41 43 41 39 43 57 41
leaf_count=46 40 39 49 42 41 43 41 39 43 57 41
internal_value=0.00703078 0.0172369 -0.0191453 0.00872052 -0.0103843 0.00824842 -0.0151172 0.0284846 0.0529633 -0.0382615 0.00408583
internal_weight=521 375 146 336 171 130 87 165 82 106 83
internal_count=521 375 146 336 171 130 87 165 82 106 83
is_linear=0
shrinkage=0.0862736


Tree=69
num_leaves=12
num_cat=0
split_feature=3 3 9 2 9 9 6 6 6 4 12
split_gain=15.6901 25.8863 15.99 14.321 21.0163 16.1302 11.8663 11.1132 14.0424 10.8168 3.5529
threshold=0.73865729060996177 0.52766072109828632 1.6500000000000006 19.050000000000001 4.7999999999999998 2.7500000000000004 10.750000000000002 9.9500000000000011 12.550000000000002 -0.065537083312030939 3.2464285714285723
decision_type=2 2 2 2 2 2 2 2 2 2 2
left_child=1 3 -2 4 5 6 -1 10 -9 -4 -5
right_child=2 -3 9 7 -6 -7 -8 8 -10 -11 -12
leaf_value=0.016175547563342475 0.028661251555764235 0.081730793462616566 -0.0051290925224956934 -0.012986441204769243 -0.062862949288223641 0.050380290594820534 -0.047240538068766248 0.085537900243614018 0.01409748694404098 -0.060338511990677329 0.022515664096537481
leaf_weight=46 40 39 49 44 41 43 41 39 43 57 39
leaf_count=46 40 39 49 44 41 43 41 39 43 57 39
internal_value=0.0064365 0.0157726 -0.0175084 0.00797935 -0.00950338 0.00754551 -0.0138339 0.0260653 0.048465 -0.0349967 0.00373884
internal_weight=521 375 146 336 171 130 87 165 82 106 83
internal_count=521 375 146 336 171 130 87 165 82 106 83
is_linear=0
shrinkage=0.0862736


Tree=70
num_leaves=10
num_cat=0
split_feature=4 13 13 8 13 7 6 6 3
split_gain=15.5961 32.6042 28.432 17.7707 16.9548 16.3546 15.959 11.9932 7.09592
threshold=0.71952396275653763 3.393268689835554 3.5094748721579507 0.14250000000000002 2.7372648841000986 4144.5000000000009 12.15 11.65 -0.15101209918632377
decision_type=2 2 2 2 2 2 2 2 2
left_child=1 3 4 5 -2 6 -1 8 -5
right_child=2 -3 -4 7 -6 -7 -8 -9 -10
leaf_value=0.017815508296367452 0.028910287336014754 -0.08833166502477971 0.078058245258528766 0.016244813458085157 -0.049498064968451806 0.048312099819411779 -0.050260260332350599 -0.051233668848687602 -0.027371468654348717
leaf_weight=72 42 39 42 53 39 64 39 74 57
leaf_count=72 42 39 42 53 39 64 39 74 57
internal_value=-0.00576457 -0.0140611 0.0210164 -0.00585329 -0.00893176 0.0138047 -0.0062504 -0.0245332 -0.00638328
internal_weight=521 398 123 359 81 175 111 184 110
internal_count=521 398 123 359 81 175 111 184 110
is_linear=0
shrinkage=0.0862736


Tree=71
num_leaves=11
num_cat=0
split_feature=4 13 13 1 7 7 12 0 0 3
split_gain=13.0563 27.3029 23.8049 15.8491 12.2894 20.7158 8.23356 14.455 13.8567 3.73344
threshold=0.71952396275653763 3.393268689835554 3.5094748721579507 43.650000000000013 6349.5000000000009 7246.5000000000009 3.5964285714285729 42.45000000000001 45.45000000000001 -0.59869031648930193
decision_type=2 2 2 2 2 2 2 2 2 2
left_child=1 4 3 -2 6 -6 8 -8 -1 -10
right_child=2 -3 -4 -5 5 -7 7 -9 9 -11
leaf_value=0.059864612983578584 -0.043754271852307472 -0.080831095734940447 0.07142255892403547 0.032142721041737675 -0.067452398313938094 0.01277062583290991 -0.049485893121179909 0.012787141255826015 0.020587051556731246 -0.011758028442688112
leaf_weight=41 43 39 42 38 53 43 47 66 44 65
leaf_count=41 43 39 42 38 53 43 47 66 44 65
internal_value=-0.00527523 -0.0128662 0.0192283 -0.00817478 -0.00535527 -0.0316689 0.00430197 -0.0132437 0.0175198 0.0013416
internal_weight=521 398 123 81 359 96 263 113 150 109
internal_count=521 398 123 81 359 96 263 113 150 109
is_linear=0
shrinkage=0.0862736


Tree=72
num_leaves=10
num_cat=0
split_feature=8 4 10 4 10 10 0 4 0
split_gain=23.7134 24.3698 13.291 12.0867 8.48313 11.9612 9.25177 12.1957 9.10816
threshold=0.036500000000000005 0.87709077819680659 0.29999999999999899 0.65071284653328287 1.2500000000000002 2.5999999999999974 53.250000000000007 -0.5129677127369543 39.45000000000001
decision_type=2 2 2 2 2 2 2 2 2
left_child=-1 2 -2 4 -4 -6 8 -8 -7
right_child=1 -3 3 -5 5 6 7 -9 -10
leaf_value=0.034940430248015249 -0.054179143354580128 -0.077924973288317337 0.02405560449693633 0.038282610120065418 -0.054388183356499302 -0.023242248719573068 -0.0060662244559847832 -0.066217548733413831 0.026777211524148744
leaf_weight=66 51 48 40 38 54 43 72 38 71
leaf_count=66 51 48 40 38 54 43 72 38 71
internal_value=-0.0131654 -0.0201817 -0.0132627 -0.00731649 -0.0128298 -0.0181791 -0.00932315 -0.0271023 0.00788638
internal_weight=521 455 407 356 318 278 224 110 114
internal_count=521 455 407 356 318 278 224 110 114
is_linear=0
shrinkage=0.0862736


Tree=73
num_leaves=11
num_cat=0
split_feature=8 4 10 4 0 6 0 3 0 12
split_gain=19.8384 20.3953 11.1212 10.1215 7.13136 14.2029 13.7887 5.57633 6.15106 7.82414
threshold=0.036500000000000005 0.87709077819680659 0.29999999999999899 0.65071284653328287 39.45000000000001 7.7500000000000009 46.650000000000013 0.70290292807158605 60.650000000000013 2.335714285714285
decision_type=2 2 2 2 2 2 2 2 2 2
left_child=-1 2 -2 4 -4 -6 -7 8 -8 -10
right_child=1 -3 3 -5 5 6 7 -9 9 -11
leaf_value=0.031954253032811721 -0.049561467032652018 -0.071288460628512962 -0.038645120039512065 0.03503324010654281 -0.053801443561995198 0.049022043560074488 0.030017642396409472 -0.034444571786308352 0.017685094034752623 -0.03059347975284564
leaf_weight=66 51 48 59 38 38 39 39 42 43 58
leaf_count=66 51 48 59 38 38 39 39 42 43 58
internal_value=-0.0120459 -0.0184634 -0.0121337 -0.00669446 -0.0117397 -0.00553243 0.00289545 -0.00712267 0.00119048 -0.0100569
internal_weight=521 455 407 356 318 259 221 182 140 101
internal_count=521 455 407 356 318 259 221 182 140 101
is_linear=0
shrinkage=0.0862736


Tree=74
num_leaves=10
num_cat=0
split_feature=2 11 11 8 4 13 6 3 4
split_gain=14.8662 16.611 17.5836 11.729 20.4764 12.2867 11.989 10.5971 5.92856
threshold=12.350000000000007 2.5642857142857154 1.8500000000000003 0.070500000000000021 0.3484035575467645 1.7297111026683387 12.050000000000002 0.022575936829235404 0.46611290379786346
decision_type=2 2 2 2 2 2 2 2 2
left_child=8 2 7 -3 5 -5 -7 -2 -1
right_child=1 3 -4 4 -6 6 -8 -9 -10
leaf_value=-0.0083472473937283749 0.037156672653086455 0.027477758291963833 0.065162129787898995 -0.0261223025370017 -0.064005772677315581 -0.0055961485674160373 0.055157443099034295 -0.02516729193864015 -0.052766619423567383
leaf_weight=52 40 75 70 68 44 54 43 40 39
leaf_count=52 40 75 70 68 44 54 43 40 39
internal_value=0.00397365 0.010627 0.0337867 -0.00165248 -0.0121566 0.00185903 0.0215164 0.00604113 -0.027614
internal_weight=525 434 150 284 209 165 97 80 91
internal_count=525 434 150 284 209 165 97 80 91
is_linear=0
shrinkage=0.0862736


Tree=75
num_leaves=12
num_cat=0
split_feature=7 8 13 3 10 13 8 13 7 7 8
split_gain=16.0745 40.8161 35.262 25.0406 14.0515 13.4516 7.22856 13.7002 6.03872 6.0789 5.12923
threshold=3086.5000000000005 0.077500000000000013 2.5465193952861753 -0.12546116083924147 3.7000000000000015 1.8372436954624691 0.12750000000000003 1.6955111440808366 5935.5000000000009 7203.5000000000009 0.13050000000000003
decision_type=2 2 2 2 2 2 2 2 2 2 2
left_child=2 -2 5 -4 8 -1 -6 -8 10 -10 -3
right_child=1 4 3 -5 6 -7 7 -9 9 -11 -12
leaf_value=-0.015033030207033133 0.096672925344560248 0.025637741850942718 -0.0052915603544285688 -0.097533675430250252 -0.047708297481505728 0.053780862378922711 -0.044056379510257773 0.020570464553269156 0.060953725574049079 0.013597166465054759 -0.014847750192863017
leaf_weight=39 39 45 40 48 39 45 39 63 40 41 47
leaf_count=39 39 45 40 48 39 45 39 63 40 41 47
internal_value=0.00363113 0.0141621 -0.0179549 -0.0559382 0.00374236 0.0219564 -0.0164332 -0.00425754 0.020186 0.0372706 0.00499428
internal_weight=525 353 172 88 314 84 141 102 173 81 92
internal_count=525 353 172 88 314 84 141 102 173 81 92
is_linear=0
shrinkage=0.0862736


Tree=76
num_leaves=11
num_cat=0
split_feature=6 4 0 9 12 9 3 6 11 11
split_gain=9.57452 15.0737 19.0335 10.247 9.5013 10.2996 9.42068 9.31969 8.78866 16.0281
threshold=17.600000000000005 0.90803977035715633 30.750000000000004 0.4500000000000029 4.8571428571428585 1.2500000000000002 0.63920241694561786 12.050000000000002 2.4928571428571442 4.2642857142857151
decision_type=2 2 2 2 2 2 2 2 2 2
left_child=1 2 -1 -4 5 -5 8 -8 -7 -10
right_child=-2 -3 3 4 -6 6 7 -9 9 -11
leaf_value=0.066557221183212861 0.047475083383745634 -0.039336595555444658 -0.032757438166910013 0.043529148686062849 0.041105481900791295 -0.019875254170791803 -0.052281787481615376 0.0038823624341834174 0.049426579093572565 -0.019823890263566259
leaf_weight=38 39 54 51 38 55 54 48 40 64 40
leaf_count=38 39 54 51 38 55 54 48 40 64 40
internal_value=0.00670704 0.00335121 0.00878653 0.00306017 0.00849899 0.00210801 -0.00438441 -0.0269052 0.00821536 0.0228324
internal_weight=521 482 428 390 339 284 246 88 158 104
internal_count=521 482 428 390 339 284 246 88 158 104
is_linear=0
shrinkage=0.0862736


Tree=77
num_leaves=11
num_cat=0
split_feature=12 11 6 6 2 12 7 10 13 2
split_gain=9.79724 15.1471 19.7391 20.0981 9.01114 10.6405 7.85551 8.81109 6.80852 3.23767
threshold=6.1714285714285717 4.0071428571428589 14.950000000000001 11.550000000000002 25.050000000000001 4.1535714285714294 2805.0000000000005 1.2000000000000013 1.6251006700395212 19.850000000000005
decision_type=2 2 2 2 2 2 2 2 2 2
left_child=1 2 3 6 5 -3 -1 -8 -9 -5
right_child=-2 4 -4 9 -6 -7 7 8 -10 -11
leaf_value=-0.026407257948473383 -0.034562958405559688 0.079701922751552259 0.04557483748516248 -0.063687447074910267 -0.0012757655722604485 0.02381412971386369 0.042999146337501723 0.026116429622368119 -0.019838924570217256 -0.028038020223249829
leaf_weight=46 40 41 56 41 43 67 51 40 58 38
leaf_count=46 40 41 56 41 43 67 51 40 58 38
internal_value=0.00613748 0.00956257 -0.00080683 -0.0103684 0.0321341 0.0453671 0.00453167 0.0141536 -0.00103503 -0.0468941
internal_weight=521 481 330 274 151 108 195 149 98 79
internal_count=521 481 330 274 151 108 195 149 98 79
is_linear=0
shrinkage=0.0862736


Tree=78
num_leaves=11
num_cat=0
split_feature=12 4 12 12 12 2 12 2 2 10
split_gain=23.457 11.8055 11.5559 9.01756 14.2132 12.7207 8.63848 7.51357 13.5609 5.98079
threshold=5.4500000000000002 0.78724360164103002 3.8750000000000004 3.0785714285714292 3.3964285714285718 20.45000000000001 2.7878571428571433 17.950000000000006 13.15 2.1500000000000026
decision_type=2 2 2 2 2 2 2 2 2 2
left_child=1 3 -3 6 -5 -6 7 8 -1 -9
right_child=-2 2 -4 4 5 -7 -8 9 -10 -11
leaf_value=-0.015350236179497264 -0.049216027934823908 0.069684368198100616 0.0030574605432075251 -0.058053908225121291 -0.028114206593476972 0.027097503830338557 0.047954296371452855 -0.035662752211514694 0.054947414445543886 0.0074249825686422289
leaf_weight=38 66 38 39 43 62 61 38 46 43 49
leaf_count=38 66 38 39 43 62 61 38 46 43 49
internal_value=-0.00138952 0.00557534 0.0362344 -0.000686421 -0.015744 -0.000734224 0.0110056 0.0028867 0.0221032 -0.0135352
internal_weight=523 457 77 380 166 123 214 176 81 95
internal_count=523 457 77 380 166 123 214 176 81 95
is_linear=0
shrinkage=0.0862736


Tree=79
num_leaves=11
num_cat=0
split_feature=12 13 11 13 13 8 11 8 6 12
split_gain=19.622 10.8503 15.1349 10.5269 15.5178 7.64332 13.6007 9.99518 7.19768 5.04312
threshold=5.4500000000000002 3.0845601752218372 3.2928571428571436 2.4891190886286783 2.2291358628310558 0.13050000000000003 3.2000000000000002 0.23950000000000002 11.750000000000002 3.0642857142857163
decision_type=2 2 2 2 2 2 2 2 2 2
left_child=1 3 -3 4 5 6 -1 8 -7 -5
right_child=-2 2 -4 9 -6 7 -8 -9 -10 -11
leaf_value=0.052169017708136464 -0.045009790180259454 -0.00043371000569717994 0.072809908150924127 -0.0058778751354385704 0.050881849162036606 -0.010986874679465517 -0.013616807714724696 0.02368055279368235 -0.056307959171951062 -0.04921253427873739
leaf_weight=43 66 46 38 38 48 74 50 38 40 42
leaf_count=43 66 46 38 38 48 74 50 38 40 42
internal_value=-0.00126719 0.00510293 0.0329931 -0.00122263 0.00636148 -0.00246808 0.0169454 -0.0143668 -0.0271092 -0.0288336
internal_weight=523 457 84 373 293 245 93 152 114 80
internal_count=523 457 84 373 293 245 93 152 114 80
is_linear=0
shrinkage=0.0862736


Tree=80
num_leaves=10
num_cat=0
split_feature=9 13 7 3 1 3 1 1 9
split_gain=14.8565 16.6125 21.245 27.412 19.0876 11.5717 11.0963 10.9102 10.726
threshold=7.5500000000000016 2.3210729829676304 3890.5000000000005 0.21022171450811272 90.90000000000002 0.42179998225932674 76.250000000000014 74.550000000000011 4.400000000000003
decision_type=2 2 2 2 2 2 2 2 2
left_child=1 4 3 -3 5 8 -4 -7 -1
right_child=-2 2 6 -5 -6 7 -8 -9 -10
leaf_value=0.064075689591742591 0.049595227703420106 -0.0035029036927116375 0.042913022006182029 -0.087360886576144756 -0.03573648233359366 0.026620268568672938 -0.016356265342390579 -0.028144453926344001 0.010165505292833164
leaf_weight=71 49 62 45 54 47 66 48 45 45
leaf_count=71 49 62 45 54 47 66 48 45 45
internal_value=0.00464311 2.45939e-05 -0.0182653 -0.042799 0.0139854 0.0243501 0.0124174 0.0043851 0.0433287
internal_weight=532 483 209 116 274 227 93 111 116
internal_count=532 483 209 116 274 227 93 111 116
is_linear=0
shrinkage=0.0862736


Tree=81
num_leaves=11
num_cat=0
split_feature=8 0 8 8 7 4 1 0 10 0
split_gain=16.7843 12.3589 18.1685 8.31656 10.603 9.8733 23.4848 5.96168 8.91472 8.6959
threshold=0.030500000000000003 32.250000000000007 0.060500000000000005 0.21650000000000003 7246.5000000000009 0.63089349388778826 62.550000000000004 49.650000000000013 1.5499999999999974 60.150000000000013
decision_type=2 2 2 2 2 2 2 2 2 2
left_child=-1 2 -2 5 -5 6 -3 -8 -9 -10
right_child=1 3 -4 4 -6 -7 7 8 9 -11
leaf_value=0.056171046057739121 0.0054334150590515627 0.074750292791789963 -0.068302829807688079 -0.048346918926158229 0.01330723026286546 -0.027095079647933749 -0.016836778182538016 0.043786208415439051 0.026724635982869178 -0.021156329795257899
leaf_weight=42 56 46 44 41 41 39 56 55 53 59
leaf_count=42 56 46 44 41 41 39 56 55 53 59
internal_value=0.00424479 -0.000271875 -0.0272331 0.00667375 -0.0176523 0.0131728 0.0190601 0.00739576 0.0155541 0.00152418
internal_weight=532 490 100 390 82 308 269 223 167 112
internal_count=532 490 100 390 82 308 269 223 167 112
is_linear=0
shrinkage=0.0862736


Tree=82
num_leaves=11
num_cat=0
split_feature=2 1 11 4 12 9 7 4 13 1
split_gain=7.90105 12.7246 12.6933 20.6548 10.3022 7.49038 11.9278 9.32998 9.94074 4.224
threshold=8.7500000000000018 42.100000000000009 2.0785714285714296 0.8511460603353429 2.0750000000000006 1.9000000000000024 3123.0000000000005 0.29958852271690523 1.7129061782756523 75.750000000000014
decision_type=2 2 2 2 2 2 2 2 2 2
left_child=-1 -2 4 5 -3 -4 -7 8 -8 -10
right_child=1 2 3 -5 -6 6 7 -9 9 -11
leaf_value=-0.036130435956605207 0.04491457617119942 0.0044088442001454986 -0.027707160976639212 -0.063751796511548386 0.059949158564804414 0.045551551764879211 -0.019923606899421933 -0.038129882871617692 0.045889125720054172 0.0091841376875760068
leaf_weight=40 49 67 62 44 39 45 64 44 38 60
leaf_count=40 49 67 62 44 39 45 64 44 38 60
internal_value=0.000494118 0.00339595 -0.00105262 -0.00884063 0.025075 -0.0010099 0.00563704 -0.00319348 0.00640541 0.0236172
internal_weight=552 512 463 357 106 313 251 206 162 98
internal_count=552 512 463 357 106 313 251 206 162 98
is_linear=0
shrinkage=0.0862736


Tree=83
num_leaves=12
num_cat=0
split_feature=4 4 1 8 1 4 10 10 12 1 1
split_gain=7.17675 30.9518 12.6373 10.6557 12.8004 12.7567 12.7037 17.2007 7.2972 6.72387 4.66748
threshold=0.97832380634958016 0.90070004940655357 43.45000000000001 0.11050000000000001 71.450000000000017 -0.26037106507032776 4.7500000000000009 1.9000000000000024 1.9535714285714294 88.65000000000002 81.65000000000002
decision_type=2 2 2 2 2 2 2 2 2 2 2
left_child=1 2 -1 6 -5 8 7 -4 -6 10 -10
right_child=-2 -3 3 4 5 -7 -8 -9 9 -11 -12
leaf_value=0.051003006063645891 0.034902826549019619 -0.076608850117835234 -0.041918721165637468 0.048602239652820199 0.040867247284447503 -0.040944485527796476 -0.05601293868534761 0.025154015564257375 -0.0070376483595431588 -0.025181454734819878 0.032933362005498741
leaf_weight=38 41 38 48 51 45 43 46 68 39 47 48
leaf_count=38 41 38 48 51 45 43 46 68 39 47 48
internal_value=0.000453853 -0.00234939 0.00370965 -0.00048893 0.00990659 0.000905632 -0.0179781 -0.00267608 0.0110664 0.000915515 0.0150929
internal_weight=552 511 473 435 273 222 162 116 179 134 87
internal_count=552 511 473 435 273 222 162 116 179 134 87
is_linear=0
shrinkage=0.0862736


end of trees

feature_importances:
forecast_low=93
forecast_diurnal_range=82
day_cos=80
lag_low_1d=70
forecast_wind=64
roll_low_7d_std=64
lag_low_2d=61
day_sin=60
forecast_high=59
roll_low_14d_mean=58
forecast_evap=42
roll_low_7d_mean=41
forecast_radiation=33
forecast_precip=17

parameters:
[boosting: gbdt]
[objective: regression]
[metric: l2]
[tree_learner: serial]
[device_type: cpu]
[data_sample_strategy: bagging]
[data: ]
[valid: ]
[num_iterations: 84]
[learning_rate: 0.0862736]
[num_leaves: 33]
[num_threads: 2]
[seed: 42]
[deterministic: 0]
[force_col_wise: 0]
[force_row_wise: 0]
[histogram_pool_size: -1]
[max_depth: -1]
[min_data_in_leaf: 38]
[min_sum_hessian_in_leaf: 0.001]
[bagging_fraction: 0.662407]
[pos_bagging_fraction: 1]
[neg_bagging_fraction: 1]
[bagging_freq: 2]
[bagging_seed: 400]
[bagging_by_query: 0]
[feature_fraction: 0.839463]
[feature_fraction_bynode: 1]
[feature_fraction_seed: 30056]
[extra_trees: 0]
[extra_seed: 12879]
[early_stopping_round: 0]
[early_stopping_min_delta: 0]
[first_metric_only: 0]
[max_delta_step: 0]
[lambda_l1: 3.33236e-08]
[lambda_l2: 0.624576]
[linear_lambda: 0]
[min_gain_to_split: 0]
[drop_rate: 0.1]
[max_drop: 50]
[skip_drop: 0.5]
[xgboost_dart_mode: 0]
[uniform_drop: 0]
[drop_seed: 17869]
[top_rate: 0.2]
[other_rate: 0.1]
[min_data_per_group: 100]
[max_cat_threshold: 32]
[cat_l2: 10]
[cat_smooth: 10]
[max_cat_to_onehot: 4]
[top_k: 20]
[monotone_constraints: ]
[monotone_constraints_method: basic]
[monotone_penalty: 0]
[feature_contri: ]
[forcedsplits_filename: ]
[refit_decay_rate: 0.9]
[cegb_tradeoff: 1]
[cegb_penalty_split: 0]
[cegb_penalty_feature_lazy: ]
[cegb_penalty_feature_coupled: ]
[path_smooth: 0]
[interaction_constraints: ]
[verbosity: -1]
[saved_feature_importance_type: 0]
[use_quantized_grad: 0]
[num_grad_quant_bins: 4]
[quant_train_renew_leaf: 0]
[stochastic_rounding: 1]
[linear_tree: 0]
[max_bin: 255]
[max_bin_by_feature: ]
[min_data_in_bin: 3]
[bin_construct_sample_cnt: 200000]
[data_random_seed: 175]
[is_enable_sparse: 1]
[enable_bundle: 1]
[use_missing: 1]
[zero_as_missing: 0]
[feature_pre_filter: 1]
[pre_partition: 0]
[two_round: 0]
[header: 0]
[label_column: ]
[weight_column: ]
[group_column: ]
[ignore_column: ]
[categorical_feature: ]
[forcedbins_filename: ]
[precise_float_parser: 0]
[parser_config_file: ]
[objective_seed: 16083]
[num_class: 1]
[is_unbalance: 0]
[scale_pos_weight: 1]
[sigmoid: 1]
[boost_from_average: 1]
[reg_sqrt: 0]
[alpha: 0.9]
[fair_c: 1]
[poisson_max_delta_step: 0.7]
[tweedie_variance_power: 1.5]
[lambdarank_truncation_level: 30]
[lambdarank_norm: 1]
[label_gain: ]
[lambdarank_position_bias_regularization: 0]
[eval_at: ]
[multi_error_top_k: 1]
[auc_mu_weights: ]
[num_machines: 1]
[local_listen_port: 12400]
[time_out: 120]
[machine_list_filename: ]
[machines: ]
[gpu_platform_id: -1]
[gpu_device_id: -1]
[gpu_use_dp: 0]
[num_gpu: 1]

end of parameters

pandas_categorical:[]
