tree
version=v4
num_class=1
num_tree_per_iteration=1
label_index=0
max_feature_idx=13
objective=regression
feature_names=forecast_high forecast_low forecast_diurnal_range day_sin day_cos forecast_precip forecast_wind forecast_radiation forecast_evap lag_high_1d lag_high_2d roll_high_7d_mean roll_high_14d_mean roll_high_7d_std
feature_infos=[33.700000000000003:100.09999999999999] [19.300000000000001:80.700000000000003] [3.1999999999999962:33.600000000000001] [-0.99999942202469239:0.99998555065071859] [-0.99997919295908244:0.9999907524084426] [0:7.3849999999999998] [4.2999999999999998:32.799999999999997] [248:8470] [0.014999999999999999:0.29399999999999998] [-8.7999999999999972:11.700000000000005] [-8.7999999999999972:11.700000000000005] [-3.7142857142857162:5.7857142857142874] [-2.8642857142857161:4.5071428571428598] [0.26726124191244321:5.7284170505264296]
tree_sizes=1114 1311 1230 1292 1212 1395 1228 1230 1234 1321 1242 1140 1323 1328 1300 1318 1314 1227 1319 1324 1248 1242 1246 1416 1333 1333 1322 1336 1251 1255 1338 1324 1340 1246 1232

Tree=0
num_leaves=12
num_cat=0
split_feature=0 2 4 12 0 2 12 11 12 10 2
split_gain=890.226 479.953 155.384 130.483 92.0437 78.7931 76.3588 54.9682 35.6212 35.2315 38.1145
threshold=88.850000000000009 15.950000000000005 0.24997576770840005 2.0750000000000006 95.15000000000002 11.050000000000002 -0.53571428571428403 0.39285714285714191 0.80357142857142916 0.34999999999999792 21.600000000000005
decision_type=2 2 2 2 2 2 2 2 2 2 2
left_child=1 3 7 5 6 -1 -2 -3 -7 -4 -11
right_child=4 2 9 -5 -6 8 -8 -9 -10 10 -12
leaf_value=0.86174767785490802 0.49980679110649195 0.52314321773950567 0.65668653769351359 0.93045155515551214 0.43947295455904556 0.71786915326197431 0.62946161274282475 0.65033824922683858 0.800895722070462 0.78937522428003326 0.69011751217871142
leaf_weight=75 52 47 42 60 46 69 69 42 66 56 46
leaf_count=75 52 47 42 60 46 69 69 42 66 56 46
internal_value=0.698391 0.752055 0.667095 0.825371 0.536758 0.795348 0.573742 0.583168 0.75846 0.718967 0.744612
internal_weight=670 503 233 270 167 210 121 89 135 144 102
internal_count=670 503 233 270 167 210 121 89 135 144 102
is_linear=0
shrinkage=1


Tree=1
num_leaves=14
num_cat=0
split_feature=2 4 12 2 0 2 10 12 9 9 6 13 12
split_gain=760.326 399.011 190.578 100.167 71.2786 57.6485 62.9276 48.4658 43.8015 38.5469 24.7129 28.4334 20.6431
threshold=14.800000000000006 -0.08269194106225343 1.357142857142857 11.050000000000002 95.15000000000002 18.950000000000006 1.2500000000000002 2.264285714285716 0.4500000000000029 0.95000000000000295 7.3500000000000005 2.4277137669505331 -0.48571428571428593
decision_type=2 2 2 2 2 2 2 2 2 2 2 2 2
left_child=2 4 3 -1 8 6 -3 -4 12 -5 -7 -12 -2
right_child=1 5 7 9 -6 10 -8 -9 -10 -11 11 -13 -14
leaf_value=0.14253920125778308 -0.18311924007036109 -0.006750028322704423 0.15027649608333105 -0.040893590868236386 -0.2352154182620784 0.023912724116797866 0.11839832807964364 0.26201670059825466 -0.051372375444579933 0.065735970376714484 -0.0068886177603962465 -0.1032555744623708 -0.11247118420371675
leaf_weight=54 54 54 58 53 46 40 51 45 43 38 41 39 54
leaf_count=54 54 54 58 53 46 40 51 45 43 38 41 39 54
internal_value=0.00278301 -0.0631988 0.115059 0.0553636 -0.147162 0.0103152 0.0540363 0.199095 -0.120337 0.00363299 -0.0279408 -0.0538676 -0.147795
internal_weight=670 422 248 145 197 225 105 103 151 91 120 80 108
internal_count=670 422 248 145 197 225 105 103 151 91 120 80 108
is_linear=0
shrinkage=0.0807964


Tree=2
num_leaves=13
num_cat=0
split_feature=0 2 4 11 2 10 7 7 0 11 10 2
split_gain=650.494 350.676 117.76 75.5711 71.1262 66.3937 57.2375 51.0105 41.7169 41.0624 27.3067 27.9797
threshold=88.850000000000009 15.950000000000005 0.24997576770840005 2.4071428571428579 11.450000000000005 -1.3500000000000012 3501.5000000000005 4038.5000000000005 93.200000000000003 0.39285714285714191 0.34999999999999792 21.600000000000005
decision_type=2 2 2 2 2 2 2 2 2 2 2 2
left_child=1 3 9 4 6 -2 -1 -6 -7 -3 -4 -12
right_child=5 2 10 -5 7 8 -8 -9 -10 -11 11 -13
leaf_value=0.086439698324753553 -0.20637937263531397 -0.14913363660002499 -0.033864169078309775 0.19466067237976342 -0.0079067098363298869 -0.061323105366749904 0.21821685170509447 0.095435088596816389 -0.16475778735513605 -0.039198504091836062 0.081896293310804391 -0.0031470667893022334
leaf_weight=48 57 47 42 56 55 70 39 72 40 42 56 46
leaf_count=48 57 47 42 56 55 70 39 72 40 42 56 46
internal_value=0.00255815 0.0484305 -0.024191 0.1111 0.0892338 -0.135608 0.145512 0.0506807 -0.0989358 -0.0972542 0.0209661 0.0435434
internal_weight=670 503 233 270 214 167 87 127 110 89 144 102
internal_count=670 503 233 270 214 167 87 127 110 89 144 102
is_linear=0
shrinkage=0.0807964


Tree=3
num_leaves=14
num_cat=0
split_feature=0 2 0 3 2 7 12 7 2 13 2 8 7
split_gain=487.344 242.789 112.24 121.931 86.4811 72.3248 48.3776 39.4227 54.8231 30.6053 27.9727 27.013 20.0869
threshold=89.450000000000017 12.250000000000002 80.200000000000003 0.73865729060996177 18.950000000000006 2469.5000000000005 -0.53571428571428403 4353.5000000000009 15.4 2.8270794809900521 18.650000000000002 0.10950000000000001 5289.5000000000009
decision_type=2 2 2 2 2 2 2 2 2 2 2 2 2
left_child=1 5 4 12 7 -1 -2 8 -3 -7 -8 -6 -4
right_child=6 2 3 -5 11 9 10 -9 -10 -11 -12 -13 -14
leaf_value=0.039345783942623273 -0.17305430515659442 -0.011390000235720977 -0.018312058478062825 -0.12570021352241331 0.03042222489709661 0.13529576475690805 -0.035894843653811376 0.14368533889658819 0.12254746259214262 0.22738402622921991 -0.12976666694652753 -0.052752591516825598 0.064763221014051978
leaf_weight=38 68 42 38 68 50 62 43 50 38 38 40 52 38
leaf_count=38 68 42 38 68 50 62 43 50 38 38 40 52 38
internal_value=0.00508334 0.0425725 0.00893136 -0.0471005 0.0437098 0.134232 -0.122529 0.0874053 0.0522302 0.170289 -0.0811343 -0.0119806 0.0232255
internal_weight=665 514 376 144 232 138 151 130 80 100 83 102 76
internal_count=665 514 376 144 232 138 151 130 80 100 83 102 76
is_linear=0
shrinkage=0.0807964


Tree=4
num_leaves=13
num_cat=0
split_feature=0 2 12 0 3 7 2 2 9 2 2 8
split_gain=411.904 205.52 122.135 75.6293 73.2246 67.0331 56.0633 47.8641 41.475 40.9265 37.4179 22.8242
threshold=89.250000000000014 13.15 2.0750000000000006 80.200000000000003 0.73865729060996177 2992.5000000000005 18.950000000000006 15.300000000000002 -1.7499999999999998 11.050000000000002 18.600000000000005 0.10950000000000001
decision_type=2 2 2 2 2 2 2 2 2 2 2 2
left_child=1 2 5 6 -5 -1 7 -3 -2 -7 -10 -8
right_child=8 3 -4 4 -6 9 11 -9 10 -11 -12 -13
leaf_value=-0.0068023821890122937 -0.18036397476209434 0.010439827577527235 0.23906265381594294 0.014785559248012971 -0.10939096912277453 0.16493080572466529 0.027964218617463628 0.11817922259285631 -0.03931840598117374 0.056922544411116188 -0.1318969270960702 -0.048490370294790995
leaf_weight=44 41 47 38 62 62 49 50 63 57 43 57 52
leaf_count=44 41 47 38 62 62 49 50 63 57 43 57 52
internal_value=0.00467263 0.0397284 0.111002 0.00281888 -0.0473027 0.0752204 0.0321353 0.0721452 -0.110672 0.114449 -0.0856077 -0.0110126
internal_weight=665 510 174 336 124 136 212 110 155 92 114 102
internal_count=665 510 174 336 124 136 212 110 155 92 114 102
is_linear=0
shrinkage=0.0807964


Tree=5
num_leaves=15
num_cat=0
split_feature=8 9 2 10 12 6 2 9 8 13 11 8 9 9
split_gain=348.036 134.263 113.313 71.2121 59.6313 49.1726 43.5234 34.7301 29.6189 26.9216 23.6208 22.0224 11.8987 8.4046
threshold=0.17049999999999998 0.4500000000000029 12.250000000000002 0.84999999999999798 1.7000000000000004 8.6500000000000004 18.250000000000004 0.4500000000000029 0.082499999999999962 2.6058026665392426 -0.88571428571428501 0.11150000000000002 -1.7499999999999998 -0.74999999999999989
decision_type=2 2 2 2 2 2 2 2 2 2 2 2 2 2
left_child=2 10 4 5 8 -4 -3 -7 -1 11 12 -5 -2 -12
right_child=1 6 3 9 -6 7 -8 -9 -10 -11 13 -13 -14 -15
leaf_value=0.020146680351442389 -0.1792015894352923 0.069975415999869145 0.053884259051065968 0.067310554650272469 0.19192563043173291 -0.095322514551328022 -0.0446904019032342 -0.00095783294771389807 0.11399046435676212 0.10373725381562794 -0.059036934957075002 -0.013942856389608883 -0.11648283341318458 -0.11208098316784931
leaf_weight=38 40 40 42 51 41 53 47 49 52 57 39 38 39 39
leaf_count=38 40 40 42 51 41 53 47 49 52 57 39 38 39 39
internal_value=0.0042951 -0.0724834 0.0487938 0.0206212 0.111161 -0.0196937 0.00802946 -0.0499905 0.0743676 0.0603838 -0.117099 0.032618 -0.148239 -0.085559
internal_weight=665 244 421 290 131 144 87 102 90 146 157 89 79 78
internal_count=665 244 421 290 131 144 87 102 90 146 157 89 79 78
is_linear=0
shrinkage=0.0807964


Tree=6
num_leaves=13
num_cat=0
split_feature=0 9 2 12 3 10 7 10 2 10 12 0
split_gain=394.955 174.616 90.915 89.5031 77.3655 59.1377 58.5527 46.5465 39.2898 27.416 25.6804 25.291
threshold=88.850000000000009 1.5499999999999974 15.950000000000005 0.80357142857142916 0.73865729060996177 -1.6499999999999984 3734.0000000000005 0.95000000000000295 18.000000000000007 3.4500000000000033 2.1785714285714288 74.350000000000009
decision_type=2 2 2 2 2 2 2 2 2 2 2 2
left_child=1 3 7 4 -1 -2 -5 -3 -7 -9 -4 -8
right_child=5 2 10 6 -6 8 11 9 -10 -11 -12 -13
leaf_value=0.013371968026125846 -0.17801367677507349 0.20912231605855888 -0.011765488047034655 0.10527911731270383 -0.10425835432206221 -0.027697347998074752 0.047185945178839978 0.055339012596003045 -0.12354419380320163 0.15176997269698511 0.079395492117004487 -0.040539676627641325
leaf_weight=73 51 43 43 60 73 59 41 38 53 39 38 45
leaf_count=73 51 43 43 60 73 59 41 38 53 39 38 45
internal_value=0.00313564 0.0391839 0.0971408 -0.000710997 -0.0454432 -0.105894 0.0440211 0.141785 -0.0730535 0.104181 0.0310013 0.00128295
internal_weight=656 493 201 292 146 163 146 120 112 77 81 86
internal_count=656 493 201 292 146 163 146 120 112 77 81 86
is_linear=0
shrinkage=0.0807964


Tree=7
num_leaves=13
num_cat=0
split_feature=8 9 13 11 9 0 9 12 12 12 0 3
split_gain=349.858 181.78 82.4604 47.7102 36.8207 30.0057 26.308 26.2189 19.637 19.1434 17.1503 30.2344
threshold=0.15450000000000003 1.0000000180025095e-35 3.1244797709221332 1.9142857142857157 1.5499999999999974 89.450000000000017 1.3499999999999981 1.8464285714285711 1.2071428571428566 0.48571428571428604 95.15000000000002 0.40614137006726808
decision_type=2 2 2 2 2 2 2 2 2 2 2 2
left_child=2 10 4 5 8 -3 -4 -6 9 -1 11 -2
right_child=1 3 6 -5 7 -7 -8 -9 -10 -11 -12 -13
leaf_value=0.023607830370589628 -0.060339201304747445 0.0082931771041319883 0.074566620970491118 0.0751126569588733 0.12114099713641671 -0.083171725794245463 0.16414580685095387 0.037885553226088615 0.045093698926580009 -0.046411016633578987 -0.16884187279634683 -0.14344492078546933
leaf_weight=52 51 61 38 43 43 38 49 58 69 50 39 65
leaf_count=52 51 61 38 43 43 38 49 58 69 50 39 65
internal_value=0.00288229 -0.0619894 0.0565505 0.00405072 0.0346506 -0.0268145 0.125019 0.073331 0.0118042 -0.0107151 -0.122491 -0.106907
internal_weight=656 297 359 142 272 99 87 101 171 102 155 116
internal_count=656 297 359 142 272 99 87 101 171 102 155 116
is_linear=0
shrinkage=0.0807964


Tree=8
num_leaves=13
num_cat=0
split_feature=8 9 2 13 2 7 10 9 6 10 6 13
split_gain=295.608 153.592 86.8421 69.6737 32.1975 46.4508 82.5447 22.2285 15.727 15.3571 15.0604 14.5131
threshold=0.15450000000000003 1.0000000180025095e-35 15.050000000000002 3.1244797709221332 19.050000000000004 4294.5000000000009 0.84999999999999798 1.3499999999999981 11.850000000000003 -1.9500000000000026 10.250000000000002 2.2576852775920102
decision_type=2 2 2 2 2 2 2 2 2 2 2 2
left_child=3 9 -3 4 5 6 -1 -5 -8 -2 -4 -11
right_child=1 2 10 7 -6 -7 8 -9 -10 11 -12 -13
leaf_value=-0.039607588123234921 -0.14944859210192246 0.10289383153940232 -0.0037492869502495324 0.068541905362847405 -0.016297165875971079 0.10981522154410783 0.045575940923133183 0.15088341192823912 0.11861219700250566 -0.071953106315987878 -0.066225346299461724 -0.13412083068971431
leaf_weight=70 50 41 48 38 68 57 39 49 38 66 53 39
leaf_count=70 50 41 48 38 68 57 39 49 38 66 53 39
internal_value=0.00264941 -0.0569809 0.00372344 0.0519815 0.0318509 0.0479003 0.0238925 0.114918 0.0816199 -0.112594 -0.0365338 -0.095044
internal_weight=656 297 142 359 272 204 147 87 77 155 101 105
internal_count=656 297 142 359 272 204 147 87 77 155 101 105
is_linear=0
shrinkage=0.0807964


Tree=9
num_leaves=14
num_cat=0
split_feature=11 9 13 0 13 8 0 11 13 0 10 0 13
split_gain=195.97 82.2838 79.4555 58.7848 43.8058 43.3501 36.8898 32.6694 23.1355 22.9711 22.8102 20.8993 17.1122
threshold=0.52857142857143014 0.4500000000000029 3.1912022959623898 72.800000000000026 3.0968100678580588 0.16550000000000004 83.750000000000014 2.9857142857142853 2.4277137669505331 80.750000000000014 -1.0499999999999969 71.550000000000011 2.8949849858259027
decision_type=2 2 2 2 2 2 2 2 2 2 2 2 2
left_child=1 4 7 -4 5 -1 -3 8 9 11 -7 -2 -10
right_child=2 6 3 -5 -6 10 -8 -9 12 -11 -12 -13 -14
leaf_value=-0.0081929441026344554 0.0098305070653873141 0.072157288904299177 0.17477237886448574 0.034442295845396778 -0.15630463502368344 -0.12590358359002965 -0.037608210880306095 0.071124877506289944 -0.063917693947693324 -0.016973578747281438 -0.054150526545173862 0.089576723981886888 0.0081350733958428598
leaf_weight=62 45 39 40 38 40 61 41 54 48 61 55 41 39
leaf_count=62 45 39 40 38 40 61 41 54 48 61 55 41 39
internal_value=-0.00553772 -0.0541824 0.0340692 0.106407 -0.0799017 -0.0627324 0.0159024 0.0144778 0.00140534 0.0209499 -0.0918828 0.0478491 -0.0316181
internal_weight=664 298 366 78 218 178 80 288 234 147 116 86 87
internal_count=664 298 366 78 218 178 80 288 234 147 116 86 87
is_linear=0
shrinkage=0.0807964


Tree=10
num_leaves=13
num_cat=0
split_feature=9 8 9 3 13 13 10 3 3 7 7 6
split_gain=165.426 97.7564 52.4361 50.685 36.6626 32.2831 31.3899 30.2561 18.2447 15.9042 13.8097 7.70807
threshold=0.54999999999999727 0.15050000000000002 4.7500000000000009 -0.22701068973476937 1.3698277998858572 2.2576852775920102 3.9500000000000033 0.82414472752956958 -0.72696319516528884 4506.0000000000009 7373.0000000000009 11.750000000000002
decision_type=2 2 2 2 2 2 2 2 2 2 2 2
left_child=1 3 4 -1 -2 -5 7 9 -3 -6 11 -10
right_child=2 8 -4 5 6 -7 -8 -9 10 -11 -12 -13
leaf_value=-0.049192940799438201 -0.044999420708793772 -0.032509078255265812 0.1068750831962844 -0.0093720665128300216 0.10097440171917615 0.090777180423775555 -0.023444784835855808 -0.0058664453974345051 -0.13420425995773005 0.043745648792244254 -0.055412134592265919 -0.091253282516325668
leaf_weight=64 45 39 57 38 61 47 47 45 47 66 43 65
leaf_count=64 45 39 57 38 61 47 47 45 47 66 43 65
internal_value=-0.00509029 -0.0441038 0.0365971 0.0051143 0.0214234 0.0460045 0.0350719 0.051062 -0.0819054 0.0712335 -0.0943342 -0.109277
internal_weight=664 343 321 149 264 85 219 172 194 127 155 112
internal_count=664 343 321 149 264 85 219 172 194 127 155 112
is_linear=0
shrinkage=0.0807964


Tree=11
num_leaves=12
num_cat=0
split_feature=2 11 9 6 9 2 1 4 12 2 12
split_gain=199.158 78.1211 67.1452 53.4077 38.3833 27.1287 23.363 23.2338 21.7213 16.9096 19.8577
threshold=13.1 0.78571428571428681 0.1500000000000021 8.6500000000000004 0.4500000000000029 21.600000000000005 61.45000000000001 0.66367808336324663 1.7000000000000004 16.650000000000009 -0.72499999999999876
decision_type=2 2 2 2 2 2 2 2 2 2 2
left_child=2 3 -1 -2 9 6 7 -3 -4 -5 -11
right_child=1 5 8 4 -6 -7 -8 -9 -10 10 -12
leaf_value=0.0068570482282420261 0.011321463551028024 0.094291951356538423 0.080949982661948097 -0.059838344148293157 -0.019232904704708478 -0.04080007485250383 -0.017506134119732293 0.014186334498549207 0.15619220318864344 -0.15734190332526962 -0.087515050290928362
leaf_weight=69 53 39 67 49 52 64 62 60 40 46 63
leaf_count=69 53 39 67 49 52 64 62 60 40 46 63
internal_value=-0.00467902 -0.0312528 0.0690027 -0.0611534 -0.0794447 0.00369767 0.0213862 0.0457431 0.109078 -0.0992612 -0.116983
internal_weight=664 488 176 263 210 225 161 99 107 158 109
internal_count=664 488 176 263 210 225 161 99 107 158 109
is_linear=0
shrinkage=0.0807964


Tree=12
num_leaves=14
num_cat=0
split_feature=2 4 12 9 2 6 10 4 12 1 1 12 13
split_gain=164.39 105.302 96.7453 51.1829 44.3235 46.524 39.2869 30.0312 27.0816 23.771 17.7917 17.5363 5.35097
threshold=15.199999999999994 -0.40613878790836588 2.264285714285716 1.3499999999999981 18.950000000000006 7.4500000000000011 1.0499999999999974 -0.58481178939031186 -1.2464285714285712 61.45000000000001 51.150000000000013 0.80357142857142916 2.5758936738015437
decision_type=2 2 2 2 2 2 2 2 2 2 2 2 2
left_child=2 8 3 7 9 -6 -5 -1 -2 -3 -7 -9 -10
right_child=1 4 -4 6 5 10 -8 11 12 -11 -12 -13 -14
leaf_value=0.057780451137551619 -0.13410134206308966 0.063156905308523761 0.16292970144467334 0.13640032421336257 0.035608350196241638 -0.10032395199114719 0.028208530603917755 -0.055820737185235884 -0.076623086767148699 -0.012379788543841544 -0.033123828562539211 0.013465166337256208 -0.038424746774813411
leaf_weight=38 51 74 41 39 48 43 50 57 62 43 64 41 39
leaf_count=38 51 74 41 39 48 43 50 57 62 43 64 41 39
internal_value=-0.00100816 -0.0322447 0.0487824 0.0279822 -0.00214476 -0.0304816 0.0756185 -0.0031915 -0.0861077 0.0353955 -0.0601295 -0.0268337 -0.0618733
internal_weight=690 424 266 225 272 155 89 136 152 117 107 98 101
internal_count=690 424 266 225 272 155 89 136 152 117 107 98 101
is_linear=0
shrinkage=0.0807964


Tree=13
num_leaves=14
num_cat=0
split_feature=2 4 12 7 2 6 3 0 1 4 12 1 10
split_gain=138.899 88.9736 81.7435 44.5079 37.4505 39.3098 33.4453 32.7243 41.5145 41.4869 22.8821 20.1618 5.24188
threshold=15.199999999999994 -0.40613878790836588 2.264285714285716 2549.0000000000005 18.950000000000006 7.4500000000000011 0.8697513045430848 81.450000000000017 58.45000000000001 -0.71502926860092908 -1.2464285714285712 60.050000000000004 -1.0000000180025095e-35
decision_type=2 2 2 2 2 2 2 2 2 2 2 2 2
left_child=2 10 3 -1 11 -6 -7 8 -5 -9 -2 -3 -12
right_child=1 4 -4 7 5 6 -8 9 -10 -11 12 -13 -14
leaf_value=-0.046148902383613008 -0.12326643316631701 0.062019070736546417 0.14976556379856285 0.018080268195354798 0.032731323783471107 -0.017520596333489295 -0.10932329685215113 0.071765443929481268 0.13084172945844363 -0.036473048049005655 -0.073046235863735431 -0.0056192033994532766 -0.035923825545967979
leaf_weight=45 51 66 41 39 48 63 44 41 47 53 57 51 44
leaf_count=45 51 66 41 39 48 63 44 41 47 53 57 51 44
internal_value=-0.000926704 -0.0296394 0.044841 0.0257213 -0.00197147 -0.0280188 -0.0552713 0.0436889 0.0797058 0.0107373 -0.0791505 0.0325357 -0.0568741
internal_weight=690 424 266 225 272 155 107 180 86 94 152 117 101
internal_count=690 424 266 225 272 155 107 180 86 94 152 117 101
is_linear=0
shrinkage=0.0807964


Tree=14
num_leaves=14
num_cat=0
split_feature=2 11 12 6 4 9 6 6 2 2 6 3 0
split_gain=119.849 68.9326 58.0356 40.0228 31.4871 36.9124 28.9219 28.1353 22.1361 18.8234 26.2552 17.1782 10.6765
threshold=13.35 0.52857142857143014 2.0750000000000006 8.3500000000000032 -0.42179730054635828 1.2500000000000002 15.15 7.4500000000000011 18.900000000000002 20.050000000000004 11.250000000000002 0.52766072109828632 90.65000000000002
decision_type=2 2 2 2 2 2 2 2 2 2 2 2 2
left_child=2 3 4 -2 -1 -6 7 -3 12 10 -9 -10 -5
right_child=1 6 -4 8 5 -7 -8 9 11 -11 -12 -13 -14
leaf_value=0.090346656086417815 0.01996717901725957 0.043158614776560071 0.14291593430023908 -0.022692863081919347 -0.035653082013477763 0.063500014215006992 0.068565630382849019 0.030823997354111333 -0.065173099828814668 -0.062845331881943953 -0.045404876058790067 -0.13843607071204417 -0.072806970392644263
leaf_weight=42 41 60 39 64 57 43 42 65 45 50 54 39 49
leaf_count=42 41 60 39 64 57 43 42 65 45 50 54 39 49
internal_value=-0.00085183 -0.0209319 0.0556164 -0.0526598 0.0316397 0.0069827 0.00693248 -0.00437139 -0.0677751 -0.021246 -0.00376722 -0.0991881 -0.0444238
internal_weight=690 509 181 238 142 100 271 229 197 169 119 84 113
internal_count=690 509 181 238 142 100 271 229 197 169 119 84 113
is_linear=0
shrinkage=0.0807964


Tree=15
num_leaves=14
num_cat=0
split_feature=2 0 12 10 3 2 12 13 11 12 1 3 2
split_gain=115.656 65.8659 44.6976 46.7851 35.3625 23.5904 23.5622 21.8143 22.5953 29.5788 14.3161 9.63801 7.98711
threshold=13.15 81.350000000000009 1.8142857142857134 -0.45000000000000279 -0.86976336936302323 15.450000000000005 -1.3321428571428573 1.6201850929599766 1.3214285714285723 2.0857142857142859 65.90000000000002 0.61237135649459018 18.450000000000006
decision_type=2 2 2 2 2 2 2 2 2 2 2 2 2
left_child=2 7 3 -1 -3 -6 -7 -2 -9 -10 -5 12 -8
right_child=1 4 -4 10 5 6 11 8 9 -11 -12 -13 -14
leaf_value=0.091544503252114717 -0.036656860360109636 0.0027258445709119543 0.12082016674795153 -0.042424636148269593 -0.0092186065463886573 -0.12768791468557278 -0.015279692250276363 0.059389746745623875 -0.042837531468398519 0.041082011353092834 0.024808709032732051 -0.089500941127123104 -0.066698068808019387
leaf_weight=51 48 71 49 39 42 44 38 73 52 58 44 43 41
leaf_count=51 48 71 49 39 42 44 38 73 52 58 44 43 41
internal_value=-0.000315443 -0.0200874 0.0547868 0.0306402 -0.046508 -0.0633137 -0.0770004 0.011823 0.0245391 0.00141091 -0.0067828 -0.0587197 -0.0419652
internal_weight=693 510 183 134 279 208 166 231 183 110 83 122 79
internal_count=693 510 183 134 279 208 166 231 183 110 83 122 79
is_linear=0
shrinkage=0.0807964


Tree=16
num_leaves=14
num_cat=0
split_feature=2 0 6 9 11 6 1 12 10 11 4 6 2
split_gain=97.7219 55.6524 46.1364 36.5776 25.7471 24.5362 18.8818 22.0927 23.3784 12.8054 40.1914 27.0434 10.5243
threshold=13.15 81.350000000000009 9.3500000000000032 1.1499999999999988 1.5428571428571438 6.9500000000000011 76.65000000000002 0.39285714285714318 -1.9500000000000026 1.3214285714285723 0.3484035575467645 13.250000000000002 17.450000000000003
decision_type=2 2 2 2 2 2 2 2 2 2 2 2 2
left_child=2 5 -1 -4 6 -2 7 8 -3 10 -7 -11 -10
right_child=1 4 3 -5 -6 9 -8 -9 12 11 -12 -13 -14
leaf_value=0.11652541162101498 0.070211700943000943 -0.076124649704552266 -0.015940185596759721 0.068824365514211144 0.01813708041460169 -0.027313764360162203 -0.098568428702560662 -0.094095180037601492 0.024199436858911811 -0.052164088907165763 0.084431047216755054 0.030428964856273718 -0.02748465084216218
leaf_weight=50 38 45 68 65 39 47 47 41 43 65 38 43 64
leaf_count=50 38 45 68 65 39 47 47 41 43 65 38 43 64
internal_value=-0.000289956 -0.0184644 0.0503602 0.0254861 -0.0427503 0.0108678 -0.0526445 -0.0414609 -0.0272635 -0.00081649 0.0226427 -0.0192798 -0.00671436
internal_weight=693 510 183 133 279 231 240 193 152 193 85 108 107
internal_count=693 510 183 133 279 231 240 193 152 193 85 108 107
is_linear=0
shrinkage=0.0807964


Tree=17
num_leaves=13
num_cat=0
split_feature=9 2 11 4 5 2 9 7 6 7 6 8
split_gain=85.2582 54.8936 49.4562 27.7684 27.0698 25.6166 14.6201 23.8406 13.9089 13.1559 12.7098 8.63028
threshold=4.549999999999998 10.750000000000002 0.51428571428571457 0.64414586362404946 1.0000000180025095e-35 13.15 0.65000000000000224 4193.0000000000009 8.6500000000000004 4762.0000000000009 12.950000000000001 0.21150000000000002
decision_type=2 2 2 2 2 2 2 2 2 2 2 2
left_child=1 3 4 -1 8 -4 7 -7 -3 -8 11 -10
right_child=-2 2 5 -5 -6 6 9 -9 10 -11 -12 -13
leaf_value=0.10300519577541223 0.081083403824406639 0.0084997850007839017 0.059639808861414879 0.0053284494143448569 -0.08733543457730894 0.065640580351705377 -0.047132803923632137 -0.01768069619378811 -0.031912578680414951 0.0020528373890866076 -0.0057320296925485867 -0.079743362180358018
leaf_weight=38 75 49 46 38 70 40 71 51 46 71 45 53
leaf_count=38 75 49 46 38 70 40 71 51 46 71 45 53
internal_value=-0.000266529 -0.0101391 -0.0191562 0.0541669 -0.044294 0.00454 -0.00633805 0.018944 -0.0286831 -0.0225399 -0.0413356 -0.057519
internal_weight=693 618 542 76 263 279 233 91 193 142 144 99
internal_count=693 618 542 76 263 279 233 91 193 142 144 99
is_linear=0
shrinkage=0.0807964


Tree=18
num_leaves=14
num_cat=0
split_feature=9 2 2 7 10 8 1 12 12 7 2 0 2
split_gain=66.9204 33.4438 32.6102 28.6458 21.818 20.0424 19.4749 23.2747 28.8851 12.6084 11.2635 5.82226 5.66543
threshold=1.1499999999999988 13.950000000000001 12.250000000000002 4090.0000000000005 0.84999999999999798 0.13799999999999998 67.350000000000009 1.4892857142857125 2.3464285714285729 5748.5000000000009 19.150000000000009 90.950000000000017 17.450000000000003
decision_type=2 2 2 2 2 2 2 2 2 2 2 2 2
left_child=2 3 -1 -2 9 -6 7 -3 -9 12 11 -11 -4
right_child=1 6 4 -5 5 -7 -8 8 -10 10 -12 -13 -14
leaf_value=0.029150571452048243 0.028848655479507594 0.077050896302241531 -0.08353811891811129 0.11508292483859614 0.040305984611794105 -0.03123754625016369 -0.035211221248408059 -0.046999418659474532 0.047786156910805545 0.012344576526413999 -0.056980985974122406 -0.031804358220327553 -0.04353623737742171
leaf_weight=69 57 39 59 45 44 61 48 41 43 39 57 39 38
leaf_count=69 57 39 59 45 44 61 48 41 43 39 57 39 38
internal_value=-0.00065512 0.0302776 -0.0214547 0.0668932 -0.0318161 -0.00125735 0.00843667 0.02547 0.00152171 -0.0456465 -0.0296804 -0.00972983 -0.0678673
internal_weight=679 273 406 102 337 105 171 123 84 232 135 78 97
internal_count=679 273 406 102 337 105 171 123 84 232 135 78 97
is_linear=0
shrinkage=0.0807964


Tree=19
num_leaves=14
num_cat=0
split_feature=2 0 7 7 6 6 13 13 10 12 12 1 1
split_gain=59.3315 45.1582 44.2454 43.0327 35.9206 33.8603 33.8253 23.2103 21.1506 15.1696 14.0163 12.3439 4.67704
threshold=11.050000000000002 81.350000000000009 3501.5000000000005 2502.5000000000005 14.550000000000002 7.9500000000000011 2.9477594394140629 1.9743593911468929 1.5499999999999974 0.72142857142857209 -1.2464285714285712 70.950000000000017 75.350000000000009
decision_type=2 2 2 2 2 2 2 2 2 2 2 2 2
left_child=2 3 -1 -2 6 -3 7 -5 9 10 -7 -12 -13
right_child=1 5 -4 4 -6 8 -8 -9 -10 -11 11 12 -14
leaf_value=0.014574853143955274 -0.061246728766671289 0.034325862535122348 0.1256425032584485 0.02026826826778004 0.09426356595311941 -0.077624378270480368 0.060139611788885647 -0.050957863882686034 0.0030357326248572191 -0.099119197501747358 -0.06484344186205443 0.0082655311711224751 -0.030638399263158252
leaf_weight=61 42 44 38 64 43 54 63 56 54 39 40 43 38
leaf_count=61 42 44 38 64 43 54 63 56 54 39 40 43 38
internal_value=-0.000602188 -0.0104696 0.0572069 0.0138556 0.0278127 -0.0313643 0.0121985 -0.0129706 -0.0421493 -0.0535512 -0.043396 -0.0281205 -0.00998564
internal_weight=679 580 99 268 226 312 183 120 268 214 175 121 81
internal_count=679 580 99 268 226 312 183 120 268 214 175 121 81
is_linear=0
shrinkage=0.0807964


Tree=20
num_leaves=13
num_cat=0
split_feature=9 6 6 2 2 13 10 5 8 6 6 3
split_gain=51.2855 27.9976 38.835 23.4327 22.9677 18.8543 15.4027 17.4643 16.512 9.12988 8.95574 5.02427
threshold=1.1499999999999988 7.1500000000000012 14.950000000000001 13.950000000000001 12.250000000000002 2.1934425915778837 0.84999999999999798 1.0000000180025095e-35 0.13799999999999998 8.3500000000000032 10.450000000000001 0.76140650896573492
decision_type=2 2 2 2 2 2 2 2 2 2 2 2
left_child=4 -2 3 -3 -1 -5 7 9 -8 -6 -11 -12
right_child=1 2 -4 5 6 -7 8 -9 -10 10 11 -13
leaf_value=0.023707586642340288 0.088973764118238999 0.037567742471217143 0.089373877217465328 0.017558645022606591 0.0066996905419038025 -0.047025506308600931 0.035943879854908108 -0.078845744477361063 -0.028993518365231362 -0.070092537413171438 -0.0080420119812696766 -0.045009876448329489
leaf_weight=69 40 72 39 50 41 72 44 55 61 38 56 42
leaf_count=69 40 72 39 50 41 72 44 55 61 38 56 42
internal_value=-0.000553532 0.0265257 0.015805 0.00101533 -0.018762 -0.0205566 -0.0274576 -0.0390781 -0.00178161 -0.0267209 -0.0367963 -0.0238854
internal_weight=679 273 233 194 406 122 337 232 105 177 136 98
internal_count=679 273 233 194 406 122 337 232 105 177 136 98
is_linear=0
shrinkage=0.0807964


Tree=21
num_leaves=13
num_cat=0
split_feature=2 6 12 8 13 12 12 9 11 11 1 2
split_gain=58.6262 47.4232 39.9562 29.7819 24.7927 22.7242 27.8055 20.1451 42.9752 24.6654 19.5197 14.8975
threshold=10.950000000000005 8.6500000000000004 0.89285714285714424 0.080500000000000016 2.1864814149960305 0.39285714285714318 -0.30714285714285633 0.54999999999999727 1.5500000000000014 2.4071428571428579 63.900000000000006 17.600000000000001
decision_type=2 2 2 2 2 2 2 2 2 2 2 2
left_child=3 4 5 -1 10 6 11 -4 -9 -10 -2 -3
right_child=1 2 7 -5 -6 -7 -8 8 9 -11 -12 -13
leaf_value=0.01528570340972708 -0.044056885535696796 -0.030612879102404483 -0.033737059204066618 0.10536831515243465 0.062925602796297192 -0.0996328969612639 0.009511428167915989 0.093251497295226693 -0.056502260390025601 0.0304146240130901 0.036806846022518262 -0.085550040585918294
leaf_weight=50 38 71 61 46 73 42 64 39 39 47 40 59
leaf_count=50 38 71 61 46 73 42 64 39 39 47 40 59
internal_value=1.62014e-05 -0.0097738 -0.0236779 0.0584503 0.029084 -0.0457492 -0.0340837 0.00432657 0.0229017 -0.00900112 -0.00258824 -0.0555459
internal_weight=669 573 422 96 151 236 194 186 125 86 78 130
internal_count=669 573 422 96 151 236 194 186 125 86 78 130
is_linear=0
shrinkage=0.0807964


Tree=22
num_leaves=13
num_cat=0
split_feature=2 11 6 10 8 5 1 13 2 13 2 9
split_gain=53.994 37.9833 31.3753 27.8195 35.6858 19.0452 24.9886 22.5356 18.701 16.8017 16.3547 11.7164
threshold=18.900000000000002 -0.69999999999999962 9.9500000000000011 -1.7499999999999998 0.10750000000000001 0.082999999999999963 54.300000000000004 2.4921716478667579 14.200000000000001 1.9180222858813987 15.450000000000005 0.84999999999999798
decision_type=2 2 2 2 2 2 2 2 2 2 2 2
left_child=1 10 8 -2 -5 6 -4 11 -3 -6 -1 -8
right_child=3 2 5 4 9 -7 7 -9 -10 -11 -12 -13
leaf_value=0.00013156363759354555 -0.093050676410454267 0.094003896300314319 0.04512279561541159 0.047934590087089106 -0.0096340171268655406 0.04760109134588264 -0.026177277930448332 -0.074355903248497085 0.029942300553946623 -0.066456135377055192 -0.068406182524297005 0.033874427775535516
leaf_weight=51 41 59 50 40 66 67 48 38 60 70 41 38
leaf_count=51 41 59 50 40 66 67 48 38 60 70 41 38
internal_value=1.48923e-05 0.0159191 0.0277594 -0.0331128 -0.0191499 0.0109984 -0.00309575 -0.0225388 0.061704 -0.0388807 -0.0304124 0.000357141
internal_weight=669 452 360 217 176 241 174 124 119 136 92 86
internal_count=669 452 360 217 176 241 174 124 119 136 92 86
is_linear=0
shrinkage=0.0807964


Tree=23
num_leaves=15
num_cat=0
split_feature=2 11 13 10 8 11 11 10 1 13 13 3 6 10
split_gain=45.6214 32.907 29.5243 23.5057 30.2539 20.8088 27.9091 40.3921 23.9952 18.7774 20.8608 15.3858 8.50714 7.05744
threshold=18.900000000000002 3.3071428571428574 1.2196796456036607 -1.7499999999999998 0.10250000000000001 -0.5285714285714268 1.3428571428571427 -0.24999999999999992 65.350000000000009 3.1244797709221332 2.4082638899995246 -0.82415615971448097 11.550000000000002 1.6499999999999988
decision_type=2 2 2 2 2 2 2 2 2 2 2 2 2 2
left_child=1 2 -1 -2 -5 12 7 -7 -9 10 -8 -6 -4 -13
right_child=3 -3 5 4 11 6 9 8 -10 -11 -12 13 -14 -15
leaf_value=-0.051112231431048823 -0.085532514757545058 0.083656248998575128 -0.046474759866357872 0.046234501868270821 0.0085831906188622246 0.10228421854471446 0.012424742730578309 0.065356415176937063 -0.01598710001717853 0.043646438804941221 -0.06712964888345839 -0.033918496959808628 0.0065908215758010659 -0.077560033835157638
leaf_weight=49 41 41 41 38 38 58 48 40 58 40 39 59 38 41
leaf_count=49 41 41 41 38 38 58 48 40 58 40 39 59 38 41
internal_value=1.36888e-05 0.0146329 0.00774736 -0.0304374 -0.0176027 0.0157146 0.0259494 0.0488429 0.0172143 -0.00217167 -0.0232375 -0.0351811 -0.0209495 -0.0518116
internal_weight=669 452 411 217 176 362 283 156 98 127 87 138 79 100
internal_count=669 452 411 217 176 362 283 156 98 127 87 138 79 100
is_linear=0
shrinkage=0.0807964


Tree=24
num_leaves=14
num_cat=0
split_feature=2 6 1 10 11 2 10 5 1 9 12 11 2
split_gain=45.4134 32.2407 32.3258 23.6692 26.6276 32.0609 23.0254 12.6757 9.38713 7.07572 6.1733 8.45133 5.21215
threshold=11.050000000000002 7.4500000000000011 44.750000000000007 1.5499999999999974 0.93571428571428539 17.250000000000004 1.0000000180025095e-35 1.0000000180025095e-35 66.950000000000017 -0.35000000000000137 -1.2464285714285712 0.16428571428571506 18.950000000000006
decision_type=2 2 2 2 2 2 2 2 2 2 2 2 2
left_child=6 -2 -3 7 -5 -6 -1 8 12 -9 -10 -12 -4
right_child=1 2 3 4 5 -7 -8 9 10 -11 11 -13 -14
leaf_value=0.095092048274658225 0.036248338928473657 -0.087380232935339128 0.022914568668781329 -0.042376048297221275 0.084222539951420317 -0.010150036570446769 0.014449518334240843 -0.029914601762469191 -0.05724704671586682 -0.077396941752784498 -0.00069857891338337668 -0.049395457452657485 -0.015779637234167237
leaf_weight=38 73 44 44 39 47 47 59 40 40 42 60 38 47
leaf_count=38 73 44 44 39 47 47 59 40 40 42 60 38 47
internal_value=-0.00500507 -0.0138313 -0.0213227 -0.0147765 0.0137499 0.0370362 0.0460415 -0.0269759 -0.017215 -0.0542349 -0.0304988 -0.0195811 0.0029296
internal_weight=658 561 488 444 133 94 97 311 229 82 138 98 91
internal_count=658 561 488 444 133 94 97 311 229 82 138 98 91
is_linear=0
shrinkage=0.0807964


Tree=25
num_leaves=14
num_cat=0
split_feature=2 6 8 2 0 3 10 0 6 11 13 10 12
split_gain=38.3714 27.2413 24.6321 24.7137 33.0879 26.0924 19.4549 17.9895 13.8725 14.1956 9.05589 10.3851 7.78625
threshold=11.050000000000002 7.4500000000000011 0.074500000000000011 23.050000000000001 82.750000000000014 0.73865729060996177 1.0000000180025095e-35 95.550000000000026 14.750000000000002 1.5571428571428587 2.5706212394391188 0.54999999999999727 -0.36071428571428543
decision_type=2 2 2 2 2 2 2 2 2 2 2 2 2
left_child=6 -2 -3 4 8 7 -1 10 9 -4 11 12 -6
right_child=1 2 3 -5 5 -7 -8 -9 -10 -11 -12 -13 -14
leaf_value=0.087408949963353355 0.033319601983325689 -0.073326045430633993 0.033673517791262805 -0.068172884269415618 0.018733118500240481 -0.085513958461970213 0.013282047549367152 -0.062793426094521085 0.065676891070146612 -0.025742487277277511 -0.030556775624073874 0.0445457662632983 -0.032656712007069037
leaf_weight=38 73 50 63 48 39 39 59 39 38 45 50 39 38
leaf_count=38 73 50 63 48 39 39 59 39 38 45 50 39 38
internal_value=-0.00460068 -0.0127138 -0.0195999 -0.0134668 -0.00673375 -0.0249382 0.0423215 -0.013414 0.02369 0.0089168 -0.00181273 0.0105769 -0.00662803
internal_weight=658 561 488 438 390 244 97 205 146 108 166 116 77
internal_count=658 561 488 438 390 244 97 205 146 108 166 116 77
is_linear=0
shrinkage=0.0807964


Tree=26
num_leaves=14
num_cat=0
split_feature=2 6 1 4 0 5 9 9 3 1 2 13 13
split_gain=32.4213 23.708 22.1897 16.0867 15.4203 18.7449 21.8463 25.2919 16.1837 7.00922 13.3007 6.90512 3.58634
threshold=11.050000000000002 6.8500000000000005 44.750000000000007 0.68274389090025245 69.350000000000009 0.18700000000000003 2.2500000000000004 0.54999999999999727 -0.452744437932114 76.750000000000014 17.050000000000004 2.6202018166939132 1.5224501457840673
decision_type=2 2 2 2 2 2 2 2 2 2 2 2 2
left_child=3 -2 -3 -1 -4 6 7 9 -9 10 -6 12 -12
right_child=1 2 4 -5 5 -7 -8 8 -10 -11 11 -13 -14
leaf_value=0.065883112162927818 0.043241039478244592 -0.069015989257877053 0.03800461203593828 -0.0012234290644664823 -0.048876667430624 0.030790665054419009 -0.061219507583352831 0.06409814691943054 -0.0090463590126139658 -0.054597429858541963 -0.0058942386406352146 -0.030062770383487706 0.028982693649888126
leaf_weight=58 47 48 38 39 63 50 74 39 40 45 39 40 38
leaf_count=58 47 48 38 39 63 50 74 39 40 45 39 40 38
internal_value=-0.00422896 -0.0116866 -0.0167091 0.0389021 -0.0113213 -0.0157007 -0.0218504 -0.0122671 0.0270629 -0.0260763 -0.018946 -0.00282943 0.0113177
internal_weight=658 561 514 97 466 428 378 304 79 225 180 117 77
internal_count=658 561 514 97 466 428 378 304 79 225 180 117 77
is_linear=0
shrinkage=0.0807964


Tree=27
num_leaves=14
num_cat=0
split_feature=8 7 3 13 12 2 2 12 13 3 1 10 8
split_gain=56.0019 44.6407 25.4767 41.8563 21.6002 15.6301 13.8232 15.7888 14.6535 13.7175 12.8494 10.8549 9.64318
threshold=0.049499999999999954 2919.5000000000005 -0.85227431625818906 1.2570739268673825 2.0214285714285727 15.300000000000002 23.050000000000001 1.1928571428571446 1.5824934472386702 0.17646842360078757 60.050000000000004 -0.85000000000000131 0.18150000000000002
decision_type=2 2 2 2 2 2 2 2 2 2 2 2 2
left_child=-1 -2 5 -4 6 -3 7 8 -5 12 -9 -11 -10
right_child=1 2 3 4 -6 -7 -8 10 9 11 -12 -13 -14
leaf_value=-0.094941106545587642 0.067055773106287839 0.072787019478965237 -0.080140910677068189 0.026090231094013892 0.037331193567816612 0.0082715235839896286 -0.05761333553318479 0.054765879838597611 -0.081325990226584363 0.020475077941594227 -0.0092774637677421386 -0.03541974814258942 -0.026048912943123479
leaf_weight=40 65 39 52 41 71 66 38 43 38 48 39 43 45
leaf_count=40 65 39 52 41 71 66 38 43 38 48 39 43 45
internal_value=-0.00224632 0.0036578 -0.00366168 -0.0118912 -0.00314979 0.0322345 -0.0117294 -0.00585866 -0.0173634 -0.0276025 0.0243062 -0.00593671 -0.0513565
internal_weight=668 628 563 458 406 105 335 297 215 174 82 91 83
internal_count=668 628 563 458 406 105 335 297 215 174 82 91 83
is_linear=0
shrinkage=0.0807964


Tree=28
num_leaves=13
num_cat=0
split_feature=8 8 1 13 2 5 7 7 7 2 13 1
split_gain=47.318 39.445 20.2345 16.6644 18.9289 32.0571 39.4132 15.8477 11.0125 11.3586 13.9941 8.23259
threshold=0.049499999999999954 0.064500000000000016 76.65000000000002 1.0613307792066664 15.950000000000005 0.030000000000000002 3917.0000000000005 5704.0000000000009 3990.5000000000005 22.750000000000007 2.8270794809900521 71.550000000000011
decision_type=2 2 2 2 2 2 2 2 2 2 2 2
left_child=-1 -2 3 -3 5 6 -5 -8 -6 10 11 -10
right_child=1 2 -4 4 8 -7 7 -9 9 -11 -12 -13
leaf_value=-0.087270204006814914 0.078050497971075536 -0.036081464299469478 -0.046994706639246077 -0.061279906584614692 0.029560947962491708 0.078878765104641396 0.0088094844829103448 0.074680482729445302 -0.037657651904839329 -0.044554923781361305 0.031902177093856489 0.0074423639162312805
leaf_weight=40 43 63 59 40 47 56 64 38 64 57 52 45
leaf_count=40 43 63 59 40 47 56 64 38 64 57 52 45
internal_value=-0.00206483 0.00336226 -0.00212764 0.00290497 0.00820983 0.0271095 0.00669344 0.0333497 -0.00591142 -0.0135592 -0.00258547 -0.0190383
internal_weight=668 628 585 526 463 198 142 102 265 218 161 109
internal_count=668 628 585 526 463 198 142 102 265 218 161 109
is_linear=0
shrinkage=0.0807964


Tree=29
num_leaves=13
num_cat=0
split_feature=7 7 9 6 6 10 13 13 6 4 9 1
split_gain=38.6397 28.0521 26.2116 26.1655 24.5043 15.8241 15.7343 16.7061 16.3779 9.67121 7.95733 4.06955
threshold=1938.5000000000002 2919.5000000000005 4.2500000000000009 14.950000000000001 9.5500000000000025 -1.1499999999999984 1.3224149550590567 2.3521013907527411 11.950000000000001 0.57605713708605399 -1.0000000180025095e-35 69.65000000000002
decision_type=2 2 2 2 2 2 2 2 2 2 2 2
left_child=-1 -2 3 4 5 -3 -6 8 -8 11 -9 -7
right_child=1 2 -4 -5 6 9 7 10 -10 -11 -12 -13
leaf_value=-0.077889036017402935 0.054661621006805432 0.051517279785466039 0.046534115968639121 0.035258519637220577 -0.072197364337651504 0.021864094964464741 -0.035296046144893289 -0.024110695580001392 0.028403940531880719 -0.040263657336431898 -0.073556371809571974 -0.010124832980779031
leaf_weight=41 62 39 63 75 53 54 49 42 57 40 43 50
leaf_count=41 62 39 63 75 53 54 49 42 57 40 43 50
internal_value=-0.00189799 0.00307111 -0.00259014 -0.00875515 -0.0164859 0.00586362 -0.0332481 -0.0224401 -0.00104223 -0.00650088 -0.0491244 0.00648476
internal_weight=668 627 565 502 427 183 244 191 106 144 85 104
internal_count=668 627 565 502 427 183 244 191 106 144 85 104
is_linear=0
shrinkage=0.0807964


Tree=30
num_leaves=14
num_cat=0
split_feature=9 0 2 3 1 0 3 7 10 11 10 3 10
split_gain=27.4904 21.3243 26.0372 24.3148 21.6063 14.937 20.7344 15.3665 8.30857 8.17098 10.7337 7.20327 2.85037
threshold=4.6499999999999995 63.550000000000004 11.050000000000002 0.24372619187392147 76.65000000000002 74.350000000000009 0.49812943072827087 5797.5000000000009 2.5499999999999976 -0.19999999999999976 -1.0000000180025095e-35 0.88621069759564464 1.8500000000000016
decision_type=2 2 2 2 2 2 2 2 2 2 2 2 2
left_child=1 3 -3 -1 5 8 9 -8 -4 -7 -11 -9 -12
right_child=-2 2 4 -5 -6 6 7 11 -10 10 12 -13 -14
leaf_value=-0.090883318809648492 0.046688493865435075 0.053277359973405852 0.049092029659034878 -0.00063199439153219391 -0.051652444472569982 0.039979547040440794 -0.054913210317916225 0.019638564253361298 0.00051937619375117103 -0.03410582888074442 0.0039086165162916086 -0.028255298683099977 0.033528382835067733
leaf_weight=38 75 55 56 40 58 49 75 41 39 39 48 41 38
leaf_count=38 75 55 56 40 58 49 75 41 39 39 48 41 38
internal_value=0.000499139 -0.00511544 0.000598549 -0.0446007 -0.00538767 0.000911279 -0.00719397 -0.0284827 0.0291517 0.0120148 0.00105252 -0.00430831 0.0169965
internal_weight=692 617 539 78 484 426 331 157 95 174 125 82 86
internal_count=692 617 539 78 484 426 331 157 95 174 125 82 86
is_linear=0
shrinkage=0.0807964


Tree=31
num_leaves=14
num_cat=0
split_feature=2 6 6 0 8 10 12 7 6 3 1 2 10
split_gain=25.5606 29.8291 21.3872 18.5126 17.5746 14.8608 22.4771 12.5262 13.4682 15.5484 9.57291 7.71926 4.27014
threshold=13.35 9.2500000000000018 6.8500000000000005 66.300000000000026 0.094500000000000015 -0.45000000000000279 1.5071428571428587 7418.0000000000009 13.750000000000002 0.91596454896554913 76.350000000000009 16.450000000000006 1.0499999999999974
decision_type=2 2 2 2 2 2 2 2 2 2 2 2 2
left_child=1 -1 -2 -4 -5 -3 -7 8 9 10 11 -6 -13
right_child=2 5 3 4 7 6 -8 -9 -10 -11 -12 12 -14
leaf_value=0.079838220582933231 0.041451913715246411 0.045479607629960429 -0.064538664663186113 0.034495483571449992 -0.041760042103159145 -0.043027235572046477 0.034583753711304864 0.020393949791155708 0.0085309700975810566 -0.07553275291078726 -0.056642629560808504 -0.013201902395279739 0.020350303123638135
leaf_weight=49 49 45 44 52 41 58 42 53 71 43 40 65 40
leaf_count=49 49 45 44 52 41 58 42 53 71 43 40 65 40
internal_value=0.000458811 0.0253381 -0.00923312 -0.0147645 -0.00935689 0.00692083 -0.0104306 -0.0158167 -0.022214 -0.0317463 -0.0216236 -0.0120293 -0.000420064
internal_weight=692 194 498 449 405 145 100 353 300 229 186 146 105
internal_count=692 194 498 449 405 145 100 353 300 229 186 146 105
is_linear=0
shrinkage=0.0807964


Tree=32
num_leaves=14
num_cat=0
split_feature=7 8 2 1 0 10 7 2 6 9 8 7 4
split_gain=25.8269 34.2071 23.643 13.4573 25.3796 15.8606 23.6795 28.348 12.1119 8.88061 16.8884 7.06036 6.65869
threshold=1938.5000000000002 0.065500000000000017 11.050000000000002 42.550000000000004 70.750000000000014 -1.0000000180025095e-35 4590.5000000000009 15.700000000000001 9.3500000000000032 2.2500000000000004 0.12550000000000003 5852.0000000000009 -0.73865259438682551
decision_type=2 2 2 2 2 2 2 2 2 2 2 2 2
left_child=-1 -2 -3 -4 -5 6 -6 -8 -9 10 -7 -12 -10
right_child=1 2 3 4 5 9 7 8 12 -11 11 -13 -14
leaf_value=-0.061775933281253116 0.067198563317943008 0.046553227495388205 -0.052875659415987382 0.051609527787550277 -0.082630121513387556 0.057180122129785516 0.04075206909670049 0.0054951381576069996 -0.071496498737441613 -0.019888988313362933 -0.019060247816981679 0.020007109096905201 -0.028053431151807206
leaf_weight=41 52 61 38 50 38 46 48 40 42 64 63 58 51
leaf_count=41 52 61 38 50 38 46 48 40 42 64 63 58 51
internal_value=0.000421741 0.00433896 -0.00111796 -0.00652307 -0.00300026 -0.00906802 -0.0246467 -0.0124733 -0.0316825 0.00570131 0.0155084 -0.000333706 -0.0476729
internal_weight=692 651 599 538 500 450 219 181 133 231 167 121 93
internal_count=692 651 599 538 500 450 219 181 133 231 167 121 93
is_linear=0
shrinkage=0.0807964


Tree=33
num_leaves=13
num_cat=0
split_feature=9 3 1 1 1 11 10 3 1 12 11 10
split_gain=21.2219 12.2402 23.1989 14.9973 14.9965 8.83194 59.9769 24.9373 19.7988 28.8006 18.7107 13.0516
threshold=4.7500000000000009 0.84313847884979054 63.20000000000001 56.650000000000013 76.65000000000002 1.3214285714285723 0.84999999999999798 0.039769539193789956 69.40000000000002 -1.1571428571428581 0.78571428571428681 -0.45000000000000279
decision_type=2 2 2 2 2 2 2 2 2 2 2 2
left_child=1 4 3 -3 5 8 -7 -8 10 -10 -1 -11
right_child=-2 2 -4 -5 -6 6 7 -9 9 11 -12 -13
leaf_value=0.017357520040167475 0.046503868378789094 -0.028625093259464243 -0.070706507015595485 0.037007000497961212 -0.032399266799731215 -0.080047422167123544 -0.011819931207281977 0.063499812017130799 -0.059228794754936309 0.054086317068703059 0.088221738746129749 -0.00077557544757394224
leaf_weight=56 68 51 44 41 61 48 55 60 38 48 43 69
leaf_count=56 68 51 44 41 61 48 55 60 38 48 43 69
internal_value=0.00367643 -0.00106667 -0.0224535 0.00062394 0.00501829 0.0104919 -0.0041864 0.0274773 0.0199114 0.00188338 0.048137 0.0217318
internal_weight=682 614 136 92 478 417 163 115 254 155 99 117
internal_count=682 614 136 92 478 417 163 115 254 155 99 117
is_linear=0
shrinkage=0.0807964


Tree=34
num_leaves=13
num_cat=0
split_feature=13 11 11 2 7 9 2 1 2 6 11 6
split_gain=18.6311 11.0072 20.0173 27.6073 24.4051 16.5406 16.3031 14.6524 9.53168 10.633 7.01429 15.8046
threshold=3.6444993790733409 3.3214285714285707 1.8571428571428561 12.15 5116.5000000000009 1.0499999999999974 14.399999999999999 50.150000000000013 18.950000000000006 9.3500000000000032 -0.5285714285714268 11.250000000000002
decision_type=2 2 2 2 2 2 2 2 2 2 2 2
left_child=1 2 3 5 -4 -1 -5 -8 10 -10 -9 -12
right_child=-2 -3 4 6 -6 -7 7 8 9 -11 11 -13
leaf_value=0.012098824457620149 0.05085736397959216 0.039086668892495506 -0.061023798366103214 -0.043851064076402234 0.018634985519226838 0.083505900434894628 0.0471332031937556 -0.014098095110516294 0.0038444936190467943 -0.042457758296271124 0.061007501308753286 -0.0037335845547732931
leaf_weight=45 50 43 74 60 38 40 41 57 61 69 40 64
leaf_count=45 50 43 74 60 38 40 41 57 61 69 40 64
internal_value=0.00337939 -0.000376775 -0.00325782 0.00395968 -0.0339967 0.0457022 -0.00509162 0.00191309 -0.00445812 -0.0207313 0.00868167 0.0211668
internal_weight=682 632 589 477 112 85 392 332 291 130 161 104
internal_count=682 632 589 477 112 85 392 332 291 130 161 104
is_linear=0
shrinkage=0.0807964


end of trees

feature_importances:
forecast_diurnal_range=73
forecast_wind=39
roll_high_14d_mean=39
lag_high_2d=37
lag_high_1d=36
roll_high_7d_std=33
forecast_high=30
forecast_low=29
forecast_radiation=29
roll_high_7d_mean=28
day_sin=23
forecast_evap=23
day_cos=14
forecast_precip=6

parameters:
[boosting: gbdt]
[objective: regression]
[metric: l2]
[tree_learner: serial]
[device_type: cpu]
[data_sample_strategy: bagging]
[data: ]
[valid: ]
[num_iterations: 35]
[learning_rate: 0.0807964]
[num_leaves: 40]
[num_threads: 2]
[seed: 42]
[deterministic: 0]
[force_col_wise: 0]
[force_row_wise: 0]
[histogram_pool_size: -1]
[max_depth: -1]
[min_data_in_leaf: 38]
[min_sum_hessian_in_leaf: 0.001]
[bagging_fraction: 0.849262]
[pos_bagging_fraction: 1]
[neg_bagging_fraction: 1]
[bagging_freq: 3]
[bagging_seed: 400]
[bagging_by_query: 0]
[feature_fraction: 0.835715]
[feature_fraction_bynode: 1]
[feature_fraction_seed: 30056]
[extra_trees: 0]
[extra_seed: 12879]
[early_stopping_round: 0]
[early_stopping_min_delta: 0]
[first_metric_only: 0]
[max_delta_step: 0]
[lambda_l1: 5.97083e-05]
[lambda_l2: 2.80654e-08]
[linear_lambda: 0]
[min_gain_to_split: 0]
[drop_rate: 0.1]
[max_drop: 50]
[skip_drop: 0.5]
[xgboost_dart_mode: 0]
[uniform_drop: 0]
[drop_seed: 17869]
[top_rate: 0.2]
[other_rate: 0.1]
[min_data_per_group: 100]
[max_cat_threshold: 32]
[cat_l2: 10]
[cat_smooth: 10]
[max_cat_to_onehot: 4]
[top_k: 20]
[monotone_constraints: ]
[monotone_constraints_method: basic]
[monotone_penalty: 0]
[feature_contri: ]
[forcedsplits_filename: ]
[refit_decay_rate: 0.9]
[cegb_tradeoff: 1]
[cegb_penalty_split: 0]
[cegb_penalty_feature_lazy: ]
[cegb_penalty_feature_coupled: ]
[path_smooth: 0]
[interaction_constraints: ]
[verbosity: -1]
[saved_feature_importance_type: 0]
[use_quantized_grad: 0]
[num_grad_quant_bins: 4]
[quant_train_renew_leaf: 0]
[stochastic_rounding: 1]
[linear_tree: 0]
[max_bin: 255]
[max_bin_by_feature: ]
[min_data_in_bin: 3]
[bin_construct_sample_cnt: 200000]
[data_random_seed: 175]
[is_enable_sparse: 1]
[enable_bundle: 1]
[use_missing: 1]
[zero_as_missing: 0]
[feature_pre_filter: 1]
[pre_partition: 0]
[two_round: 0]
[header: 0]
[label_column: ]
[weight_column: ]
[group_column: ]
[ignore_column: ]
[categorical_feature: ]
[forcedbins_filename: ]
[precise_float_parser: 0]
[parser_config_file: ]
[objective_seed: 16083]
[num_class: 1]
[is_unbalance: 0]
[scale_pos_weight: 1]
[sigmoid: 1]
[boost_from_average: 1]
[reg_sqrt: 0]
[alpha: 0.9]
[fair_c: 1]
[poisson_max_delta_step: 0.7]
[tweedie_variance_power: 1.5]
[lambdarank_truncation_level: 30]
[lambdarank_norm: 1]
[label_gain: ]
[lambdarank_position_bias_regularization: 0]
[eval_at: ]
[multi_error_top_k: 1]
[auc_mu_weights: ]
[num_machines: 1]
[local_listen_port: 12400]
[time_out: 120]
[machine_list_filename: ]
[machines: ]
[gpu_platform_id: -1]
[gpu_device_id: -1]
[gpu_use_dp: 0]
[num_gpu: 1]

end of parameters

pandas_categorical:[]
