tree
version=v4
num_class=1
num_tree_per_iteration=1
label_index=0
max_feature_idx=13
objective=regression
feature_names=forecast_low forecast_high forecast_diurnal_range day_sin day_cos forecast_precip forecast_wind forecast_radiation forecast_evap lag_low_1d lag_low_2d roll_low_7d_mean roll_low_14d_mean roll_low_7d_std
feature_infos=[20.399999999999999:89.599999999999994] [46.100000000000001:117.8] [4.1999999999999957:38] [-0.99999942202469239:0.99998555065071859] [-0.99997919295908244:0.9999907524084426] [0:1.0489999999999999] [5.4000000000000004:37.799999999999997] [568:9292] [0.017000000000000001:0.59099999999999997] [-4.2999999999999972:14.9] [-4.2999999999999972:14.9] [-0.65714285714285836:8.1142857142857157] [0.085714285714284896:7.8071428571428578] [0.52190128605031605:5.3100085194084699]
tree_sizes=925 1135 1059 1054 1137 1028 1137 1148 1144 1144 1066 1148 1148 982 1065 1152 1151 1151 1066 1067 1146 1066 1147 1230 1150 1305 1071

Tree=0
num_leaves=10
num_cat=0
split_feature=4 2 6 2 4 12 2 12 11
split_gain=752.983 166.153 116.783 91.5696 74.3142 44.0577 41.7103 51.3875 6.86264
threshold=-0.20180761162458913 27.349999999999998 8.1500000000000004 25.600000000000009 0.84199059757024453 5.9035714285714302 21.650000000000009 3.7000000000000006 6.150000000000003
decision_type=2 2 2 2 2 2 2 2 2
left_child=1 5 3 -2 6 -1 -4 -8 -3
right_child=2 8 4 -5 -6 -7 7 -9 -10
leaf_value=4.1497519470637467 3.9448356185703322 4.3074046545176667 4.0830923533048757 4.1035675442159043 4.0200809539070672 4.2612846182055204 4.215894775698521 4.111244064290756 4.3805910239889378
leaf_weight=55 56 65 56 40 40 33 56 54 40
leaf_count=55 56 65 56 40 40 33 56 54 40
internal_value=4.15507 4.27515 4.07793 4.00755 4.11231 4.1936 4.13645 4.1647 4.3406
internal_weight=495 193 302 96 206 88 166 110 105
internal_count=495 193 302 96 206 88 166 110 105
is_linear=0
shrinkage=1


Tree=1
num_leaves=12
num_cat=0
split_feature=8 2 6 4 9 4 2 2 8 9 12
split_gain=607.175 169.996 124.585 51.3422 49.0843 31.0503 20.5479 53.1158 12.4234 10.9187 1.2929
threshold=0.26750000000000007 27.150000000000006 8.0500000000000025 -0.55656394595157355 2.3499999999999983 0.83258597624099873 25.250000000000007 20.650000000000009 0.33900000000000008 3.8499999999999983 5.8357142857142872
decision_type=2 2 2 2 2 2 2 2 2 2 2
left_child=2 3 4 -2 -1 6 7 -4 -3 -8 -10
right_child=1 8 5 -5 -6 -7 9 -9 10 -11 -12
leaf_value=-0.19906717737080773 0.071185035254410681 0.11993550659585793 -0.049413976806842501 -0.041816947459373123 -0.07451635550653847 -0.088454345838666834 -0.075118287350067578 0.074937866289286129 0.1498454592753822 -0.011615852958263988 0.22643061013110083
leaf_weight=47 61 46 40 38 41 44 34 39 38 33 33
leaf_count=47 61 46 40 38 41 44 34 39 38 33 33
internal_value=0.00689277 0.104864 -0.0695096 0.0278193 -0.145261 -0.0327674 -0.0145799 0.012406 0.1678 -0.0456532 0.192901
internal_weight=494 216 278 99 88 190 146 79 117 67 71
internal_count=494 216 278 99 88 190 146 79 117 67 71
is_linear=0
shrinkage=0.0784859


Tree=2
num_leaves=11
num_cat=0
split_feature=4 2 4 0 6 13 4 13 2 11
split_gain=663.132 122.587 110.208 66.6852 56.4157 62.0898 48.182 34.3426 9.79489 15.6154
threshold=-0.10837475778693634 23.600000000000005 0.8511460603353429 42.150000000000013 8.3500000000000032 1.7434228225239499 -0.55656394595157355 2.8065803984415552 29.699999999999999 6.150000000000003
decision_type=2 2 2 2 2 2 2 2 2 2
left_child=1 -1 4 -4 -2 -6 8 -7 9 -3
right_child=2 6 3 -5 5 7 -8 -9 -10 -11
leaf_value=-0.018522453024314874 -0.10324486086575368 0.082156497697650196 -0.08197221350825859 -0.22869771538275108 -0.094875866281221952 0.054468118165971843 0.067557002534949923 -0.034743065658655557 0.19876163365635394 0.16932253571491362
leaf_weight=37 58 34 51 34 38 63 51 42 51 37
leaf_count=37 58 34 51 34 38 63 51 42 51 37
internal_value=0.00481051 0.109901 -0.0726668 -0.146253 -0.0399106 -0.0126729 0.137242 0.0187756 0.164123 0.132441
internal_weight=496 210 286 85 201 143 173 105 122 71
internal_count=496 210 286 85 201 143 173 105 122 71
is_linear=0
shrinkage=0.0784859


Tree=3
num_leaves=11
num_cat=0
split_feature=7 11 9 2 9 0 7 3 13 9
split_gain=522.608 96.4012 70.2915 63.7251 46.6326 37.8588 49.4982 14.9063 11.303 3.18952
threshold=5480.5000000000009 5.4285714285714306 5.5999999999999988 26.250000000000004 2.9500000000000033 40.95000000000001 3948.5000000000005 0.95752911693909504 2.2271591824134247 6.8499999999999988
decision_type=2 2 2 2 2 2 2 2 2 2
left_child=2 4 5 -3 -2 -1 -7 8 -6 -5
right_child=1 3 -4 9 7 6 -8 -9 -10 -11
leaf_value=-0.049462386623469967 -0.037793234603277631 0.041771346172597458 0.0119476462293776 0.12865320262104904 0.093796273068621691 -0.18206337857773214 -0.079229154718001807 0.0094897306019331544 0.033026338398949327 0.2010780167278535
leaf_weight=50 42 39 33 37 55 65 64 33 35 34
leaf_count=50 42 39 33 37 55 65 64 33 35 34
internal_value=-0.000432215 0.0706415 -0.0923558 0.126685 0.0317317 -0.11149 -0.133905 0.0558205 0.0719521 0.169846
internal_weight=487 275 212 110 165 179 129 123 90 71
internal_count=487 275 212 110 165 179 129 123 90 71
is_linear=0
shrinkage=0.0784859


Tree=4
num_leaves=12
num_cat=0
split_feature=7 9 11 0 7 2 11 2 1 11 4
split_gain=519.759 136.034 51.7399 49.301 55.9688 49.2913 23.1913 22.4314 19.4778 14.6602 11.2997
threshold=6444.0000000000009 4.400000000000003 5.4285714285714306 40.95000000000001 3973.5000000000005 27.349999999999998 3.7428571428571433 26.150000000000006 78.950000000000017 1.7214285714285718 -0.40613878790836588
decision_type=2 2 2 2 2 2 2 2 2 2 2
left_child=1 3 7 -1 9 -4 -6 -2 -3 -5 -9
right_child=2 8 5 4 6 -7 -8 10 -10 -11 -12
leaf_value=-0.036944740086350868 -0.0041376228836184498 -0.027956859398897634 0.046426402081166503 -0.12065611333363797 -0.11744894883808575 0.16692454421619626 -0.034409619994373329 0.10204427395371615 0.04026750459361926 -0.21166796776588284 0.037107109141527483
leaf_weight=51 36 53 35 37 46 63 42 35 45 43 39
leaf_count=51 36 53 35 37 46 63 42 35 45 43 39
internal_value=-0.0102689 -0.0732851 0.0854438 -0.107303 -0.127662 0.126469 -0.0801933 0.0465769 0.00358949 -0.175252 0.0705291
internal_weight=525 317 208 219 168 98 88 110 98 80 74
internal_count=525 317 208 219 168 98 88 110 98 80 74
is_linear=0
shrinkage=0.0784859


Tree=5
num_leaves=11
num_cat=0
split_feature=7 6 12 3 8 2 6 10 2 3
split_gain=378.393 104.428 78.8936 45.1678 31.3044 30.3873 33.1288 22.5019 10.9581 10.2688
threshold=5448.0000000000009 13.15 5.9714285714285724 -0.67803021058859214 0.16100000000000003 27.500000000000007 11.15 2.9500000000000033 27.950000000000006 0.85226249403558707
decision_type=2 2 2 2 2 2 2 2 2 2
left_child=1 3 5 -1 -3 9 -7 -5 -4 -2
right_child=2 4 8 7 -6 6 -8 -9 -10 -11
leaf_value=-0.0325873505030643 -0.019441495662153599 0.041191757270887946 0.085856063130921506 -0.17126896141578893 -0.050511620339036938 0.014747875525653677 0.10666360832027445 -0.085675767437106171 0.16251829968098414 0.030453191662698543
leaf_weight=34 49 43 34 62 43 44 54 42 40 47
leaf_count=34 49 43 34 62 43 44 54 42 40 47
internal_value=0.00165 -0.073127 0.0642759 -0.114736 -0.00477016 0.0369325 0.0670238 -0.139964 0.13186 0.00512481
internal_weight=492 224 268 138 86 194 98 104 74 96
internal_count=492 224 268 138 86 194 98 104 74 96
is_linear=0
shrinkage=0.0784859


Tree=6
num_leaves=12
num_cat=0
split_feature=7 9 6 2 4 9 0 0 12 9 2
split_gain=323.999 90.8507 70.8345 63.4756 43.214 22.3755 16.8911 14.7932 11.6709 11.646 10.5954
threshold=4736.0000000000009 3.0999999999999983 9.3500000000000032 25.350000000000005 -0.54219087765047058 3.1500000000000026 63.750000000000007 44.650000000000013 3.9464285714285725 6.9500000000000037 29.750000000000007
decision_type=2 2 2 2 2 2 2 2 2 2 2
left_child=2 8 7 6 9 -4 -3 -1 -2 -5 -6
right_child=1 3 5 4 10 -7 -8 -9 -10 -11 -12
leaf_value=-0.093811643355936933 -0.0023314865182681725 0.04985393344909575 -0.073369187760724403 0.097165468339089012 0.073005731907362051 0.007202027387761223 -0.018617827046219702 -0.1694740289657459 -0.064604168888019467 0.17183824775570977 0.013868341778306283
leaf_weight=48 37 35 40 50 44 41 51 46 35 34 34
leaf_count=48 37 35 40 50 44 41 51 46 35 34 34
internal_value=-0.00427576 0.0426011 -0.0893182 0.0649787 0.0935056 -0.0336922 0.00991813 -0.134797 -0.0339661 0.132108 0.0486784
internal_weight=495 320 175 248 162 81 86 94 72 84 78
internal_count=495 320 175 248 162 81 86 94 72 84 78
is_linear=0
shrinkage=0.0784859


Tree=7
num_leaves=12
num_cat=0
split_feature=8 6 9 3 8 9 12 13 13 9 0
split_gain=364.988 69.3221 66.9572 66.8917 30.4297 26.3711 17.962 8.77908 6.01968 4.92201 4.78149
threshold=0.26750000000000007 7.5500000000000007 3.2500000000000004 0.88621069759564464 0.13150000000000003 7.4500000000000037 3.5750000000000006 2.4166579097158918 1.7225376512485917 4.5999999999999988 47.150000000000013
decision_type=2 2 2 2 2 2 2 2 2 2 2
left_child=1 -1 4 5 -3 8 -6 10 -2 -10 -4
right_child=3 2 7 -5 6 -7 -8 -9 9 -11 -12
leaf_value=-0.13169822503242345 0.052670088781311776 -0.13126890778885889 0.011167879262707467 -0.010130467976783417 -0.010571381034309312 0.16141518473284741 -0.086314066407984696 0.034890043388445813 0.12104966357901906 0.069153615477443406 -0.029483293220044643
leaf_weight=57 44 39 33 39 44 38 33 43 36 43 33
leaf_count=57 44 39 33 39 44 38 33 43 36 43 33
internal_value=0.00100238 -0.0562919 -0.0357559 0.0814586 -0.0765099 0.103456 -0.0450115 0.00843319 0.0822503 0.0962589 -0.00948729
internal_weight=482 282 225 200 116 161 77 109 123 79 66
internal_count=482 282 225 200 116 161 77 109 123 79 66
is_linear=0
shrinkage=0.0784859


Tree=8
num_leaves=12
num_cat=0
split_feature=9 2 4 0 9 0 6 8 11 8 4
split_gain=202.371 91.0065 63.6 39.9436 37.1433 36.5059 35.2801 26.8646 12.0654 28.6546 2.57359
threshold=3.8499999999999983 27.250000000000004 0.83258597624099873 42.150000000000013 1.4499999999999995 62.45000000000001 20.050000000000004 0.21350000000000002 5.3642857142857157 0.17400000000000002 -0.7614016681079937
decision_type=2 2 2 2 2 2 2 2 2 2 2
left_child=2 6 4 -4 -1 -3 8 -6 9 -2 -7
right_child=1 5 3 -5 7 10 -8 -9 -10 -11 -12
leaf_value=-0.084197983014999075 -0.01049172144111607 0.027655200266795046 -0.056223288279396259 -0.18225393117720379 -0.047939567140916413 0.13608668485771136 -0.06867374874188395 0.027451390018115196 -0.018438115743308101 0.082800384051582895 0.084461544228591839
leaf_weight=55 40 44 34 33 50 47 35 62 35 37 33
leaf_count=55 40 44 34 33 50 47 35 62 35 37 33
internal_value=-0.00703948 0.0389409 -0.0601321 -0.123283 -0.0331208 0.0876441 -0.00300935 -0.00653088 0.0186822 0.035656 0.118495
internal_weight=505 271 234 67 167 124 147 112 112 77 80
internal_count=505 271 234 67 167 124 147 112 112 77 80
is_linear=0
shrinkage=0.0784859


Tree=9
num_leaves=12
num_cat=0
split_feature=11 3 9 11 0 3 8 6 6 0 12
split_gain=221.776 76.2165 48.5818 41.5126 38.7426 35.1397 34.7814 23.9163 18.0092 12.5834 11.3081
threshold=3.850000000000001 -0.66528616069191593 3.9500000000000033 2.507142857142858 44.650000000000013 0.79383249484937135 0.14450000000000002 13.850000000000003 20.050000000000004 71.950000000000017 5.9714285714285724
decision_type=2 2 2 2 2 2 2 2 2 2 2
left_child=1 -1 3 4 -3 7 -5 9 10 -2 -9
right_child=5 2 -4 6 -6 -7 -8 8 -10 -11 -12
leaf_value=0.047268808248865389 0.063374445786039943 0.012518511567085602 0.0056853080076182654 -0.18767211357590735 -0.098185102074130559 0.0031137990485757966 -0.069689252035735047 0.079525905577374531 0.043015947930146861 0.0032762853768245658 0.14847624278953131
leaf_weight=41 52 36 42 34 38 57 36 46 35 36 39
leaf_count=41 52 36 42 34 38 57 36 46 35 36 39
internal_value=0.00952844 -0.0470781 -0.0682959 -0.0895877 -0.0458255 0.058016 -0.132176 0.0727973 0.0955404 0.0397077 0.115017
internal_weight=492 227 186 144 74 265 70 208 120 88 85
internal_count=492 227 186 144 74 265 70 208 120 88 85
is_linear=0
shrinkage=0.0784859


Tree=10
num_leaves=11
num_cat=0
split_feature=8 0 12 8 10 0 3 8 3 12
split_gain=187.207 68.1577 61.3001 42.8705 25.8724 21.1165 56.7695 22.0367 11.3534 6.38132
threshold=0.20350000000000004 43.550000000000004 6.325000000000002 0.15250000000000002 2.6500000000000026 56.400000000000006 0.69056404122701587 0.27650000000000008 -0.082689790342551792 3.7107142857142859
decision_type=2 2 2 2 2 2 2 2 2 2
left_child=1 4 5 -3 -1 9 7 -7 -9 -2
right_child=2 3 -4 -5 -6 6 -8 8 -10 -11
leaf_value=0.033793389084530751 0.072598777439091697 -0.15677119206422857 0.10888577156233008 -0.056850059567277643 -0.045960872453437183 -0.020729616029732903 -0.068064924730720358 0.070524267534084431 0.01219837677506538 0.023020109442676295
leaf_weight=39 38 50 51 64 60 37 49 56 34 33
leaf_count=39 38 50 51 64 60 37 49 56 34 33
internal_value=-0.00711171 -0.0628528 0.0329376 -0.103478 -0.0144406 0.0161717 0.001347 0.0290674 0.0495859 0.0513924
internal_weight=511 213 298 114 99 247 176 127 90 71
internal_count=511 213 298 114 99 247 176 127 90 71
is_linear=0
shrinkage=0.0784859


Tree=11
num_leaves=12
num_cat=0
split_feature=4 6 10 4 0 12 12 13 4 12 10
split_gain=155.37 66.7823 38.343 36.6523 56.5824 22.5561 24.0226 19.8686 17.78 13.3994 12.6847
threshold=-0.55656394595157355 9.4500000000000011 5.650000000000003 0.34033495509342487 43.45000000000001 3.0750000000000002 3.7107142857142859 2.3661803011437685 -0.95242240592625282 4.2821428571428584 6.2500000000000009
decision_type=2 2 2 2 2 2 2 2 2 2 2
left_child=7 3 5 -2 -5 -3 -7 8 -1 -8 -10
right_child=1 2 -4 4 -6 6 9 -9 10 -11 -12
leaf_value=0.0096731503257098689 0.0065073490839455449 -0.014609360774111971 -0.056527809417156551 -0.016556665853923718 -0.13551676357792328 0.096753103354428646 -0.011886732364619053 0.12511477118995126 0.035984143370746229 0.05054268832406298 0.10410434195642497
leaf_weight=37 34 63 45 43 58 33 42 35 34 38 43
leaf_count=37 34 63 45 43 58 33 42 35 34 38 43
internal_value=0.00747278 -0.0207244 0.005929 -0.0635985 -0.0867608 0.0225685 0.0431754 0.0739857 0.0555719 0.0184472 0.0764428
internal_weight=505 356 221 135 101 176 113 149 114 80 77
internal_count=505 356 221 135 101 176 113 149 114 80 77
is_linear=0
shrinkage=0.0784859


Tree=12
num_leaves=12
num_cat=0
split_feature=6 9 4 0 6 9 2 9 10 9 2
split_gain=194.078 101.597 78.0018 44.4808 24.5574 22.6045 13.0732 13.1094 7.00828 6.03304 5.15537
threshold=9.7500000000000018 5.4500000000000037 0.47369649395226454 45.750000000000007 18.750000000000004 2.5499999999999976 27.500000000000007 3.6500000000000026 5.4500000000000037 4.400000000000003 24.100000000000001
decision_type=2 2 2 2 2 2 2 2 2 2 2
left_child=2 5 -1 -4 8 10 7 -7 -3 -9 -2
right_child=1 4 3 -5 -6 6 -8 9 -10 -11 -12
leaf_value=0.0060542795782735524 -0.014417793358569931 0.13887675063053129 -0.060688017937059545 -0.16576625636645473 0.027862459566608662 0.03796582847207642 0.050262408531557903 -0.042353268397049323 0.08231427953165904 0.0034342011992969518 -0.059276056954677088
leaf_weight=54 33 35 62 46 36 34 44 33 60 34 33
leaf_count=54 33 35 62 46 36 34 44 33 60 34 33
internal_value=-0.000879573 0.0326032 -0.0709245 -0.108607 0.0860857 -0.00129419 0.0160041 6.94018e-05 0.106649 -0.0198797 -0.0384336
internal_weight=504 342 162 108 131 211 145 101 95 67 66
internal_count=504 342 162 108 131 211 145 101 95 67 66
is_linear=0
shrinkage=0.0784859


Tree=13
num_leaves=10
num_cat=0
split_feature=9 2 6 10 3 9 10 7 2
split_gain=149.604 67.1907 46.2543 40.5472 34.0473 30.5098 23.0581 16.3749 11.1
threshold=3.8499999999999983 27.500000000000007 9.3500000000000032 3.8499999999999983 -0.13398594226331254 6.2500000000000009 1.5999999999999981 7163.0000000000009 29.350000000000001
decision_type=2 2 2 2 2 2 2 2 2
left_child=1 3 -2 6 8 7 -1 -6 -4
right_child=2 -3 4 -5 5 -7 -8 -9 -10
leaf_value=-0.058934795048865979 -0.028905421652809366 0.021980287708493133 0.10344520147598919 -0.021023613178128713 -0.047923674080397279 0.065801819726836755 -0.13810604055593836 0.021947298715198297 0.04259417041098746
leaf_weight=49 54 58 66 58 33 58 56 46 34
leaf_count=49 54 58 66 58 33 58 56 46 34
internal_value=-0.00138992 -0.049727 0.0354346 -0.0752029 0.0502796 0.0240143 -0.103742 -0.00785221 0.0845553
internal_weight=512 221 291 163 237 137 105 79 100
internal_count=512 221 291 163 237 137 105 79 100
is_linear=0
shrinkage=0.0784859


Tree=14
num_leaves=11
num_cat=0
split_feature=8 2 9 0 13 9 9 4 2 4
split_gain=134.281 47.3036 31.3801 37.142 22.2348 22.0038 16.103 13.3596 11.9158 7.63848
threshold=0.26350000000000007 24.250000000000007 3.9500000000000033 43.050000000000004 1.7509818281202627 5.400000000000003 4.1500000000000012 0.56901594657981336 24.199999999999999 -0.8142754349318998
decision_type=2 2 2 2 2 2 2 2 2 2
left_child=2 -2 3 -1 -5 6 -3 -6 -4 -7
right_child=1 5 8 4 7 9 -8 -9 -10 -11
leaf_value=0.00769786108049271 -0.021785851790639594 0.067130223943429407 0.036588978038153412 -0.11600018401234501 -0.0073490104418963541 0.12135400608684839 -0.0017965839054431064 -0.067977154330800899 -0.015811876480124588 0.068572865438298089
leaf_weight=57 40 48 47 39 38 46 35 55 55 54
leaf_count=57 40 48 47 39 38 46 35 55 55 54
internal_value=0.00873606 0.0542037 -0.0262836 -0.0449973 -0.0674582 0.0709125 0.0389341 -0.0442028 0.00863994 0.095594
internal_weight=514 223 291 189 132 183 83 93 102 100
internal_count=514 223 291 189 132 183 83 93 102 100
is_linear=0
shrinkage=0.0784859


Tree=15
num_leaves=12
num_cat=0
split_feature=7 3 2 0 0 3 8 13 2 2 2
split_gain=111.181 46.5172 35.3929 29.2143 23.6639 19.0949 18.9355 19.4518 16.2246 12.5218 9.89866
threshold=4449.5000000000009 0.22700754078277599 24.350000000000001 46.050000000000004 48.45000000000001 1.0000000180025095e-35 0.26350000000000007 2.3147559415223928 30.250000000000007 27.950000000000006 27.650000000000009
decision_type=2 2 2 2 2 2 2 2 2 2 2
left_child=3 2 -2 5 -3 -1 -6 9 10 -8 -4
right_child=1 4 8 -5 6 -7 7 -9 -10 -11 -12
leaf_value=0.004213042665203939 -0.024690660099420364 0.030532516125117728 0.065764476433439301 -0.10724427151655709 -0.077756386097338509 -0.066632715870299133 -0.019302659588654531 -0.056615583377622299 0.10349598316253932 0.046470267555648329 0.014576798883119812
leaf_weight=42 34 57 51 57 33 49 33 34 41 33 45
leaf_count=42 34 57 51 57 33 49 33 34 41 33 45
internal_value=-0.00759517 0.0159299 0.0452865 -0.0642127 -0.0107532 -0.0347671 -0.0287444 -0.0108184 0.0628288 0.0140977 0.0429255
internal_weight=509 361 171 148 190 91 133 100 137 66 96
internal_count=509 361 171 148 190 91 133 100 137 66 96
is_linear=0
shrinkage=0.0784859


Tree=16
num_leaves=12
num_cat=0
split_feature=4 2 6 2 10 2 2 2 7 2 10
split_gain=129.668 70.6076 48.8894 38.565 35.2926 23.7609 20.9861 21.0076 15.1112 11.673 2.92825
threshold=0.020426410361618304 22.650000000000009 9.3500000000000032 30.150000000000009 2.1500000000000026 25.050000000000001 25.750000000000007 23.150000000000006 7672.0000000000009 20.000000000000007 6.2500000000000009
decision_type=2 2 2 2 2 2 2 2 2 2 2
left_child=1 -1 6 5 -4 -3 7 -2 -7 -6 -10
right_child=2 3 4 -5 9 8 -8 -9 10 -11 -12
leaf_value=-0.046596587764036121 -0.044035115831691868 0.087529219838463235 0.053578757056415065 0.10934862719842872 -0.061999444420572106 0.051635173429898852 -0.029836436384861269 -0.13247897268792697 -0.017661543650977652 -0.0052861422126669567 0.012743183030022698
leaf_weight=45 33 40 43 64 38 48 52 42 40 51 33
leaf_count=45 33 40 43 64 38 48 52 42 40 51 33
internal_value=0.00306065 0.040913 -0.0364016 0.0587969 -0.00267672 0.0371175 -0.0705933 -0.0966654 0.0187825 -0.0307195 -0.00390772
internal_weight=529 270 259 225 132 161 127 75 121 89 73
internal_count=529 270 259 225 132 161 127 75 121 89 73
is_linear=0
shrinkage=0.0784859


Tree=17
num_leaves=12
num_cat=0
split_feature=6 9 13 2 3 3 7 10 13 10 9
split_gain=109.116 60.1958 56.4787 49.4875 29.9711 17.1935 16.4149 15.8548 11.4704 24.2229 6.94264
threshold=9.3500000000000032 6.2500000000000009 2.3147559415223928 26.150000000000006 0.15951094710994368 -0.42180583328916638 8214.0000000000018 4.0999999999999988 2.2875437945585335 4.400000000000003 2.2500000000000004
decision_type=2 2 2 2 2 2 2 2 2 2 2
left_child=2 4 3 -1 7 -3 -7 -2 9 -6 -4
right_child=1 5 10 -5 8 6 -8 -9 -10 -11 -12
leaf_value=-0.069631847067896074 0.059353977083596549 0.020161663324511258 -0.13620540100709069 0.045187006872701233 -0.038186276047450556 0.12733975153660762 0.047444157613916772 0.0015144634411900673 -0.051864867259167474 0.043232932847004607 -0.073268865819767132
leaf_weight=45 52 34 35 42 55 35 37 63 55 34 36
leaf_count=45 52 34 35 42 55 35 37 63 55 34 36
internal_value=-0.00400191 0.0195912 -0.0579047 -0.0144893 -0.000968524 0.0685615 0.089721 0.0285063 -0.0246288 -0.0066647 -0.108427
internal_weight=523 365 158 87 259 106 72 115 144 89 71
internal_count=523 365 158 87 259 106 72 115 144 89 71
is_linear=0
shrinkage=0.0784859


Tree=18
num_leaves=11
num_cat=0
split_feature=7 3 10 0 9 11 2 8 3 8
split_gain=116.579 60.5358 61.0868 27.8386 21.2574 20.3099 18.9168 19.2788 12.7742 9.92337
threshold=6850.0000000000009 -0.65234524191686594 3.6500000000000026 42.300000000000004 4.0999999999999988 6.9142857142857146 30.150000000000009 0.35350000000000004 0.30983042691905766 0.13350000000000004
decision_type=2 2 2 2 2 2 2 2 2 2
left_child=1 2 -1 8 9 6 7 -2 -3 -5
right_child=5 3 -4 4 -6 -7 -8 -9 -10 -11
leaf_value=0.1032040136937365 0.053451975166004938 -0.043499313437466741 -0.022496440902872169 -0.12282001602554235 -0.021468266266451503 0.10360979420196417 0.071606033870638769 -0.013685281022995649 0.01881321589603651 -0.064515377466397378
leaf_weight=35 44 35 62 37 43 34 59 58 41 62
leaf_count=35 44 35 62 37 43 34 59 58 41 62
internal_value=0.00287737 -0.0265727 0.0244853 -0.0493302 -0.0695358 0.0501641 0.0372395 0.0159118 -0.0103765 -0.0891861
internal_weight=510 315 97 218 142 195 161 102 76 99
internal_count=510 315 97 218 142 195 161 102 76 99
is_linear=0
shrinkage=0.0784859


Tree=19
num_leaves=11
num_cat=0
split_feature=9 6 4 10 13 2 9 6 6 9
split_gain=87.8187 24.9734 17.6659 17.0146 25.608 27.5082 16.7734 15.1235 14.2768 9.00261
threshold=4.400000000000003 19.650000000000002 -0.013976481981245098 1.5999999999999981 2.1343001894687563 25.750000000000007 5.3499999999999988 9.3500000000000032 13.950000000000001 2.5499999999999976
decision_type=2 2 2 2 2 2 2 2 2 2
left_child=3 2 6 7 5 -5 -2 -1 -8 -6
right_child=1 -3 -4 4 9 -7 8 -9 -10 -11
leaf_value=-0.039730546891644382 0.0074261187768762298 -0.027783515773269676 0.0033016788129099973 -0.053742918500640245 -0.10688653733027821 0.02900677153088178 0.035162724630266345 0.031856408080077343 0.093888077477727941 -0.048521092006623516
leaf_weight=33 39 40 64 61 43 38 53 34 59 39
leaf_count=33 39 40 64 61 43 38 53 34 59 39
internal_value=-0.00456803 0.0276149 0.0381681 -0.037611 -0.0499533 -0.0220229 0.0525857 -0.00353529 0.0677016 -0.0817478
internal_weight=503 255 215 248 181 99 151 67 112 82
internal_count=503 255 215 248 181 99 151 67 112 82
is_linear=0
shrinkage=0.0784859


Tree=20
num_leaves=12
num_cat=0
split_feature=7 2 6 9 1 8 4 1 7 7 6
split_gain=69.8793 30.8171 35.9422 28.5301 23.5148 21.8448 21.2484 19.5079 18.1314 13.7483 8.11053
threshold=5448.0000000000009 27.250000000000004 9.3500000000000032 2.4500000000000033 80.050000000000011 0.12050000000000001 -0.23537842981696172 61.150000000000013 8614.5000000000018 7238.5000000000009 16.250000000000004
decision_type=2 2 2 2 2 2 2 2 2 2 2
left_child=1 2 5 -2 -5 -1 8 -4 9 -6 -11
right_child=3 -3 7 4 6 -7 -8 -9 -10 10 -12
leaf_value=-0.040659474125625907 -0.030578986093527622 0.032851699514523533 -0.053215164072803287 0.094505988459058748 0.014906929285415383 -0.11834924621725762 -0.028525741425011398 0.01987935620033297 0.0038024334930070801 0.044399877194526649 0.10567892192605202
leaf_weight=53 43 35 34 35 33 43 34 55 61 33 33
leaf_count=53 43 35 34 35 33 43 34 55 61 33 33
internal_value=4.26256e-05 -0.0326095 -0.0453256 0.0265301 0.0375147 -0.0779183 0.0259874 -0.00879524 0.0378918 0.0581627 0.0782169
internal_weight=492 220 185 272 229 96 194 89 160 99 66
internal_count=492 220 185 272 229 96 194 89 160 99 66
is_linear=0
shrinkage=0.0784859


Tree=21
num_leaves=11
num_cat=0
split_feature=7 9 2 2 10 10 0 9 7 13
split_gain=85.1299 28.7089 40.3653 22.9816 21.9874 19.2356 40.6118 23.3603 18.3355 13.499
threshold=6246.5000000000009 3.8499999999999983 20.750000000000007 31.050000000000001 3.4000000000000026 6.650000000000003 56.400000000000006 5.650000000000003 3749.5000000000005 2.1123214488414188
decision_type=2 2 2 2 2 2 2 2 2 2
left_child=1 2 -1 5 -3 6 -2 -8 -4 -10
right_child=3 4 8 -5 -6 -7 7 -9 9 -11
leaf_value=0.0093290556397625894 0.074147784441963557 0.042489818915791705 -0.1080213061373341 0.084780698715825012 -0.028352912693295696 0.055127361947074988 0.0091409457904777832 -0.068746285311483954 -0.081012296583283266 -0.0158633854633826
leaf_weight=52 33 45 51 41 59 64 55 38 34 46
leaf_count=52 33 45 51 41 59 64 55 38 34 46
internal_value=-0.00191548 -0.0303342 -0.0488124 0.0333163 0.00258449 0.0210965 0.00294088 -0.0237515 -0.0716235 -0.0454407
internal_weight=518 287 183 231 104 190 126 93 131 80
internal_count=518 287 183 231 104 190 126 93 131 80
is_linear=0
shrinkage=0.0784859


Tree=22
num_leaves=12
num_cat=0
split_feature=6 6 13 7 4 8 9 9 13 9 10
split_gain=50.6442 29.9111 26.2608 37.2525 24.7075 31.9521 14.2999 13.4443 34.1253 19.056 3.37658
threshold=9.7500000000000018 23.650000000000002 1.6726789617266649 6468.0000000000009 0.23328369003117272 0.11599999999999996 7.4500000000000037 4.0999999999999988 2.1014711794862637 1.7500000000000002 3.1500000000000026
decision_type=2 2 2 2 2 2 2 2 2 2 2
left_child=4 2 3 -2 -1 -6 7 9 -9 -4 -7
right_child=1 -3 6 -5 5 10 -8 8 -10 -11 -12
leaf_value=0.021181684570173116 -0.068250288904620912 -0.043830712046701123 0.0074825491601150677 0.031159133569788514 0.0064875551522644457 -0.091763747637554016 0.08849669631406154 0.072891387343654718 -0.023999186817377834 0.081433909241913738 -0.049787133800024204
leaf_weight=42 33 35 34 63 44 45 37 33 57 59 35
leaf_count=42 33 35 34 63 44 45 37 33 57 59 35
internal_value=0.0056642 0.0225173 0.0302054 -0.00396549 -0.0297269 -0.0470874 0.0449914 0.034946 0.0126431 0.0554681 -0.0758013
internal_weight=517 351 316 96 166 124 220 183 90 93 80
internal_count=517 351 316 96 166 124 220 183 90 93 80
is_linear=0
shrinkage=0.0784859


Tree=23
num_leaves=13
num_cat=0
split_feature=12 1 9 6 1 2 12 2 9 13 7 7
split_gain=32.8736 28.9461 30.7156 25.9178 20.7498 16.5011 14.1578 13.1733 13.3113 13.0635 7.4459 3.3764
threshold=4.8678571428571447 70.450000000000017 2.6500000000000026 12.350000000000003 61.150000000000013 24.199999999999999 3.6892857142857145 24.550000000000001 5.4500000000000037 2.2875437945585335 5050.0000000000009 8559.5000000000018
decision_type=2 2 2 2 2 2 2 2 2 2 2 2
left_child=1 3 10 5 -5 -1 -4 -2 -9 -8 -3 -10
right_child=7 2 6 4 -6 -7 9 8 11 -11 -12 -13
leaf_value=-0.057042301784547132 -0.017265861055200126 -0.1051954139960829 0.024818262179778446 -0.0072344708001792777 0.07102885635569392 0.012875818004433931 -0.0048112647120353213 0.0051907005914433616 0.072630308477806729 -0.064485278322860953 -0.046287773277147198 0.033674273984865138
leaf_weight=42 35 35 37 36 45 37 52 53 40 38 33 34
leaf_count=42 35 35 37 36 45 37 52 53 40 38 33 34
internal_value=-0.00478926 -0.0181301 -0.0382121 0.00656492 0.0371449 -0.0249485 -0.0147067 0.0242303 0.0358226 -0.031259 -0.0796891 0.0567027
internal_weight=517 355 195 160 81 79 127 162 127 90 68 74
internal_count=517 355 195 160 81 79 127 162 127 90 68 74
is_linear=0
shrinkage=0.0784859


Tree=24
num_leaves=12
num_cat=0
split_feature=12 6 6 13 13 6 9 10 8 7 9
split_gain=52.0345 22.5225 21.8227 38.9147 33.6209 24.8936 15.9018 13.7921 12.3739 8.57248 5.08516
threshold=6.0857142857142863 16.050000000000004 9.7500000000000018 1.6726789617266649 1.5357638370839271 21.250000000000004 6.2500000000000009 2.8499999999999983 0.12050000000000001 6560.5000000000009 4.049999999999998
decision_type=2 2 2 2 2 2 2 2 2 2 2
left_child=2 -2 3 -1 -4 6 7 -6 -5 -9 -10
right_child=1 -3 4 8 5 -7 -8 9 10 -11 -12
leaf_value=0.033273713799154288 0.010486932398413251 0.094811022589054411 -0.052574665934668093 -0.017841795181919796 -0.01836842493086312 -0.042185369141507688 0.071997850856689638 0.054370868546144258 -0.094120381100476991 0.0049829073553766699 -0.047420962228138165
leaf_weight=33 40 37 61 33 52 39 33 45 48 41 36
leaf_count=33 40 37 61 33 52 39 33 45 48 41 36
internal_value=-0.00513622 0.053001 -0.0160646 -0.0397793 -0.00264608 0.0123533 0.0253032 0.012873 -0.060717 0.0317865 -0.0763743
internal_weight=498 77 421 150 271 210 171 138 117 86 84
internal_count=498 77 421 150 271 210 171 138 117 86 84
is_linear=0
shrinkage=0.0784859


Tree=25
num_leaves=14
num_cat=0
split_feature=12 0 13 4 12 12 9 13 13 0 11 10 6
split_gain=60.9377 27.3951 39.5686 29.0849 24.1846 37.3041 23.7236 20.4686 12.2292 7.55196 7.23001 5.75601 4.05024
threshold=6.0857142857142863 76.950000000000003 2.611010524883103 0.86004965528756494 3.6892857142857145 4.5392857142857164 2.5499999999999976 1.8444891578898115 1.959408845354629 58.850000000000001 2.0571428571428569 3.5499999999999976 14.15
decision_type=2 2 2 2 2 2 2 2 2 2 2 2 2
left_child=1 2 3 4 7 9 -4 -1 -2 -6 -5 -8 -7
right_child=8 -3 6 10 5 12 11 -9 -10 -11 -12 -13 -14
leaf_value=0.0083268623775093475 0.029027499634712028 -0.079132690273680167 -0.077924776010328822 -0.0092668009052085387 -0.011501813651478218 0.02033446728636722 0.012187910177142455 0.086833833799825358 0.092244031060763385 -0.06294845924904964 -0.061279225675476265 -0.032420661125790486 0.061400302465790133
leaf_weight=36 46 34 62 33 37 33 33 47 35 34 33 33 33
leaf_count=36 46 34 62 33 37 33 33 47 35 34 33 33 33
internal_value=-0.00283335 -0.014252 -0.00840724 0.00786622 0.0215815 0.00106355 -0.044171 0.0542399 0.0586067 -0.0376744 -0.0367941 -0.0104859 0.0426215
internal_weight=529 448 414 286 220 137 128 83 81 71 66 66 66
internal_count=529 448 414 286 220 137 128 83 81 71 66 66 66
is_linear=0
shrinkage=0.0784859


Tree=26
num_leaves=11
num_cat=0
split_feature=9 6 3 13 13 4 0 2 2 12
split_gain=45.6685 22.4128 28.9089 19.6389 18.5804 15.3526 12.9065 27.7546 10.0815 3.03708
threshold=3.0999999999999983 9.5500000000000025 -0.67803021058859214 2.4462301471094832 1.9547256194730847 -0.013976481981245098 65.000000000000014 27.950000000000006 24.199999999999999 2.9250000000000003
decision_type=2 2 2 2 2 2 2 2 2 2
left_child=3 -2 -3 4 8 6 -4 -8 -1 -5
right_child=1 2 5 9 -6 -7 7 -9 -10 -11
leaf_value=-0.056951373456945314 -0.019146242400517256 0.078219021471869946 0.061822779456254744 -0.076867997932591248 0.032400898077758422 -0.017412244793449102 -0.02882432164128464 0.052854018634112952 0.00031475461736294683 -0.038199654264064062
leaf_weight=38 65 60 49 33 44 56 48 49 35 38
leaf_count=38 65 60 49 33 44 56 48 49 35 38
internal_value=0.00377017 0.0214369 0.031617 -0.0268003 -0.00658951 0.016856 0.0301062 0.0127331 -0.0304742 -0.0585078
internal_weight=515 327 262 188 117 202 146 97 73 71
internal_count=515 327 262 188 117 202 146 97 73 71
is_linear=0
shrinkage=0.0784859


end of trees

feature_importances:
forecast_diurnal_range=42
lag_low_1d=42
forecast_wind=29
day_cos=23
forecast_low=22
roll_low_7d_std=22
forecast_radiation=20
roll_low_14d_mean=19
forecast_evap=18
lag_low_2d=18
day_sin=16
roll_low_7d_mean=11
forecast_high=5

parameters:
[boosting: gbdt]
[objective: regression]
[metric: l2]
[tree_learner: serial]
[device_type: cpu]
[data_sample_strategy: bagging]
[data: ]
[valid: ]
[num_iterations: 27]
[learning_rate: 0.0784859]
[num_leaves: 45]
[num_threads: 2]
[seed: 42]
[deterministic: 0]
[force_col_wise: 0]
[force_row_wise: 0]
[histogram_pool_size: -1]
[max_depth: -1]
[min_data_in_leaf: 33]
[min_sum_hessian_in_leaf: 0.001]
[bagging_fraction: 0.63654]
[pos_bagging_fraction: 1]
[neg_bagging_fraction: 1]
[bagging_freq: 1]
[bagging_seed: 400]
[bagging_by_query: 0]
[feature_fraction: 0.799471]
[feature_fraction_bynode: 1]
[feature_fraction_seed: 30056]
[extra_trees: 0]
[extra_seed: 12879]
[early_stopping_round: 0]
[early_stopping_min_delta: 0]
[first_metric_only: 0]
[max_delta_step: 0]
[lambda_l1: 0.0455132]
[lambda_l2: 2.86862]
[linear_lambda: 0]
[min_gain_to_split: 0]
[drop_rate: 0.1]
[max_drop: 50]
[skip_drop: 0.5]
[xgboost_dart_mode: 0]
[uniform_drop: 0]
[drop_seed: 17869]
[top_rate: 0.2]
[other_rate: 0.1]
[min_data_per_group: 100]
[max_cat_threshold: 32]
[cat_l2: 10]
[cat_smooth: 10]
[max_cat_to_onehot: 4]
[top_k: 20]
[monotone_constraints: ]
[monotone_constraints_method: basic]
[monotone_penalty: 0]
[feature_contri: ]
[forcedsplits_filename: ]
[refit_decay_rate: 0.9]
[cegb_tradeoff: 1]
[cegb_penalty_split: 0]
[cegb_penalty_feature_lazy: ]
[cegb_penalty_feature_coupled: ]
[path_smooth: 0]
[interaction_constraints: ]
[verbosity: -1]
[saved_feature_importance_type: 0]
[use_quantized_grad: 0]
[num_grad_quant_bins: 4]
[quant_train_renew_leaf: 0]
[stochastic_rounding: 1]
[linear_tree: 0]
[max_bin: 255]
[max_bin_by_feature: ]
[min_data_in_bin: 3]
[bin_construct_sample_cnt: 200000]
[data_random_seed: 175]
[is_enable_sparse: 1]
[enable_bundle: 1]
[use_missing: 1]
[zero_as_missing: 0]
[feature_pre_filter: 1]
[pre_partition: 0]
[two_round: 0]
[header: 0]
[label_column: ]
[weight_column: ]
[group_column: ]
[ignore_column: ]
[categorical_feature: ]
[forcedbins_filename: ]
[precise_float_parser: 0]
[parser_config_file: ]
[objective_seed: 16083]
[num_class: 1]
[is_unbalance: 0]
[scale_pos_weight: 1]
[sigmoid: 1]
[boost_from_average: 1]
[reg_sqrt: 0]
[alpha: 0.9]
[fair_c: 1]
[poisson_max_delta_step: 0.7]
[tweedie_variance_power: 1.5]
[lambdarank_truncation_level: 30]
[lambdarank_norm: 1]
[label_gain: ]
[lambdarank_position_bias_regularization: 0]
[eval_at: ]
[multi_error_top_k: 1]
[auc_mu_weights: ]
[num_machines: 1]
[local_listen_port: 12400]
[time_out: 120]
[machine_list_filename: ]
[machines: ]
[gpu_platform_id: -1]
[gpu_device_id: -1]
[gpu_use_dp: 0]
[num_gpu: 1]

end of parameters

pandas_categorical:[]
